,date,open,close,high,low,volumme,Unnamed: 0.2,Unnamed: 0.1,Unnamed: 0
0,2014-07-21 00:00:00,41.31,41.05,41.31,41.05,0,,,
1,2014-07-22 00:00:00,41.23,41.56,41.62,41.23,11780,,,
2,2014-07-23 00:00:00,41.56,41.68,41.84,41.56,318,,,
3,2014-07-24 00:00:00,41.67,42.04,42.04,41.47,5000,,,
4,2014-07-25 00:00:00,41.9,41.53,41.96,41.52,14570,,,
5,2014-07-28 00:00:00,41.66,41.45,41.66,41.18,13507,,,
6,2014-07-29 00:00:00,41.59,41.63,41.73,41.59,189,,,
7,2014-07-30 00:00:00,41.56,41.42,41.56,41.42,128,,,
8,2014-07-31 00:00:00,41.39,40.7,41.39,40.6,69489,,,
9,2014-08-01 00:00:00,40.67,40.14,40.67,39.99,20687,,,
10,2014-08-04 00:00:00,40.2,40.0,40.2,40.0,11719,,,
11,2014-08-05 00:00:00,40.15,40.02,40.26,40.02,3965,,,
12,2014-08-06 00:00:00,39.7,39.73,39.73,39.47,13765,,,
13,2014-08-07 00:00:00,39.57,39.25,39.65,39.25,12932,,,
14,2014-08-08 00:00:00,38.92,39.19,39.29,38.92,115331,,,
15,2014-08-11 00:00:00,39.5,39.7,39.77,39.5,32938,,,
16,2014-08-12 00:00:00,39.62,39.46,39.62,39.46,11102,,,
17,2014-08-13 00:00:00,39.65,39.85,39.85,39.61,768,,,
18,2014-08-14 00:00:00,39.65,39.88,39.88,39.65,0,,,
19,2014-08-15 00:00:00,39.96,39.57,39.96,39.57,0,,,
20,2014-08-18 00:00:00,40.09,40.07,40.1,40.0,7006,,,
21,2014-08-19 00:00:00,40.24,40.36,40.41,40.24,10772,,,
22,2014-08-20 00:00:00,40.35,40.33,40.35,40.27,1900,,,
23,2014-08-21 00:00:00,40.32,40.77,40.77,40.32,9920,,,
24,2014-08-22 00:00:00,40.74,40.52,40.74,40.52,0,,,
25,2014-08-25 00:00:00,41.01,41.25,41.25,40.9,17379,,,
26,2014-08-26 00:00:00,41.16,41.62,41.62,41.16,14848,,,
27,2014-08-27 00:00:00,41.56,41.65,41.65,41.56,8099,,,
28,2014-08-28 00:00:00,41.57,41.3,41.57,41.25,1404,,,
29,2014-08-29 00:00:00,41.38,41.35,41.43,41.23,20388,,,
30,2014-09-01 00:00:00,41.44,41.35,41.44,41.28,18338,,,
31,2014-09-02 00:00:00,41.46,41.39,41.61,41.39,1050,,,
32,2014-09-03 00:00:00,41.53,41.84,41.88,41.53,18989,,,
33,2014-09-04 00:00:00,41.77,42.52,42.52,41.77,15000,,,
34,2014-09-05 00:00:00,42.52,42.51,42.52,42.47,640,,,
35,2014-09-08 00:00:00,42.49,42.45,42.49,42.33,2400,,,
36,2014-09-09 00:00:00,42.4,42.19,42.4,42.19,0,,,
37,2014-09-10 00:00:00,42.08,42.14,42.14,41.91,14636,,,
38,2014-09-11 00:00:00,42.23,42.05,42.23,42.05,0,,,
39,2014-09-12 00:00:00,42.1,42.01,42.1,42.01,0,,,
40,2014-09-15 00:00:00,41.85,41.93,41.93,41.85,0,,,
41,2014-09-16 00:00:00,41.83,41.77,41.83,41.77,0,,,
42,2014-09-17 00:00:00,41.94,41.98,41.98,41.92,50,,,
43,2014-09-18 00:00:00,42.09,42.37,42.37,42.09,44,,,
44,2014-09-19 00:00:00,42.66,42.4,42.67,42.35,105464,,,
45,2014-09-22 00:00:00,42.21,42.17,42.21,42.17,0,,,
46,2014-09-23 00:00:00,42.02,41.55,42.02,41.54,3791,,,
47,2014-09-24 00:00:00,41.59,41.89,41.95,41.49,1538,,,
48,2014-09-25 00:00:00,41.91,41.41,42.08,41.41,557,,,
49,2014-09-26 00:00:00,41.35,41.62,41.62,41.35,10388,,,
50,2014-09-29 00:00:00,41.67,41.29,41.67,41.11,5936,,,
51,2014-09-30 00:00:00,41.45,41.68,41.68,41.45,0,,,
52,2014-10-01 00:00:00,41.6,41.3,41.69,41.3,25,,,
53,2014-10-02 00:00:00,41.17,40.24,41.26,40.24,10776,,,
54,2014-10-03 00:00:00,40.53,40.64,40.64,40.52,7002,,,
55,2014-10-06 00:00:00,40.92,40.67,40.92,40.67,15000,,,
56,2014-10-07 00:00:00,40.43,40.01,40.43,40.01,5468,,,
57,2014-10-08 00:00:00,39.82,39.63,39.82,39.63,529,,,
58,2014-10-09 00:00:00,40.03,39.48,40.04,39.48,550,,,
59,2014-10-10 00:00:00,39.21,38.83,39.21,38.78,16076,,,
60,2014-10-13 00:00:00,38.53,38.86,39.04,38.51,22438,,,
61,2014-10-14 00:00:00,38.67,38.92,38.92,38.29,6768,,,
62,2014-10-15 00:00:00,38.88,37.61,38.88,37.61,8750,,,
63,2014-10-16 00:00:00,37.91,37.4,37.91,36.4,34492,,,
64,2014-10-17 00:00:00,37.55,38.54,38.54,37.55,7311,,,
65,2014-10-20 00:00:00,38.35,38.18,38.35,38.14,1150,,,
66,2014-10-21 00:00:00,38.1,39.04,39.04,38.1,3307,,,
67,2014-10-22 00:00:00,39.14,39.29,39.29,39.14,10257,,,
68,2014-10-23 00:00:00,38.98,39.68,39.69,38.98,4983,,,
69,2014-10-24 00:00:00,39.42,39.54,39.61,39.42,32653,,,
70,2014-10-27 00:00:00,39.98,39.15,39.98,39.15,6896,,,
71,2014-10-28 00:00:00,39.42,39.68,39.68,39.42,0,,,
72,2014-10-29 00:00:00,39.87,39.57,39.87,39.57,59000,,,
73,2014-10-30 00:00:00,39.87,39.78,39.87,39.78,218,,,
74,2014-10-31 00:00:00,40.27,40.57,40.57,40.27,19879,,,
75,2014-11-03 00:00:00,40.57,40.29,40.57,40.29,5110,,,
76,2014-11-04 00:00:00,40.23,39.75,40.5,39.75,12921,,,
77,2014-11-05 00:00:00,40.1,40.41,40.41,40.1,24459,,,
78,2014-11-06 00:00:00,40.28,40.55,40.56,40.24,20802,,,
79,2014-11-07 00:00:00,40.69,40.18,40.69,39.99,6536,,,
80,2014-11-10 00:00:00,40.03,40.52,40.52,40.03,1104,,,
81,2014-11-11 00:00:00,40.64,40.68,40.72,40.64,3049,,,
82,2014-11-12 00:00:00,40.56,40.04,40.56,40.04,0,,,
83,2014-11-13 00:00:00,40.25,40.14,40.29,40.14,1566,,,
84,2014-11-14 00:00:00,40.3,40.24,40.3,40.15,306,,,
85,2014-11-17 00:00:00,39.88,40.5,40.5,39.88,186,,,
86,2014-11-18 00:00:00,40.56,40.95,40.95,40.56,24838,,,
87,2014-11-19 00:00:00,40.92,40.94,41.1,40.92,6268,,,
88,2014-11-20 00:00:00,40.88,40.73,40.99,40.73,5530,,,
89,2014-11-21 00:00:00,40.9,41.83,41.9,40.9,2130,,,
90,2014-11-24 00:00:00,41.86,42.07,42.26,41.86,18000,,,
91,2014-11-25 00:00:00,42.11,42.28,42.28,42.11,0,,,
92,2014-11-26 00:00:00,42.4,42.27,42.4,42.21,3617,,,
93,2014-11-27 00:00:00,42.31,42.52,42.52,42.31,346,,,
94,2014-11-28 00:00:00,42.53,42.59,42.6,42.34,17597,,,
95,2014-12-01 00:00:00,42.36,42.38,42.43,42.23,270705,,,
96,2014-12-02 00:00:00,42.49,42.48,42.57,42.4,1979,,,
97,2014-12-03 00:00:00,42.55,42.64,42.64,42.47,873,,,
98,2014-12-04 00:00:00,42.76,42.03,42.84,42.03,52679,,,
99,2014-12-05 00:00:00,42.44,42.99,42.99,42.44,305,,,
100,2014-12-08 00:00:00,42.76,42.69,42.93,42.69,10288,,,
101,2014-12-09 00:00:00,42.24,41.64,42.33,41.64,52799,,,
102,2014-12-10 00:00:00,41.72,41.29,41.77,41.17,30931,,,
103,2014-12-11 00:00:00,41.29,41.35,41.4,41.22,23007,,,
104,2014-12-12 00:00:00,41.04,40.27,41.04,40.27,30424,,,
105,2014-12-15 00:00:00,40.17,39.26,40.49,39.26,29213,,,
106,2014-12-16 00:00:00,39.44,40.11,40.11,39.01,1685,,,
107,2014-12-17 00:00:00,39.58,40.01,40.2,39.58,22512,,,
108,2014-12-18 00:00:00,40.6,41.3,41.3,40.6,19749,,,
109,2014-12-19 00:00:00,41.58,41.24,41.58,40.94,12835,,,
110,2014-12-22 00:00:00,41.45,41.48,41.55,41.31,7161,,,
111,2014-12-23 00:00:00,41.92,41.92,41.92,41.92,0,,,
112,2014-12-29 00:00:00,41.89,41.81,41.89,41.42,5118,,,
113,2014-12-30 00:00:00,41.25,41.25,41.25,41.25,0,,,
114,2015-01-02 00:00:00,41.68,41.35,41.68,41.35,94,,,
115,2015-01-05 00:00:00,41.07,40.07,41.15,40.07,12790,,,
116,2015-01-06 00:00:00,40.16,39.86,40.43,39.86,600,,,
117,2015-01-07 00:00:00,40.05,40.06,40.13,40.05,215,,,
118,2015-01-08 00:00:00,40.58,41.29,41.29,40.58,1058,,,
119,2015-01-09 00:00:00,41.08,40.45,41.31,40.45,950,,,
120,2015-01-12 00:00:00,40.66,40.86,40.97,40.42,25438,,,
121,2015-01-13 00:00:00,40.77,41.49,41.49,40.77,949,,,
122,2015-01-14 00:00:00,40.98,40.99,41.25,40.88,16320,,,
123,2015-01-15 00:00:00,41.46,41.81,41.91,41.46,342168,,,
124,2015-01-16 00:00:00,41.77,42.33,42.33,41.62,14895,,,
125,2015-01-19 00:00:00,42.42,42.65,42.73,42.25,6370,,,
126,2015-01-20 00:00:00,42.8,42.93,43.0,42.8,61888,,,
127,2015-01-21 00:00:00,43.06,42.71,43.15,42.66,126738,,,
128,2015-01-22 00:00:00,43.26,43.9,43.92,43.23,47179,,,
129,2015-01-23 00:00:00,44.3,44.65,44.73,44.3,12212,,,
130,2015-01-26 00:00:00,44.51,45.11,45.11,44.49,2024,,,
131,2015-01-27 00:00:00,45.14,44.59,45.14,44.44,200877,,,
132,2015-01-28 00:00:00,44.97,44.53,44.97,44.45,50595,,,
133,2015-01-29 00:00:00,44.35,44.69,44.7,44.32,4792,,,
134,2015-01-30 00:00:00,44.93,44.48,44.93,44.4,1292,,,
135,2015-02-02 00:00:00,44.54,44.65,44.65,44.28,19433,,,
136,2015-02-03 00:00:00,44.88,45.08,45.2,44.88,80921,,,
137,2015-02-04 00:00:00,45.21,45.23,45.24,44.85,12154,,,
138,2015-02-05 00:00:00,44.9,45.25,45.25,44.9,9316,,,
139,2015-02-06 00:00:00,45.1,45.12,45.12,45.0,1100,,,
140,2015-02-09 00:00:00,44.59,44.5,44.59,44.36,10258,,,
141,2015-02-10 00:00:00,44.56,45.03,45.03,44.5,6925,,,
142,2015-02-11 00:00:00,44.97,44.89,44.97,44.88,2459,,,
143,2015-02-12 00:00:00,44.94,45.5,45.52,44.94,1198,,,
144,2015-02-13 00:00:00,45.71,45.8,45.87,45.7,1345,,,
145,2015-02-16 00:00:00,45.76,45.67,45.83,45.67,363,,,
146,2015-02-17 00:00:00,45.47,45.68,45.68,45.17,12670,,,
147,2015-02-18 00:00:00,45.82,46.09,46.09,45.82,121638,,,
148,2015-02-19 00:00:00,45.96,46.38,46.38,45.94,16775,,,
149,2015-02-20 00:00:00,46.2,46.42,46.49,46.05,28740,,,
150,2015-02-23 00:00:00,46.9,46.83,46.9,46.66,1570,,,
151,2015-02-24 00:00:00,46.91,47.12,47.2,46.75,2511,,,
152,2015-02-25 00:00:00,47.13,47.02,47.13,46.98,15404,,,
153,2015-02-26 00:00:00,47.11,47.45,47.45,47.07,6854,,,
154,2015-02-27 00:00:00,47.52,47.71,47.72,47.33,37334,,,
155,2015-03-02 00:00:00,47.77,47.69,47.78,47.61,433,,,
156,2015-03-03 00:00:00,47.77,47.14,47.85,47.14,3894,,,
157,2015-03-04 00:00:00,47.31,47.47,47.47,47.01,54464,,,
158,2015-03-05 00:00:00,47.64,47.99,47.99,47.64,35,,,
159,2015-03-06 00:00:00,48.06,48.08,48.19,48.03,4183,,,
160,2015-03-09 00:00:00,47.83,47.97,48.02,47.83,5280,,,
161,2015-03-10 00:00:00,47.98,47.51,47.98,47.38,25885,,,
162,2015-03-11 00:00:00,47.7,48.56,48.56,47.65,9239,,,
163,2015-03-12 00:00:00,48.57,48.52,48.61,48.52,12881,,,
164,2015-03-13 00:00:00,48.7,48.73,48.73,48.43,4368,,,
165,2015-03-16 00:00:00,48.87,49.37,49.47,48.87,2490,,,
166,2015-03-17 00:00:00,49.4,48.86,49.41,48.76,3826,,,
167,2015-03-18 00:00:00,48.99,48.76,48.99,48.4,21424,,,
168,2015-03-19 00:00:00,48.9,48.91,49.05,48.86,302,,,
169,2015-03-20 00:00:00,49.02,49.5,49.5,48.97,1984,,,
170,2015-03-23 00:00:00,49.14,49.16,49.16,49.01,60473,,,
171,2015-03-24 00:00:00,48.95,49.59,49.6,48.95,13682,,,
172,2015-03-25 00:00:00,49.46,48.99,49.53,48.97,32177,,,
173,2015-03-26 00:00:00,48.53,48.75,48.75,48.1,3547,,,
174,2015-03-27 00:00:00,48.96,48.88,48.96,48.83,7641,,,
175,2015-03-30 00:00:00,49.17,49.56,49.6,49.17,1638,,,
176,2015-03-31 00:00:00,49.47,49.17,49.69,49.11,10683,,,
177,2015-04-01 00:00:00,48.88,49.3,49.73,48.88,35119,,,
178,2015-04-02 00:00:00,49.37,49.4,49.42,49.28,2313,,,
179,2015-04-07 00:00:00,49.67,50.1,50.2,49.67,15518,,,
180,2015-04-08 00:00:00,50.15,49.89,50.2,49.85,7151,,,
181,2015-04-09 00:00:00,50.09,50.44,50.45,50.09,33758,,,
182,2015-04-10 00:00:00,50.7,50.91,50.92,50.59,13582,,,
183,2015-04-13 00:00:00,50.85,51.05,51.15,50.85,1640,,,
184,2015-04-14 00:00:00,50.96,50.62,50.96,50.46,7447,,,
185,2015-04-15 00:00:00,50.72,50.81,51.01,50.72,44388,,,
186,2015-04-16 00:00:00,50.69,50.21,50.69,50.21,11873,,,
187,2015-04-17 00:00:00,50.04,49.18,50.04,49.11,77229,,,
188,2015-04-20 00:00:00,49.38,49.67,49.67,49.38,63122,,,
189,2015-04-21 00:00:00,50.0,49.89,50.22,49.75,41322,,,
190,2015-04-22 00:00:00,50.15,49.83,50.15,49.44,316,,,
191,2015-04-23 00:00:00,49.97,49.49,49.97,49.3,2485,,,
192,2015-04-24 00:00:00,49.82,49.79,49.98,49.6,1619,,,
193,2015-04-27 00:00:00,49.87,50.51,50.51,49.53,13556,,,
194,2015-04-28 00:00:00,50.4,49.71,50.4,49.55,6118,,,
195,2015-04-29 00:00:00,49.99,48.39,49.99,48.39,322022,,,
196,2015-04-30 00:00:00,48.34,48.45,48.54,47.9,19059,,,
197,2015-05-04 00:00:00,48.54,48.81,48.95,48.31,26396,,,
198,2015-05-05 00:00:00,48.73,47.73,49.25,47.64,27436,,,
199,2015-05-06 00:00:00,47.7,47.75,48.11,47.5,18521,,,
200,2015-05-07 00:00:00,47.47,47.88,47.88,46.93,41107,,,
201,2015-05-08 00:00:00,48.19,49.06,49.06,48.15,11997,,,
202,2015-05-11 00:00:00,49.0,48.94,49.0,48.78,19859,,,
203,2015-05-12 00:00:00,48.55,48.35,48.55,48.01,3387,,,
204,2015-05-13 00:00:00,48.55,48.19,48.88,48.05,19540,,,
205,2015-05-14 00:00:00,47.95,48.84,48.84,47.95,1360,,,
206,2015-05-15 00:00:00,48.93,48.55,49.07,48.55,4885,,,
207,2015-05-18 00:00:00,48.44,48.81,48.82,48.28,52060,,,
208,2015-05-19 00:00:00,49.32,49.79,49.79,49.32,6043,,,
209,2015-05-20 00:00:00,49.79,49.95,49.95,49.61,2660,,,
210,2015-05-21 00:00:00,49.91,50.02,50.04,49.82,21759,,,
211,2015-05-22 00:00:00,50.03,49.94,50.03,49.91,250,,,
212,2015-05-26 00:00:00,49.7,49.2,49.7,49.12,15012,,,
213,2015-05-27 00:00:00,49.45,50.0,50.14,49.24,190240,,,
214,2015-05-28 00:00:00,49.82,49.68,49.96,49.57,18995,,,
215,2015-05-29 00:00:00,49.71,48.7,49.71,48.7,5809,,,
216,2015-06-01 00:00:00,48.9,48.78,48.9,48.67,37260,,,
217,2015-06-02 00:00:00,48.93,48.57,48.93,48.46,31318,,,
218,2015-06-03 00:00:00,48.69,48.79,48.79,48.5,6019,,,
219,2015-06-04 00:00:00,48.45,48.4,48.89,48.35,1214,,,
220,2015-06-05 00:00:00,48.03,47.77,48.09,47.62,23019,,,
221,2015-06-08 00:00:00,47.59,47.26,47.65,47.26,9896,,,
222,2015-06-09 00:00:00,47.16,47.15,47.16,46.53,25418,,,
223,2015-06-10 00:00:00,47.01,48.05,48.14,47.0,98628,,,
224,2015-06-11 00:00:00,47.98,48.35,48.47,47.98,12885,,,
225,2015-06-12 00:00:00,48.06,47.76,48.28,47.58,26412,,,
226,2015-06-15 00:00:00,47.13,46.91,47.2,46.83,67181,,,
227,2015-06-16 00:00:00,46.61,47.14,47.21,46.33,35936,,,
228,2015-06-17 00:00:00,47.18,46.79,47.18,46.79,9000,,,
229,2015-06-18 00:00:00,46.66,47.07,47.07,46.27,86663,,,
230,2015-06-19 00:00:00,47.11,47.16,47.51,47.11,6111,,,
231,2015-06-22 00:00:00,48.39,48.87,48.96,48.3,28658,,,
232,2015-06-23 00:00:00,49.17,49.28,49.5,49.17,45469,,,
233,2015-06-24 00:00:00,49.27,49.11,49.4,48.71,165610,,,
234,2015-06-25 00:00:00,48.81,49.09,49.37,48.81,32597,,,
235,2015-06-26 00:00:00,48.78,49.24,49.37,48.72,11711,,,
236,2015-06-29 00:00:00,47.16,47.38,47.99,47.16,160129,,,
237,2015-06-30 00:00:00,47.26,46.81,47.4,46.81,783,,,
238,2015-07-01 00:00:00,47.15,47.72,48.09,47.15,6135,,,
239,2015-07-02 00:00:00,47.78,47.31,47.78,47.3,52819,,,
240,2015-07-03 00:00:00,47.21,47.05,47.33,46.84,63095,,,
241,2015-07-06 00:00:00,46.13,46.14,46.64,46.13,55352,,,
242,2015-07-07 00:00:00,46.2,45.2,46.2,45.2,52719,,,
243,2015-07-08 00:00:00,44.06,44.24,44.44,44.06,18610,,,
244,2015-07-09 00:00:00,44.46,45.4,45.4,44.46,2932,,,
245,2015-07-10 00:00:00,46.42,46.7,46.7,46.25,25781,,,
246,2015-07-13 00:00:00,47.25,47.45,47.52,47.23,23260,,,
247,2015-07-14 00:00:00,47.38,47.66,47.66,47.35,18623,,,
248,2015-07-15 00:00:00,47.61,47.87,47.9,47.58,19835,,,
249,2015-07-16 00:00:00,48.15,48.55,48.72,48.15,62875,,,
250,2015-07-17 00:00:00,48.72,48.51,48.72,48.49,30713,,,
251,2015-07-20 00:00:00,48.72,48.78,49.1,48.72,16275,,,
252,2015-07-21 00:00:00,48.88,48.31,48.88,48.26,3060,,,
253,2015-07-22 00:00:00,48.06,48.12,48.17,48.06,2764,,,
254,2015-07-23 00:00:00,48.46,48.08,48.46,48.08,30481,,,
255,2015-07-24 00:00:00,47.96,47.64,48.19,47.64,17212,,,
256,2015-07-27 00:00:00,47.39,46.53,47.39,46.53,4233,,,
257,2015-07-28 00:00:00,46.8,47.02,47.12,46.66,13352,,,
258,2015-07-29 00:00:00,47.3,47.25,47.33,46.98,14059,,,
259,2015-07-30 00:00:00,47.52,47.36,47.52,47.36,86,,,
260,2015-07-31 00:00:00,47.41,47.59,47.59,47.38,3235,,,
261,2015-08-03 00:00:00,47.66,48.06,48.06,47.47,15291,,,
262,2015-08-04 00:00:00,47.92,47.95,47.98,47.86,151,,,
263,2015-08-05 00:00:00,48.16,48.59,48.59,48.16,41,,,
264,2015-08-06 00:00:00,48.48,48.45,48.65,48.45,11315,,,
265,2015-08-07 00:00:00,48.3,48.06,48.3,48.06,200,,,
266,2015-08-10 00:00:00,48.31,48.53,48.53,47.95,683,,,
267,2015-08-11 00:00:00,48.33,47.61,48.33,47.61,10312,,,
268,2015-08-12 00:00:00,46.96,46.13,46.96,46.05,39715,,,
269,2015-08-13 00:00:00,46.68,46.6,46.95,46.6,41601,,,
270,2015-08-14 00:00:00,46.7,46.37,46.81,46.32,109506,,,
271,2015-08-17 00:00:00,46.79,46.44,46.79,46.05,389,,,
272,2015-08-18 00:00:00,46.4,46.42,46.56,46.38,1355,,,
273,2015-08-19 00:00:00,46.22,45.61,46.22,45.61,1188,,,
274,2015-08-20 00:00:00,45.5,44.6,45.5,44.6,18238,,,
275,2015-08-21 00:00:00,43.99,43.3,44.1,43.3,48190,,,
276,2015-08-24 00:00:00,42.06,41.21,42.29,39.79,114825,,,
277,2015-08-25 00:00:00,41.81,42.97,43.15,41.55,61697,,,
278,2015-08-26 00:00:00,42.2,42.33,42.82,42.17,20013,,,
279,2015-08-27 00:00:00,43.33,43.68,43.82,43.33,188811,,,
280,2015-08-28 00:00:00,43.8,43.74,43.8,43.45,6954,,,
281,2015-08-31 00:00:00,43.52,43.51,43.52,43.38,126,,,
282,2015-09-01 00:00:00,43.01,42.51,43.01,42.23,3892,,,
283,2015-09-02 00:00:00,42.67,42.6,42.69,42.45,2540,,,
284,2015-09-03 00:00:00,43.06,43.49,43.72,43.06,12219,,,
285,2015-09-04 00:00:00,43.09,42.42,43.09,42.42,22608,,,
286,2015-09-07 00:00:00,42.92,42.63,42.92,42.54,152,,,
287,2015-09-08 00:00:00,43.01,43.13,43.44,43.01,6072,,,
288,2015-09-09 00:00:00,44.07,43.61,44.24,43.61,42366,,,
289,2015-09-10 00:00:00,43.24,43.07,43.5,43.07,196,,,
290,2015-09-11 00:00:00,43.12,42.61,43.12,42.61,6029,,,
291,2015-09-14 00:00:00,42.63,42.44,42.66,42.4,93680,,,
292,2015-09-15 00:00:00,42.61,42.83,43.0,42.45,13448,,,
293,2015-09-16 00:00:00,43.29,43.35,43.35,43.26,1248,,,
294,2015-09-17 00:00:00,43.49,43.45,43.49,43.36,436,,,
295,2015-09-18 00:00:00,43.03,42.37,43.08,42.14,5323,,,
296,2015-09-21 00:00:00,42.31,42.67,42.85,42.24,27670,,,
297,2015-09-22 00:00:00,42.59,41.26,42.59,41.25,23572,,,
298,2015-09-23 00:00:00,41.4,41.29,41.49,41.29,973,,,
299,2015-09-24 00:00:00,41.24,40.5,41.46,40.43,354,,,
300,2015-09-25 00:00:00,41.13,41.69,41.79,41.13,10954,,,
301,2015-09-28 00:00:00,41.61,40.77,41.61,40.77,4568,,,
302,2015-09-29 00:00:00,40.22,40.61,40.91,40.15,2541,,,
303,2015-09-30 00:00:00,41.38,41.55,41.59,41.38,970,,,
304,2015-10-01 00:00:00,42.03,41.21,42.03,41.21,3334,,,
305,2015-10-02 00:00:00,41.63,41.47,41.81,41.47,10906,,,
306,2015-10-05 00:00:00,42.2,42.78,42.78,42.2,12334,,,
307,2015-10-06 00:00:00,42.81,43.15,43.15,42.62,17476,,,
308,2015-10-07 00:00:00,43.35,43.23,43.5,43.23,38289,,,
309,2015-10-08 00:00:00,43.25,43.3,43.34,43.08,5752,,,
310,2015-10-09 00:00:00,43.72,43.58,43.74,43.58,322,,,
311,2015-10-12 00:00:00,43.66,43.5,43.66,43.41,1531,,,
312,2015-10-13 00:00:00,43.38,43.16,43.38,42.83,6106,,,
313,2015-10-14 00:00:00,42.71,42.8,42.93,42.7,19352,,,
314,2015-10-15 00:00:00,43.1,43.4,43.45,43.1,25319,,,
315,2015-10-16 00:00:00,43.53,43.65,43.74,43.53,35391,,,
316,2015-10-19 00:00:00,43.75,43.78,43.97,43.68,21153,,,
317,2015-10-20 00:00:00,43.81,43.56,43.81,43.41,4548,,,
318,2015-10-21 00:00:00,43.66,43.77,43.77,43.42,11877,,,
319,2015-10-22 00:00:00,43.53,44.73,44.75,43.53,19261,,,
320,2015-10-23 00:00:00,45.06,45.66,45.75,45.06,46304,,,
321,2015-10-26 00:00:00,45.53,45.55,45.76,45.46,52876,,,
322,2015-10-27 00:00:00,45.36,45.04,45.81,45.04,84444,,,
323,2015-10-28 00:00:00,45.19,45.56,45.56,45.12,17526,,,
324,2015-10-29 00:00:00,45.69,45.51,45.69,45.38,16043,,,
325,2015-10-30 00:00:00,45.61,45.6,45.61,45.37,19683,,,
326,2015-11-02 00:00:00,45.37,45.86,45.98,45.37,9774,,,
327,2015-11-03 00:00:00,45.79,45.96,45.96,45.79,624,,,
328,2015-11-04 00:00:00,46.08,45.88,46.26,45.88,12094,,,
329,2015-11-05 00:00:00,45.93,45.97,46.24,45.81,11195,,,
330,2015-11-06 00:00:00,45.92,46.27,46.31,45.76,6841,,,
331,2015-11-09 00:00:00,46.25,45.56,46.25,45.56,89825,,,
332,2015-11-10 00:00:00,45.65,45.65,45.65,45.38,8382,,,
333,2015-11-11 00:00:00,45.78,45.98,46.21,45.78,14860,,,
334,2015-11-12 00:00:00,45.78,45.22,45.78,45.2,11326,,,
335,2015-11-13 00:00:00,45.13,44.91,45.19,44.64,33355,,,
336,2015-11-16 00:00:00,44.45,44.97,44.97,44.45,952,,,
337,2015-11-17 00:00:00,45.24,46.09,46.09,45.24,8598,,,
338,2015-11-18 00:00:00,45.73,45.88,45.97,45.69,5882,,,
339,2015-11-19 00:00:00,46.18,46.18,46.5,46.05,31442,,,
340,2015-11-20 00:00:00,46.28,46.23,46.34,46.15,5298,,,
341,2015-11-23 00:00:00,46.09,46.17,46.23,45.98,10984,,,
342,2015-11-24 00:00:00,45.9,45.63,45.9,45.46,28791,,,
343,2015-11-25 00:00:00,45.58,46.27,46.35,45.58,7382,,,
344,2015-11-26 00:00:00,46.29,46.78,46.8,46.29,7884,,,
345,2015-11-27 00:00:00,46.55,46.72,46.87,46.52,29421,,,
346,2015-11-30 00:00:00,46.68,46.96,47.08,46.66,50532,,,
347,2015-12-01 00:00:00,47.1,46.63,47.1,46.6,2079,,,
348,2015-12-02 00:00:00,46.73,46.5,46.73,46.5,11270,,,
349,2015-12-03 00:00:00,46.52,45.03,46.96,45.03,66506,,,
350,2015-12-04 00:00:00,45.0,44.92,45.04,44.46,23938,,,
351,2015-12-07 00:00:00,45.14,45.28,45.72,45.14,1055,,,
352,2015-12-08 00:00:00,45.27,44.48,45.27,44.48,160,,,
353,2015-12-09 00:00:00,44.37,44.0,44.37,43.9,17444,,,
354,2015-12-10 00:00:00,43.73,43.9,44.09,43.73,2089,,,
355,2015-12-11 00:00:00,43.76,43.03,43.84,42.95,24847,,,
356,2015-12-14 00:00:00,43.22,42.22,43.39,42.22,60804,,,
357,2015-12-15 00:00:00,42.69,43.49,43.54,42.69,36293,,,
358,2015-12-16 00:00:00,43.62,43.61,43.66,43.47,4325,,,
359,2015-12-17 00:00:00,44.46,44.34,44.71,44.32,1156,,,
360,2015-12-18 00:00:00,44.01,43.81,44.01,43.73,29512,,,
361,2015-12-21 00:00:00,43.55,43.19,44.17,43.19,1065,,,
362,2015-12-22 00:00:00,43.52,43.28,43.58,43.08,118024,,,
363,2015-12-23 00:00:00,44.24,44.24,44.24,44.24,0,,,
364,2015-12-28 00:00:00,43.86,43.9,44.21,43.86,14665,,,
365,2015-12-29 00:00:00,44.26,44.54,44.57,44.26,17825,,,
366,2015-12-30 00:00:00,44.33,44.33,44.33,44.33,0,,,
367,2016-01-04 00:00:00,43.18,42.81,43.34,42.71,31091,,,
368,2016-01-05 00:00:00,43.18,42.98,43.18,42.84,941,,,
369,2016-01-06 00:00:00,42.78,42.43,42.78,42.27,4036,,,
370,2016-01-07 00:00:00,41.35,41.66,41.77,41.07,16517,,,
371,2016-01-08 00:00:00,41.79,41.05,41.79,41.05,150,,,
372,2016-01-11 00:00:00,41.07,40.97,41.42,40.97,17171,,,
373,2016-01-12 00:00:00,41.07,41.51,41.94,41.07,6482,,,
374,2016-01-13 00:00:00,41.98,41.58,42.24,41.58,30123,,,
375,2016-01-14 00:00:00,41.02,40.82,41.02,40.63,21789,,,
376,2016-01-15 00:00:00,40.89,39.9,40.89,39.75,60334,,,
377,2016-01-18 00:00:00,39.9,39.63,40.19,39.41,18900,,,
378,2016-01-19 00:00:00,40.36,40.22,40.5,40.24,8944,,,
379,2016-01-20 00:00:00,39.33,38.94,39.33,38.9,34338,,,
380,2016-01-21 00:00:00,38.84,39.74,39.91,38.84,47679,,,
381,2016-01-22 00:00:00,40.41,40.81,41.1,40.41,47639,,,
382,2016-01-25 00:00:00,40.96,40.58,40.96,40.47,4256,,,
383,2016-01-26 00:00:00,40.0,40.99,41.03,39.97,37438,,,
384,2016-01-27 00:00:00,40.86,41.13,41.13,40.64,31535,,,
385,2016-01-28 00:00:00,40.83,40.37,41.13,40.28,20950,,,
386,2016-01-29 00:00:00,41.01,41.28,41.28,40.83,4418,,,
387,2016-02-01 00:00:00,41.27,41.1,41.39,40.89,1383,,,
388,2016-02-02 00:00:00,40.98,40.23,40.98,40.06,8080,,,
389,2016-02-03 00:00:00,40.07,39.54,40.07,39.53,25234,,,
390,2016-02-04 00:00:00,39.96,39.53,39.96,39.1,13758,,,
391,2016-02-05 00:00:00,39.54,39.17,39.73,39.17,30891,,,
392,2016-02-08 00:00:00,39.26,37.78,39.26,37.64,42691,,,
393,2016-02-09 00:00:00,37.91,37.14,37.99,36.81,45392,,,
394,2016-02-10 00:00:00,37.32,37.76,37.96,37.21,7605,,,
395,2016-02-11 00:00:00,37.25,36.37,37.25,36.37,11691,,,
396,2016-02-12 00:00:00,36.89,37.3,37.3,36.81,42933,,,
397,2016-02-15 00:00:00,38.04,38.42,38.49,38.04,2150,,,
398,2016-02-16 00:00:00,38.59,38.18,38.65,38.07,4944,,,
399,2016-02-17 00:00:00,38.35,39.29,39.33,38.35,4323,,,
400,2016-02-18 00:00:00,39.53,39.29,39.73,39.27,53134,,,
401,2016-02-19 00:00:00,39.23,38.98,39.23,38.98,249,,,
402,2016-02-22 00:00:00,39.53,39.85,39.85,39.53,2379,,,
403,2016-02-23 00:00:00,39.52,39.28,39.72,39.28,29001,,,
404,2016-02-24 00:00:00,39.23,38.35,39.23,38.3,6807,,,
405,2016-02-25 00:00:00,38.9,39.07,39.17,38.9,4389,,,
406,2016-02-26 00:00:00,39.26,39.74,39.84,39.26,3290,,,
407,2016-02-29 00:00:00,39.32,40.0,40.0,39.32,4853,,,
408,2016-03-01 00:00:00,39.88,40.7,40.7,39.86,15869,,,
409,2016-03-02 00:00:00,40.95,40.91,40.95,40.64,17178,,,
410,2016-03-03 00:00:00,40.92,40.83,40.92,40.75,232726,,,
411,2016-03-04 00:00:00,41.0,41.13,41.25,40.91,96778,,,
412,2016-03-07 00:00:00,40.92,40.92,40.95,40.65,34959,,,
413,2016-03-08 00:00:00,40.25,40.62,40.78,40.25,17223,,,
414,2016-03-09 00:00:00,40.73,40.81,41.12,40.73,17219,,,
415,2016-03-10 00:00:00,40.79,40.23,42.01,40.23,19635,,,
416,2016-03-11 00:00:00,40.89,41.65,41.65,40.89,49087,,,
417,2016-03-14 00:00:00,41.9,41.88,41.96,41.87,2382,,,
418,2016-03-15 00:00:00,41.59,41.58,41.72,41.58,610,,,
419,2016-03-16 00:00:00,41.68,41.54,41.68,41.54,232,,,
420,2016-03-17 00:00:00,41.85,41.42,41.85,40.91,4179,,,
421,2016-03-18 00:00:00,41.43,41.59,41.64,41.29,11580,,,
422,2016-03-21 00:00:00,41.29,41.49,41.94,41.29,12584,,,
423,2016-03-22 00:00:00,41.21,41.55,41.55,41.21,731,,,
424,2016-03-23 00:00:00,41.75,41.51,41.83,41.51,19667,,,
425,2016-03-24 00:00:00,41.17,40.8,41.17,40.8,14480,,,
426,2016-03-29 00:00:00,41.5,41.04,41.5,40.82,4245,,,
427,2016-03-30 00:00:00,41.32,41.61,41.65,41.32,1291,,,
428,2016-03-31 00:00:00,41.33,41.09,41.33,41.09,11325,,,
429,2016-04-01 00:00:00,40.5,40.53,40.61,40.22,24082,,,
430,2016-04-04 00:00:00,40.28,40.59,40.59,40.28,0,,,
431,2016-04-05 00:00:00,40.06,39.72,40.06,39.7,2369,,,
432,2016-04-06 00:00:00,39.69,39.94,39.97,39.69,734,,,
433,2016-04-07 00:00:00,40.1,39.47,40.1,39.45,48042,,,
434,2016-04-08 00:00:00,39.73,39.99,40.1,39.73,114761,,,
435,2016-04-11 00:00:00,39.95,40.25,40.47,39.95,6893,,,
436,2016-04-12 00:00:00,40.28,40.43,40.43,39.95,8998,,,
437,2016-04-13 00:00:00,40.88,41.58,41.58,40.88,4455,,,
438,2016-04-14 00:00:00,41.58,41.8,41.8,41.48,38733,,,
439,2016-04-15 00:00:00,41.69,41.7,41.77,41.61,23690,,,
440,2016-04-18 00:00:00,41.17,41.87,41.87,41.17,15046,,,
441,2016-04-19 00:00:00,42.12,42.5,42.5,42.12,14911,,,
442,2016-04-20 00:00:00,42.44,42.79,42.79,42.44,350,,,
443,2016-04-21 00:00:00,43.02,42.75,43.02,42.46,3351,,,
444,2016-04-22 00:00:00,42.65,42.61,42.72,42.49,23844,,,
445,2016-04-25 00:00:00,42.65,42.3,42.65,42.3,32746,,,
446,2016-04-26 00:00:00,42.57,42.38,42.57,42.38,1273,,,
447,2016-04-27 00:00:00,42.52,42.59,42.59,42.4,24853,,,
448,2016-04-28 00:00:00,42.31,42.62,42.66,41.9,7563,,,
449,2016-04-29 00:00:00,42.26,41.59,42.26,41.59,5277,,,
450,2016-05-02 00:00:00,41.81,41.73,41.81,41.65,18963,,,
451,2016-05-03 00:00:00,41.44,40.99,41.44,40.91,14026,,,
452,2016-05-04 00:00:00,40.96,40.58,41.03,40.58,9817,,,
453,2016-05-05 00:00:00,40.71,40.69,40.71,40.69,85013,,,
454,2016-05-06 00:00:00,40.39,40.69,40.69,40.18,3581,,,
455,2016-05-09 00:00:00,40.93,40.88,41.0,40.82,4485,,,
456,2016-05-10 00:00:00,41.2,41.24,41.46,41.06,10230,,,
457,2016-05-11 00:00:00,41.09,40.98,41.09,40.8,83564,,,
458,2016-05-12 00:00:00,40.65,40.72,41.16,40.65,2002,,,
459,2016-05-13 00:00:00,40.45,40.96,40.96,40.42,12574,,,
460,2016-05-16 00:00:00,40.47,40.91,40.91,40.47,3301,,,
461,2016-05-17 00:00:00,41.25,40.78,41.25,40.78,0,,,
462,2016-05-18 00:00:00,40.6,41.01,41.01,40.55,18361,,,
463,2016-05-19 00:00:00,40.77,40.6,40.77,40.59,3037,,,
464,2016-05-20 00:00:00,40.98,41.16,41.16,40.91,1248,,,
465,2016-05-23 00:00:00,41.07,40.91,41.29,40.88,7304,,,
466,2016-05-24 00:00:00,40.77,41.83,41.83,40.77,7940,,,
467,2016-05-25 00:00:00,42.11,42.42,42.42,42.11,155,,,
468,2016-05-26 00:00:00,42.39,42.62,42.62,42.39,13044,,,
469,2016-05-27 00:00:00,42.53,42.7,42.7,42.48,35298,,,
470,2016-05-30 00:00:00,42.7,42.82,42.82,42.7,269,,,
471,2016-05-31 00:00:00,42.86,42.56,42.86,42.56,0,,,
472,2016-06-01 00:00:00,42.5,42.28,42.54,42.21,208,,,
473,2016-06-02 00:00:00,42.28,42.32,42.39,42.28,1890,,,
474,2016-06-03 00:00:00,41.87,41.87,42.57,41.87,810,,,
475,2016-06-06 00:00:00,41.99,41.99,41.99,41.99,0,,,
476,2016-06-07 00:00:00,42.22,42.57,42.57,42.22,5140,,,
477,2016-06-08 00:00:00,42.37,42.29,42.37,42.21,6490,,,
478,2016-06-09 00:00:00,42.16,41.84,42.16,41.84,0,,,
479,2016-06-10 00:00:00,41.58,40.8,41.58,40.8,300,,,
480,2016-06-13 00:00:00,40.38,40.02,40.38,40.02,36632,,,
481,2016-06-14 00:00:00,39.68,39.29,39.68,39.29,51540,,,
482,2016-06-15 00:00:00,39.58,39.64,39.69,39.58,26615,,,
483,2016-06-16 00:00:00,39.22,39.41,39.41,39.01,505,,,
484,2016-06-17 00:00:00,39.69,39.85,39.95,39.69,7230,,,
485,2016-06-20 00:00:00,40.81,41.18,41.18,40.81,37664,,,
486,2016-06-21 00:00:00,41.07,41.39,41.39,41.07,4302,,,
487,2016-06-22 00:00:00,41.66,41.51,41.76,41.44,8830,,,
488,2016-06-23 00:00:00,41.76,42.31,42.44,41.76,160560,,,
489,2016-06-24 00:00:00,38.38,39.07,39.85,38.38,68170,,,
490,2016-06-27 00:00:00,38.91,37.74,38.91,37.6,37036,,,
491,2016-06-28 00:00:00,38.55,38.63,38.97,38.55,11321,,,
492,2016-06-29 00:00:00,39.18,39.56,39.56,39.13,15403,,,
493,2016-06-30 00:00:00,39.4,40.0,40.0,39.4,10140,,,
494,2016-07-01 00:00:00,40.32,40.38,40.43,40.17,7728,,,
495,2016-07-04 00:00:00,40.51,40.03,40.51,40.03,12623,,,
496,2016-07-05 00:00:00,39.87,39.35,39.87,39.29,5364,,,
497,2016-07-06 00:00:00,37.77,37.44,37.77,37.25,9763,,,
498,2016-07-07 00:00:00,37.8,37.71,37.85,37.71,506,,,
499,2016-07-08 00:00:00,37.71,38.48,38.48,37.71,777,,,
500,2016-07-11 00:00:00,38.87,39.13,39.13,38.82,13800,,,
501,2016-07-12 00:00:00,39.24,39.7,39.75,39.24,3951,,,
502,2016-07-13 00:00:00,39.68,39.62,39.79,39.62,87,,,
503,2016-07-14 00:00:00,40.07,40.01,40.11,40.0,600,,,
504,2016-07-15 00:00:00,39.89,40.01,40.07,39.8,1177,,,
505,2016-07-18 00:00:00,40.12,39.91,40.12,39.77,2200,,,
506,2016-07-19 00:00:00,39.81,39.78,39.81,39.6,2248,,,
507,2016-07-20 00:00:00,40.0,40.23,40.23,40.0,0,,,
508,2016-07-21 00:00:00,40.34,40.25,40.34,40.04,409285,,,
509,2016-07-22 00:00:00,40.1,40.29,40.35,40.1,3195,,,
510,2016-07-25 00:00:00,40.26,40.39,40.55,40.26,3247,,,
511,2016-07-26 00:00:00,40.37,40.4,40.54,40.32,987,,,
512,2016-07-27 00:00:00,40.75,40.69,40.75,40.69,80000,,,
513,2016-07-28 00:00:00,40.55,40.4,40.68,40.4,4525,,,
514,2016-07-29 00:00:00,40.52,40.66,40.66,40.52,256,,,
515,2016-08-01 00:00:00,40.99,40.47,40.99,40.38,13207,,,
516,2016-08-02 00:00:00,40.33,39.68,40.33,39.68,8905,,,
517,2016-08-03 00:00:00,39.76,39.73,39.76,39.53,8344,,,
518,2016-08-04 00:00:00,39.93,39.99,39.99,39.9,7960,,,
519,2016-08-05 00:00:00,40.16,40.6,40.6,40.14,1175,,,
520,2016-08-08 00:00:00,40.75,40.68,40.86,40.68,1147,,,
521,2016-08-09 00:00:00,40.72,41.32,41.32,40.72,16140,,,
522,2016-08-10 00:00:00,41.17,41.19,41.25,41.12,23901,,,
523,2016-08-11 00:00:00,41.38,41.65,41.65,41.19,536,,,
524,2016-08-12 00:00:00,41.56,41.54,41.59,41.54,885,,,
525,2016-08-15 00:00:00,41.57,41.59,41.59,41.57,0,,,
526,2016-08-16 00:00:00,41.39,41.18,41.52,41.18,12800,,,
527,2016-08-17 00:00:00,41.27,40.78,41.27,40.78,619,,,
528,2016-08-18 00:00:00,41.07,41.08,41.08,40.92,2589,,,
529,2016-08-19 00:00:00,40.99,40.71,40.99,40.59,1979,,,
530,2016-08-22 00:00:00,40.76,40.63,41.0,40.63,1103,,,
531,2016-08-23 00:00:00,40.88,41.07,41.07,40.88,0,,,
532,2016-08-24 00:00:00,40.81,41.22,41.22,40.81,6,,,
533,2016-08-25 00:00:00,41.04,40.94,41.04,40.82,4,,,
534,2016-08-26 00:00:00,40.88,41.2,41.28,40.88,1138,,,
535,2016-08-29 00:00:00,41.0,41.04,41.11,40.95,20,,,
536,2016-08-30 00:00:00,41.28,41.38,41.49,41.28,167,,,
537,2016-08-31 00:00:00,41.31,41.22,41.53,41.22,864,,,
538,2016-09-01 00:00:00,41.49,41.26,41.71,41.25,5048,,,
539,2016-09-02 00:00:00,41.43,41.98,41.98,41.43,162,,,
540,2016-09-05 00:00:00,42.16,41.98,42.16,41.97,57,,,
541,2016-09-06 00:00:00,42.09,41.87,42.09,41.87,140,,,
542,2016-09-07 00:00:00,42.0,42.2,42.2,41.92,125425,,,
543,2016-09-08 00:00:00,42.17,42.05,42.17,42.05,213,,,
544,2016-09-09 00:00:00,41.88,41.58,41.96,41.58,152,,,
545,2016-09-12 00:00:00,40.94,41.09,41.09,40.7,12,,,
546,2016-09-13 00:00:00,41.27,40.68,41.27,40.68,4584,,,
547,2016-09-14 00:00:00,40.83,40.54,40.83,40.54,44,,,
548,2016-09-15 00:00:00,40.53,40.72,40.72,40.53,75,,,
549,2016-09-16 00:00:00,40.64,40.32,40.64,40.32,2124,,,
550,2016-09-19 00:00:00,40.6,40.75,40.77,40.6,39,,,
551,2016-09-20 00:00:00,40.74,40.71,40.88,40.71,515,,,
552,2016-09-21 00:00:00,41.2,40.92,41.2,40.92,0,,,
553,2016-09-22 00:00:00,41.27,41.8,41.8,41.27,77,,,
554,2016-09-23 00:00:00,41.66,41.56,41.66,41.56,0,,,
555,2016-09-26 00:00:00,41.2,40.92,41.2,40.9,52271,,,
556,2016-09-27 00:00:00,41.12,40.83,41.12,40.68,31610,,,
557,2016-09-28 00:00:00,41.04,41.07,41.2,41.04,89,,,
558,2016-09-29 00:00:00,41.51,41.06,41.51,41.06,12092,,,
559,2016-09-30 00:00:00,40.45,41.26,41.26,40.45,10069,,,
560,2016-10-03 00:00:00,41.18,41.25,41.28,41.18,11109,,,
561,2016-10-04 00:00:00,41.38,41.57,41.57,41.38,10024,,,
562,2016-10-05 00:00:00,41.18,41.5,41.5,41.18,7285,,,
563,2016-10-06 00:00:00,41.68,41.36,41.68,41.36,3240,,,
564,2016-10-07 00:00:00,41.28,41.02,41.28,41.02,2820,,,
565,2016-10-10 00:00:00,41.11,41.48,41.48,40.96,21991,,,
566,2016-10-11 00:00:00,41.4,41.34,41.44,41.34,24155,,,
567,2016-10-12 00:00:00,41.25,41.2,41.25,41.2,0,,,
568,2016-10-13 00:00:00,40.83,40.82,40.83,40.69,14962,,,
569,2016-10-14 00:00:00,40.96,41.4,41.49,40.96,663,,,
570,2016-10-17 00:00:00,41.33,41.24,41.33,41.24,272,,,
571,2016-10-18 00:00:00,41.45,41.74,41.74,41.45,0,,,
572,2016-10-19 00:00:00,41.76,41.86,41.86,41.76,28500,,,
573,2016-10-20 00:00:00,41.91,42.05,42.05,41.91,1514,,,
574,2016-10-21 00:00:00,42.14,42.06,42.14,41.99,862,,,
575,2016-10-24 00:00:00,42.31,42.26,42.47,42.26,66225,,,
576,2016-10-25 00:00:00,42.37,42.19,42.43,42.19,5796,,,
577,2016-10-26 00:00:00,42.09,42.01,42.09,42.01,5255,,,
578,2016-10-27 00:00:00,42.0,42.14,42.14,42.0,0,,,
579,2016-10-28 00:00:00,41.84,42.09,42.09,41.84,3861,,,
580,2016-10-31 00:00:00,41.91,41.79,41.91,41.79,7,,,
581,2016-11-01 00:00:00,42.05,41.47,42.05,41.47,23,,,
582,2016-11-02 00:00:00,41.05,40.78,41.12,40.78,24945,,,
583,2016-11-03 00:00:00,40.74,40.7,40.85,40.7,1054,,,
584,2016-11-04 00:00:00,40.57,40.43,40.57,40.43,1916,,,
585,2016-11-07 00:00:00,40.95,41.18,41.18,40.95,100,,,
586,2016-11-08 00:00:00,41.15,41.32,41.32,41.15,0,,,
587,2016-11-09 00:00:00,39.78,41.64,41.64,39.78,30154,,,
588,2016-11-10 00:00:00,41.97,41.4,42.1,41.4,88,,,
589,2016-11-11 00:00:00,41.66,41.27,41.66,41.26,16579,,,
590,2016-11-14 00:00:00,41.66,41.25,41.72,41.25,10512,,,
591,2016-11-15 00:00:00,41.41,41.46,41.46,41.38,10629,,,
592,2016-11-16 00:00:00,41.59,41.24,41.59,41.24,0,,,
593,2016-11-17 00:00:00,41.18,41.44,41.44,41.17,10,,,
594,2016-11-18 00:00:00,41.57,41.2,41.57,41.2,484,,,
595,2016-11-21 00:00:00,41.48,41.35,41.48,41.33,3179,,,
596,2016-11-22 00:00:00,41.6,41.51,41.69,41.51,23484,,,
597,2016-11-23 00:00:00,41.51,41.39,41.52,41.39,18097,,,
598,2016-11-24 00:00:00,41.59,41.55,41.59,41.48,186,,,
599,2016-11-25 00:00:00,41.57,41.62,41.62,41.56,2678,,,
600,2016-11-28 00:00:00,41.48,41.22,41.48,41.16,13854,,,
601,2016-11-29 00:00:00,41.15,41.51,41.51,41.15,13246,,,
602,2016-11-30 00:00:00,41.54,41.71,41.71,41.54,300,,,
603,2016-12-01 00:00:00,41.52,41.44,41.52,41.29,19671,,,
604,2016-12-02 00:00:00,41.09,41.19,41.19,40.94,9550,,,
605,2016-12-05 00:00:00,41.17,41.61,41.83,41.17,3121,,,
606,2016-12-06 00:00:00,41.67,42.22,42.22,41.54,611,,,
607,2016-12-07 00:00:00,42.59,42.81,42.81,42.56,13253,,,
608,2016-12-08 00:00:00,43.0,43.28,43.28,42.85,5116,,,
609,2016-12-09 00:00:00,43.37,43.49,43.56,43.37,43011,,,
610,2016-12-12 00:00:00,43.6,43.48,43.6,43.45,13558,,,
611,2016-12-13 00:00:00,43.5,43.92,43.92,43.5,0,,,
612,2016-12-14 00:00:00,43.67,43.42,43.68,43.42,1567,,,
613,2016-12-15 00:00:00,43.58,43.89,43.89,43.58,285,,,
614,2016-12-16 00:00:00,43.88,44.08,44.1,43.88,4547,,,
615,2016-12-19 00:00:00,43.94,44.02,44.02,43.94,240,,,
616,2016-12-20 00:00:00,44.0,44.36,44.36,44.0,7045,,,
617,2016-12-21 00:00:00,44.25,44.23,44.25,44.13,5386,,,
618,2016-12-22 00:00:00,44.18,44.19,44.19,44.13,701,,,
619,2016-12-23 00:00:00,44.22,44.29,44.31,44.22,60,,,
620,2016-12-27 00:00:00,44.37,44.35,44.37,44.35,0,,,
621,2016-12-28 00:00:00,44.16,44.37,44.37,44.16,4531,,,
622,2016-12-29 00:00:00,44.23,44.25,44.31,44.23,5190,,,
623,2016-12-30 00:00:00,44.22,44.41,44.41,44.22,11875,,,
624,2017-01-02 00:00:00,44.27,44.59,44.59,44.27,486,,,
625,2017-01-03 00:00:00,44.89,44.84,44.99,44.84,3319,,,
626,2017-01-04 00:00:00,44.95,44.8,44.95,44.75,18,,,
627,2017-01-05 00:00:00,44.72,44.8,44.89,44.72,9775,,,
628,2017-01-06 00:00:00,44.77,44.89,44.89,44.73,15000,,,
629,2017-01-09 00:00:00,44.92,44.69,44.92,44.59,1946,,,
630,2017-01-10 00:00:00,44.8,44.69,44.8,44.68,1927,,,
631,2017-01-11 00:00:00,44.7,44.81,44.81,44.7,125000,,,
632,2017-01-12 00:00:00,44.57,44.49,44.57,44.49,22,,,
633,2017-01-13 00:00:00,44.69,44.95,44.95,44.69,0,,,
634,2017-01-16 00:00:00,44.66,44.57,44.68,44.57,569,,,
635,2017-01-17 00:00:00,44.44,44.45,44.52,44.31,578,,,
636,2017-01-18 00:00:00,44.62,44.56,44.62,44.38,11210,,,
637,2017-01-19 00:00:00,44.64,44.59,44.64,44.59,0,,,
638,2017-01-20 00:00:00,44.47,44.65,44.71,44.47,7982,,,
639,2017-01-23 00:00:00,44.35,44.39,44.57,44.33,13882,,,
640,2017-01-24 00:00:00,44.48,44.56,44.56,44.48,0,,,
641,2017-01-25 00:00:00,44.84,45.15,45.15,44.84,1100,,,
642,2017-01-26 00:00:00,45.29,45.08,45.29,45.08,20233,,,
643,2017-01-27 00:00:00,44.96,44.96,44.96,44.85,11280,,,
644,2017-01-30 00:00:00,44.9,44.37,44.9,44.37,5127,,,
645,2017-01-31 00:00:00,44.42,43.98,44.44,43.98,10000,,,
646,2017-02-01 00:00:00,44.4,44.32,44.41,44.32,9860,,,
647,2017-02-02 00:00:00,44.21,44.4,44.52,44.21,169,,,
648,2017-02-03 00:00:00,44.56,44.77,44.77,44.56,1033,,,
649,2017-02-06 00:00:00,44.61,44.15,44.74,44.15,4841,,,
650,2017-02-07 00:00:00,44.09,44.18,44.18,44.09,0,,,
651,2017-02-08 00:00:00,44.28,44.28,44.28,43.97,23755,,,
652,2017-02-09 00:00:00,44.44,44.67,44.67,44.23,29438,,,
653,2017-02-10 00:00:00,44.81,44.65,44.81,44.65,125,,,
654,2017-02-13 00:00:00,44.78,45.1,45.1,44.78,0,,,
655,2017-02-14 00:00:00,45.07,45.21,45.21,45.07,2341,,,
656,2017-02-15 00:00:00,45.33,45.31,45.37,45.15,8298,,,
657,2017-02-16 00:00:00,45.32,45.2,45.32,45.13,990,,,
658,2017-02-17 00:00:00,45.2,45.15,45.2,44.9,10425,,,
659,2017-02-20 00:00:00,45.36,45.2,45.36,45.2,0,,,
660,2017-02-21 00:00:00,45.18,45.49,45.49,45.18,0,,,
661,2017-02-22 00:00:00,45.65,45.46,45.65,45.46,3339,,,
662,2017-02-23 00:00:00,45.53,45.39,45.58,45.36,4591,,,
663,2017-02-24 00:00:00,45.38,44.97,45.38,44.85,1637,,,
664,2017-02-27 00:00:00,45.19,45.03,45.19,45.03,174,,,
665,2017-02-28 00:00:00,45.17,45.16,45.17,45.04,171,,,
666,2017-03-01 00:00:00,45.58,46.02,46.02,45.58,933,,,
667,2017-03-02 00:00:00,46.0,45.99,46.0,45.92,8695,,,
668,2017-03-03 00:00:00,45.92,46.15,46.15,45.92,814,,,
669,2017-03-06 00:00:00,45.97,45.94,45.97,45.85,1795,,,
670,2017-03-07 00:00:00,45.9,45.89,45.9,45.77,1202,,,
671,2017-03-08 00:00:00,45.86,45.92,45.92,45.86,225,,,
672,2017-03-09 00:00:00,45.91,46.19,46.19,45.91,40,,,
673,2017-03-10 00:00:00,46.34,46.28,46.54,46.28,3145,,,
674,2017-03-13 00:00:00,46.3,46.35,46.35,46.3,0,,,
675,2017-03-14 00:00:00,46.34,46.2,46.34,46.2,0,,,
676,2017-03-15 00:00:00,46.2,46.31,46.33,46.2,2357,,,
677,2017-03-16 00:00:00,46.77,46.71,46.81,46.59,13923,,,
678,2017-03-17 00:00:00,46.65,46.9,46.9,46.65,3465,,,
679,2017-03-20 00:00:00,46.76,46.69,46.78,46.69,3606,,,
680,2017-03-21 00:00:00,46.89,46.53,46.92,46.45,10751,,,
681,2017-03-22 00:00:00,46.27,46.34,46.38,46.22,3526,,,
682,2017-03-23 00:00:00,46.36,46.77,46.77,46.36,4648,,,
683,2017-03-24 00:00:00,46.77,46.75,46.78,46.7,1497,,,
684,2017-03-27 00:00:00,46.44,46.63,46.63,46.4,27648,,,
685,2017-03-28 00:00:00,46.8,47.0,47.0,46.8,4000,,,
686,2017-03-29 00:00:00,47.24,47.15,47.24,47.05,25944,,,
687,2017-03-30 00:00:00,47.15,47.33,47.33,47.1,8165,,,
688,2017-03-31 00:00:00,47.24,47.68,47.68,47.24,11921,,,
689,2017-04-03 00:00:00,47.7,47.28,47.7,47.28,39992,,,
690,2017-04-04 00:00:00,47.3,47.4,47.4,47.22,29931,,,
691,2017-04-05 00:00:00,47.41,47.34,47.5,47.34,4260,,,
692,2017-04-06 00:00:00,47.12,47.53,47.53,47.12,17674,,,
693,2017-04-07 00:00:00,47.35,47.63,47.63,47.29,10506,,,
694,2017-04-10 00:00:00,47.58,47.43,47.58,47.43,82,,,
695,2017-04-11 00:00:00,47.3,47.31,47.42,47.23,10501,,,
696,2017-04-12 00:00:00,47.46,47.29,47.56,47.28,812,,,
697,2017-04-13 00:00:00,47.23,47.03,47.23,46.97,20101,,,
698,2017-04-18 00:00:00,47.19,46.58,47.19,46.57,25679,,,
699,2017-04-19 00:00:00,46.61,46.78,46.83,46.61,29696,,,
700,2017-04-20 00:00:00,46.69,47.03,47.09,46.69,3561,,,
701,2017-04-21 00:00:00,47.02,46.99,47.14,46.78,9840,,,
702,2017-04-24 00:00:00,48.33,48.7,48.7,48.24,24585,,,
703,2017-04-25 00:00:00,48.68,48.81,48.85,48.68,453,,,
704,2017-04-26 00:00:00,48.8,48.84,48.84,48.72,18539,,,
705,2017-04-27 00:00:00,48.78,48.67,48.78,48.6,24933,,,
706,2017-04-28 00:00:00,48.66,48.69,48.69,48.62,22016,,,
707,2017-05-02 00:00:00,48.86,49.08,49.08,48.85,2840,,,
708,2017-05-03 00:00:00,48.98,49.07,49.07,48.89,8811,,,
709,2017-05-04 00:00:00,49.24,49.72,49.72,49.24,53170,,,
710,2017-05-05 00:00:00,49.66,50.18,50.18,49.61,35763,,,
711,2017-05-08 00:00:00,50.39,49.99,50.39,49.92,8138,,,
712,2017-05-09 00:00:00,50.2,50.13,50.2,50.13,2216,,,
713,2017-05-10 00:00:00,50.11,50.13,50.13,49.93,35264,,,
714,2017-05-11 00:00:00,50.07,49.79,50.07,49.64,70876,,,
715,2017-05-12 00:00:00,50.02,50.03,50.03,49.83,11153,,,
716,2017-05-15 00:00:00,50.16,50.2,50.2,49.98,1322,,,
717,2017-05-16 00:00:00,50.18,50.2,50.31,50.18,1700,,,
718,2017-05-17 00:00:00,49.97,49.51,49.98,49.4,1881,,,
719,2017-05-18 00:00:00,49.37,49.13,49.37,48.76,22255,,,
720,2017-05-19 00:00:00,49.26,49.52,49.58,49.26,13207,,,
721,2017-05-22 00:00:00,49.68,49.49,49.7,49.49,981,,,
722,2017-05-23 00:00:00,49.57,49.74,49.8,49.57,7370,,,
723,2017-05-24 00:00:00,49.64,49.72,49.74,49.63,6814,,,
724,2017-05-25 00:00:00,49.96,49.81,49.96,49.69,16211,,,
725,2017-05-26 00:00:00,49.66,49.68,49.68,49.45,8891,,,
726,2017-05-29 00:00:00,49.64,49.63,49.64,49.61,3533,,,
727,2017-05-30 00:00:00,49.57,49.5,49.57,49.37,27794,,,
728,2017-05-31 00:00:00,49.6,49.39,49.79,49.39,7190,,,
729,2017-06-01 00:00:00,49.6,49.82,49.82,49.6,9395,,,
730,2017-06-02 00:00:00,49.99,50.03,50.27,49.99,3830,,,
731,2017-06-05 00:00:00,50.03,49.79,50.03,49.77,7211,,,
732,2017-06-06 00:00:00,49.77,49.58,49.77,49.52,2512,,,
733,2017-06-07 00:00:00,49.49,49.59,49.93,49.43,7929,,,
734,2017-06-08 00:00:00,49.69,49.68,49.84,49.62,1516,,,
735,2017-06-09 00:00:00,49.79,49.98,50.05,49.73,8645,,,
736,2017-06-12 00:00:00,49.86,49.47,49.86,49.47,1680,,,
737,2017-06-13 00:00:00,49.59,49.72,49.79,49.59,1555,,,
738,2017-06-14 00:00:00,49.93,49.64,50.1,49.64,7512,,,
739,2017-06-15 00:00:00,49.57,49.35,49.57,49.12,7781,,,
740,2017-06-16 00:00:00,49.71,49.55,49.71,49.5,14406,,,
741,2017-06-19 00:00:00,50.12,50.12,50.2,50.04,3959,,,
742,2017-06-20 00:00:00,50.34,49.81,50.34,49.81,37039,,,
743,2017-06-21 00:00:00,49.49,49.74,49.74,49.34,3649,,,
744,2017-06-22 00:00:00,49.53,49.69,49.72,49.47,693,,,
745,2017-06-23 00:00:00,49.73,49.48,49.73,49.34,5941,,,
746,2017-06-26 00:00:00,49.84,49.69,49.97,49.69,1265,,,
747,2017-06-27 00:00:00,49.55,49.34,49.55,49.34,1196,,,
748,2017-06-28 00:00:00,48.98,49.33,49.34,48.96,2057,,,
749,2017-06-29 00:00:00,49.6,48.43,49.6,48.34,41107,,,
750,2017-06-30 00:00:00,48.52,48.21,48.78,48.21,15078,,,
751,2017-07-03 00:00:00,48.59,48.86,48.86,48.59,203,,,
752,2017-07-04 00:00:00,48.81,48.7,48.89,48.7,1631,,,
753,2017-07-05 00:00:00,48.67,48.75,48.85,48.67,20326,,,
754,2017-07-06 00:00:00,48.82,48.53,48.82,48.38,22981,,,
755,2017-07-07 00:00:00,48.54,48.54,48.54,48.38,742,,,
756,2017-07-10 00:00:00,48.59,48.76,48.76,48.59,10163,,,
757,2017-07-11 00:00:00,48.9,48.56,48.9,48.56,463,,,
758,2017-07-12 00:00:00,47.63,48.06,48.15,47.49,4468,,,
759,2017-07-13 00:00:00,48.15,48.24,48.32,48.07,78607,,,
760,2017-07-14 00:00:00,48.24,48.26,48.31,48.23,5734,,,
761,2017-07-17 00:00:00,48.34,48.2,48.34,48.14,6499,,,
762,2017-07-18 00:00:00,48.13,47.71,48.17,47.63,12955,,,
763,2017-07-19 00:00:00,47.89,47.98,47.98,47.7,983,,,
764,2017-07-20 00:00:00,48.21,47.92,48.25,47.89,4127,,,
765,2017-07-21 00:00:00,47.89,47.27,47.93,47.13,10738,,,
766,2017-07-24 00:00:00,47.31,47.27,47.31,47.07,12090,,,
767,2017-07-25 00:00:00,47.36,47.5,47.65,47.36,12849,,,
768,2017-07-26 00:00:00,47.56,47.78,47.83,47.56,7835,,,
769,2017-07-27 00:00:00,47.84,47.81,47.89,47.77,2010,,,
770,2017-07-28 00:00:00,47.5,47.36,47.5,47.32,8519,,,
771,2017-07-31 00:00:00,47.46,47.19,47.49,47.18,3523,,,
772,2017-08-01 00:00:00,47.35,47.54,47.67,47.2,14883,,,
773,2017-08-02 00:00:00,47.58,47.4,47.61,47.37,58337,,,
774,2017-08-03 00:00:00,47.28,47.51,47.54,47.28,3,,,
775,2017-08-04 00:00:00,47.52,48.06,48.06,47.52,477,,,
776,2017-08-07 00:00:00,48.16,48.02,48.16,47.94,21955,,,
777,2017-08-08 00:00:00,47.98,48.18,48.28,47.98,817,,,
778,2017-08-09 00:00:00,47.84,47.61,47.9,47.45,11545,,,
779,2017-08-10 00:00:00,47.51,47.18,47.51,47.09,16278,,,
780,2017-08-11 00:00:00,46.88,46.77,46.9,46.68,25660,,,
781,2017-08-14 00:00:00,47.05,47.38,47.43,47.05,14025,,,
782,2017-08-15 00:00:00,47.62,47.51,47.64,47.51,19467,,,
783,2017-08-16 00:00:00,47.77,47.84,47.94,47.77,82,,,
784,2017-08-17 00:00:00,47.7,47.58,47.81,47.58,367,,,
785,2017-08-18 00:00:00,47.16,47.27,47.27,47.06,22664,,,
786,2017-08-21 00:00:00,47.17,47.04,47.19,46.98,10459,,,
787,2017-08-22 00:00:00,47.34,47.5,47.5,47.25,26409,,,
788,2017-08-23 00:00:00,47.47,47.22,47.55,47.18,20817,,,
789,2017-08-24 00:00:00,47.31,47.22,47.44,47.22,5742,,,
790,2017-08-25 00:00:00,47.35,47.19,47.36,47.19,15956,,,
791,2017-08-28 00:00:00,47.0,46.99,47.15,46.91,10871,,,
792,2017-08-29 00:00:00,46.57,46.47,46.57,46.21,14141,,,
793,2017-08-30 00:00:00,46.76,46.74,46.81,46.74,3793,,,
794,2017-08-31 00:00:00,47.0,47.02,47.16,47.0,3,,,
795,2017-09-01 00:00:00,47.29,47.31,47.42,47.27,413,,,
796,2017-09-04 00:00:00,47.06,47.11,47.18,47.06,31814,,,
797,2017-09-05 00:00:00,47.18,47.03,47.38,47.03,200,,,
798,2017-09-06 00:00:00,46.9,47.15,47.15,46.9,10020,,,
799,2017-09-07 00:00:00,47.33,47.28,47.46,47.28,94,,,
800,2017-09-08 00:00:00,47.12,47.32,47.32,47.12,100,,,
801,2017-09-11 00:00:00,47.67,47.94,47.95,47.67,3151,,,
802,2017-09-12 00:00:00,48.13,48.16,48.2,48.1,574,,,
803,2017-09-13 00:00:00,48.14,48.24,48.24,48.14,7484,,,
804,2017-09-14 00:00:00,48.17,48.26,48.28,48.15,3113,,,
805,2017-09-15 00:00:00,48.19,48.08,48.24,48.08,24211,,,
806,2017-09-18 00:00:00,48.35,48.32,48.36,48.29,25506,,,
807,2017-09-19 00:00:00,48.27,48.41,48.41,48.26,6268,,,
808,2017-09-20 00:00:00,48.31,48.24,48.37,48.24,15674,,,
809,2017-09-21 00:00:00,48.45,48.42,48.49,48.42,2651,,,
810,2017-09-22 00:00:00,48.39,48.46,48.46,48.39,6306,,,
811,2017-09-25 00:00:00,48.37,48.39,48.5,48.34,3827,,,
812,2017-09-26 00:00:00,48.31,48.41,48.47,48.31,2998,,,
813,2017-09-27 00:00:00,48.54,48.65,48.73,48.54,3886,,,
814,2017-09-28 00:00:00,48.73,48.73,48.81,48.73,2462,,,
815,2017-09-29 00:00:00,48.83,49.1,49.1,48.77,16881,,,
816,2017-10-02 00:00:00,49.09,49.25,49.25,49.06,579,,,
817,2017-10-03 00:00:00,49.32,49.36,49.36,49.14,21477,,,
818,2017-10-04 00:00:00,49.33,49.14,49.36,49.08,4566,,,
819,2017-10-05 00:00:00,49.11,49.4,49.4,49.11,11858,,,
820,2017-10-06 00:00:00,49.35,49.21,49.35,49.18,26655,,,
821,2017-10-09 00:00:00,49.45,49.31,49.45,49.27,200,,,
822,2017-10-10 00:00:00,49.21,49.21,49.25,49.17,14879,,,
823,2017-10-11 00:00:00,49.19,49.35,49.35,49.19,1130,,,
824,2017-10-12 00:00:00,49.36,49.37,49.37,49.26,49756,,,
825,2017-10-13 00:00:00,49.25,49.38,49.49,49.25,6680,,,
826,2017-10-16 00:00:00,49.4,49.4,49.45,49.39,1923,,,
827,2017-10-17 00:00:00,49.41,49.4,49.52,49.39,67969,,,
828,2017-10-18 00:00:00,49.45,49.6,49.62,49.45,112,,,
829,2017-10-19 00:00:00,49.54,49.33,49.54,49.19,1219,,,
830,2017-10-20 00:00:00,49.5,49.43,49.5,49.39,19058,,,
831,2017-10-23 00:00:00,49.42,49.45,49.6,49.42,3837,,,
832,2017-10-24 00:00:00,49.49,49.51,49.56,49.49,445,,,
833,2017-10-25 00:00:00,49.49,49.26,49.56,49.26,627,,,
834,2017-10-26 00:00:00,49.24,49.88,49.88,49.21,40246,,,
835,2017-10-27 00:00:00,50.12,50.03,50.2,49.96,15346,,,
836,2017-10-30 00:00:00,50.08,50.15,50.19,50.08,399,,,
837,2017-10-31 00:00:00,50.2,50.39,50.39,50.2,5722,,,
838,2017-11-01 00:00:00,50.59,50.63,50.73,50.59,3990,,,
839,2017-11-02 00:00:00,50.64,50.55,50.64,50.48,934,,,
840,2017-11-03 00:00:00,50.53,50.55,50.55,50.46,18525,,,
841,2017-11-06 00:00:00,50.5,50.49,50.5,50.34,1068,,,
842,2017-11-07 00:00:00,50.62,50.19,50.62,50.19,5317,,,
843,2017-11-08 00:00:00,50.3,50.17,50.3,50.05,15958,,,
844,2017-11-09 00:00:00,50.19,49.64,50.22,49.64,780,,,
845,2017-11-10 00:00:00,49.71,49.44,49.71,49.44,3404,,,
846,2017-11-13 00:00:00,49.49,49.17,49.49,48.86,21698,,,
847,2017-11-14 00:00:00,49.26,48.97,49.26,48.97,15270,,,
848,2017-11-15 00:00:00,48.68,48.77,48.77,48.43,17113,,,
849,2017-11-16 00:00:00,48.99,49.08,49.14,48.99,3065,,,
850,2017-11-17 00:00:00,49.09,48.85,49.09,48.85,361,,,
851,2017-11-20 00:00:00,48.82,49.04,49.05,48.82,2333,,,
852,2017-11-21 00:00:00,48.99,49.31,49.43,48.99,13201,,,
853,2017-11-22 00:00:00,49.33,49.1,49.48,49.1,3066,,,
854,2017-11-23 00:00:00,48.89,49.07,49.18,48.89,19405,,,
855,2017-11-24 00:00:00,49.24,49.28,49.33,49.24,22060,,,
856,2017-11-27 00:00:00,49.08,49.09,49.4,49.02,33143,,,
857,2017-11-28 00:00:00,49.16,49.28,49.28,49.09,2600,,,
858,2017-11-29 00:00:00,49.62,49.38,49.7,49.38,26824,,,
859,2017-11-30 00:00:00,49.38,49.22,49.69,49.22,17995,,,
860,2017-12-01 00:00:00,49.13,48.61,49.24,48.61,23771,,,
861,2017-12-04 00:00:00,49.24,49.25,49.49,49.16,4122,,,
862,2017-12-05 00:00:00,49.27,49.25,49.4,49.18,62033,,,
863,2017-12-06 00:00:00,48.82,49.15,49.15,48.82,1624,,,
864,2017-12-07 00:00:00,49.34,49.34,49.34,49.34,0,,,
865,2017-12-11 00:00:00,49.69,49.51,49.74,49.48,14497,,,
866,2017-12-12 00:00:00,49.58,49.77,49.77,49.48,2805,,,
867,2017-12-13 00:00:00,49.53,49.32,49.57,49.32,1000,,,
868,2017-12-14 00:00:00,49.28,49.03,49.28,49.03,38533,,,
869,2017-12-15 00:00:00,48.9,49.02,49.04,48.9,17958,,,
870,2017-12-18 00:00:00,49.38,49.65,49.69,49.38,118059,,,
871,2017-12-19 00:00:00,49.68,49.44,49.68,49.44,621,,,
872,2017-12-20 00:00:00,49.58,49.08,49.58,49.06,14375,,,
873,2017-12-21 00:00:00,48.98,49.29,49.29,48.86,2187,,,
874,2017-12-22 00:00:00,49.15,49.13,49.18,49.13,6179,,,
875,2017-12-27 00:00:00,49.15,49.11,49.17,49.08,9244,,,
876,2017-12-28 00:00:00,49.07,48.86,49.1,48.86,29718,,,
877,2017-12-29 00:00:00,48.82,48.54,48.82,48.54,22532,,,
878,2018-01-02 00:00:00,48.59,48.51,48.59,48.28,20533,,,
879,2018-01-03 00:00:00,48.49,48.81,48.81,48.49,4673,,,
880,2018-01-04 00:00:00,49.2,49.63,49.63,49.2,3326,,,
881,2018-01-05 00:00:00,49.76,50.11,50.11,49.76,4686,,,
882,2018-01-08 00:00:00,50.34,50.25,50.36,50.25,132,,,
883,2018-01-09 00:00:00,50.37,50.48,50.55,50.37,20721,,,
884,2018-01-10 00:00:00,50.32,50.26,50.44,50.17,11361,,,
885,2018-01-11 00:00:00,50.3,50.12,50.3,50.1,473,,,
886,2018-01-12 00:00:00,50.2,50.29,50.29,50.15,5130,,,
887,2018-01-15 00:00:00,50.28,50.27,50.31,50.22,477,,,
888,2018-01-16 00:00:00,50.36,50.41,50.56,50.3,13378,,,
889,2018-01-17 00:00:00,50.26,50.31,50.47,50.26,22543,,,
890,2018-01-18 00:00:00,50.47,50.44,50.47,50.34,1105,,,
891,2018-01-19 00:00:00,50.5,50.82,50.82,50.5,6352,,,
892,2018-01-22 00:00:00,50.81,51.0,51.0,50.79,624,,,
893,2018-01-23 00:00:00,51.22,51.06,51.31,51.05,5497,,,
894,2018-01-24 00:00:00,51.03,50.6,51.03,50.6,1955,,,
895,2018-01-25 00:00:00,50.63,50.39,50.8,50.32,1540,,,
896,2018-01-26 00:00:00,50.43,50.7,50.72,50.43,1757,,,
897,2018-01-29 00:00:00,50.79,50.58,50.79,50.58,6415,,,
898,2018-01-30 00:00:00,50.34,50.1,50.42,50.1,226,,,
899,2018-01-31 00:00:00,50.27,50.17,50.27,50.14,182,,,
900,2018-02-01 00:00:00,50.43,49.935,50.43,49.885,10326,,,
901,2018-02-02 00:00:00,49.74,49.21,49.74,49.21,4051,,,
902,2018-02-05 00:00:00,48.89,48.54,48.89,48.54,24592,,,
903,2018-02-06 00:00:00,46.975,47.375,47.85,46.975,33869,,,
904,2018-02-07 00:00:00,47.8,48.355,48.355,47.8,2504,,,
905,2018-02-08 00:00:00,48.125,47.34,48.125,47.34,1045,,,
906,2018-02-09 00:00:00,47.195,46.705,47.195,46.52,7782,,,
907,2018-02-12 00:00:00,47.09,47.245,47.245,47.09,0,,,
908,2018-02-13 00:00:00,47.31,46.9,47.31,46.9,18762,,,
909,2018-02-14 00:00:00,47.22,47.35,47.35,47.22,4299,,,
910,2018-02-15 00:00:00,47.76,47.68,47.855,47.63,3750,,,
911,2018-02-16 00:00:00,48.01,48.195,48.195,47.955,23211,,,
912,2018-02-19 00:00:00,48.265,47.9,48.265,47.9,2652,,,
913,2018-02-20 00:00:00,48.04,48.215,48.215,48.02,756,,,
914,2018-02-21 00:00:00,48.1,48.25,48.25,47.945,3112,,,
915,2018-02-22 00:00:00,47.835,48.215,48.215,47.835,4250,,,
916,2018-02-23 00:00:00,48.315,48.36,48.365,48.235,4877,,,
917,2018-02-26 00:00:00,48.665,48.59,48.665,48.59,3,,,
918,2018-02-27 00:00:00,48.73,48.53,48.73,48.495,2952,,,
919,2018-02-28 00:00:00,48.385,48.3,48.395,48.3,2541,,,
920,2018-03-01 00:00:00,48.24,47.73,48.24,47.73,200,,,
921,2018-03-02 00:00:00,47.23,46.735,47.23,46.735,0,,,
922,2018-03-05 00:00:00,46.55,47.125,47.125,46.55,16291,,,
923,2018-03-06 00:00:00,47.54,47.28,47.54,47.28,0,,,
924,2018-03-07 00:00:00,47.105,47.57,47.585,47.105,2602,,,
925,2018-03-08 00:00:00,47.575,48.08,48.17,47.575,53,,,
926,2018-03-09 00:00:00,48.065,48.2,48.2,48.02,7390,,,
927,2018-03-12 00:00:00,48.445,48.32,48.48,48.32,5216,,,
928,2018-03-13 00:00:00,48.355,47.905,48.4,47.905,519,,,
929,2018-03-14 00:00:00,47.83,47.77,48.05,47.67,1426,,,
930,2018-03-15 00:00:00,47.895,48.06,48.06,47.895,0,,,
931,2018-03-16 00:00:00,48.04,48.21,48.23,48.04,683,,,
932,2018-03-19 00:00:00,48.08,47.715,48.08,47.715,734,,,
933,2018-03-20 00:00:00,47.825,47.975,48.01,47.6,5218,,,
934,2018-03-21 00:00:00,48.03,47.89,48.03,47.88,441,,,
935,2018-03-22 00:00:00,47.555,47.16,47.555,46.91,5360,,,
936,2018-03-23 00:00:00,46.715,46.55,46.76,46.32,14721,,,
937,2018-03-26 00:00:00,46.64,46.245,46.75,46.115,12289,,,
938,2018-03-27 00:00:00,47.035,46.825,47.035,46.825,2804,,,
939,2018-03-28 00:00:00,46.43,47.03,47.03,46.19,9216,,,
940,2018-03-29 00:00:00,47.145,47.31,47.32,47.145,8,,,
941,2018-04-03 00:00:00,47.005,47.115,47.215,46.985,45147,,,
942,2018-04-04 00:00:00,47.12,46.935,47.12,46.595,758,,,
943,2018-04-05 00:00:00,47.61,48.105,48.11,47.61,733,,,
944,2018-04-06 00:00:00,47.93,47.94,47.94,47.91,6803,,,
945,2018-04-09 00:00:00,48.01,48.0,48.085,47.87,1201,,,
946,2018-04-10 00:00:00,48.245,48.36,48.36,48.185,6308,,,
947,2018-04-11 00:00:00,48.215,48.03,48.215,48.005,4183,,,
948,2018-04-12 00:00:00,48.06,48.355,48.355,48.06,0,,,
949,2018-04-13 00:00:00,48.485,48.435,48.555,48.435,11387,,,
950,2018-04-16 00:00:00,48.5,48.42,48.5,48.32,6,,,
951,2018-04-17 00:00:00,48.48,48.865,48.87,48.48,115,,,
952,2018-04-18 00:00:00,48.97,49.025,49.025,48.91,41,,,
953,2018-04-19 00:00:00,49.105,48.985,49.105,48.95,21835,,,
954,2018-04-20 00:00:00,49.005,49.03,49.125,48.93,5042,,,
955,2018-04-23 00:00:00,49.21,49.21,49.21,49.21,3545,,,
956,2018-04-24 00:00:00,49.19,49.16,49.325,48.985,3608,,,
957,2018-04-25 00:00:00,48.87,48.81,48.975,48.58,10825,,,
958,2018-04-26 00:00:00,48.78,49.205,49.205,48.78,15399,,,
959,2018-04-27 00:00:00,49.34,49.465,49.465,49.265,209,,,
960,2018-04-30 00:00:00,49.465,49.64,49.64,49.455,8,,,
961,2018-05-02 00:00:00,49.56,49.935,49.995,49.56,1795,,,
962,2018-05-03 00:00:00,49.925,49.65,49.925,49.65,54,,,
963,2018-05-04 00:00:00,49.785,49.965,49.965,49.665,114,,,
964,2018-05-07 00:00:00,50.04,50.29,50.29,50.04,40,,,
965,2018-05-08 00:00:00,50.28,50.24,50.28,50.09,492,,,
966,2018-05-09 00:00:00,50.3,50.38,50.38,50.22,23519,,,
967,2018-05-10 00:00:00,50.39,50.46,50.47,50.35,6900,,,
968,2018-05-11 00:00:00,50.51,50.51,50.51,50.38,685,,,
969,2018-05-14 00:00:00,50.6,50.54,50.6,50.39,2978,,,
970,2018-05-15 00:00:00,50.44,50.54,50.55,50.44,318,,,
971,2018-05-16 00:00:00,50.52,50.48,50.52,50.39,211,,,
972,2018-05-17 00:00:00,50.49,50.84,50.84,50.49,1247,,,
973,2018-05-18 00:00:00,50.77,50.64,50.77,50.64,2200,,,
974,2018-05-21 00:00:00,50.81,50.82,50.82,50.79,10,,,
975,2018-05-22 00:00:00,50.91,51.03,51.09,50.91,10000,,,
976,2018-05-23 00:00:00,50.94,50.41,50.94,50.41,4040,,,
977,2018-05-24 00:00:00,50.53,50.16,50.53,50.0,6089,,,
978,2018-05-25 00:00:00,50.31,50.11,50.5,50.11,169,,,
979,2018-05-28 00:00:00,50.5,49.84,50.5,49.72,770,,,
980,2018-05-29 00:00:00,49.495,49.105,49.495,48.75,16374,,,
981,2018-05-30 00:00:00,49.215,49.38,49.38,49.215,0,,,
982,2018-05-31 00:00:00,49.515,48.96,49.6,48.96,9338,,,
983,2018-06-01 00:00:00,49.405,49.595,49.595,49.405,19,,,
984,2018-06-04 00:00:00,49.92,49.74,49.965,49.74,1439,,,
985,2018-06-05 00:00:00,49.695,49.645,50.0,49.645,8387,,,
986,2018-06-06 00:00:00,49.765,49.79,49.79,49.7,1,,,
987,2018-06-07 00:00:00,49.975,49.71,49.99,49.595,2468,,,
988,2018-06-08 00:00:00,49.275,49.54,49.58,49.25,7980,,,
989,2018-06-11 00:00:00,49.885,50.0,50.0,49.8,125,,,
990,2018-06-12 00:00:00,50.23,49.95,50.23,49.95,683,,,
991,2018-06-13 00:00:00,50.02,50.06,50.06,50.02,0,,,
992,2018-06-14 00:00:00,49.8,50.64,50.64,49.695,32,,,
993,2018-06-15 00:00:00,50.72,50.24,50.72,50.24,9974,,,
994,2018-06-18 00:00:00,50.15,49.825,50.15,49.7,765,,,
995,2018-06-19 00:00:00,49.16,49.385,49.45,49.12,4872,,,
996,2018-06-20 00:00:00,49.66,49.38,49.66,49.38,10364,,,
997,2018-06-21 00:00:00,49.475,48.88,49.575,48.88,503,,,
998,2018-06-22 00:00:00,49.01,49.325,49.325,49.01,0,,,
999,2018-06-25 00:00:00,49.04,48.275,49.175,48.275,158,,,
1000,2018-06-26 00:00:00,48.58,48.315,48.58,48.315,0,,,
1001,2018-06-27 00:00:00,48.38,48.695,48.695,48.18,2704,,,
1002,2018-06-28 00:00:00,48.575,48.205,48.71,48.195,1164,,,
1003,2018-06-29 00:00:00,48.795,48.575,48.805,48.575,1245,,,
1004,2018-07-02 00:00:00,48.05,48.24,48.24,48.05,0,,,
1005,2018-07-03 00:00:00,48.54,48.68,48.79,48.54,3405,,,
1006,2018-07-04 00:00:00,48.615,48.675,48.675,48.615,0,,,
1007,2018-07-05 00:00:00,48.785,49.09,49.09,48.785,490,,,
1008,2018-07-06 00:00:00,49.275,49.26,49.275,49.14,18,,,
1009,2018-07-09 00:00:00,49.59,49.475,49.59,49.4,2559,,,
1010,2018-07-10 00:00:00,49.54,49.675,49.675,49.54,2500,,,
1011,2018-07-11 00:00:00,48.005,47.725,48.005,47.725,40,,,
1012,2018-07-12 00:00:00,47.78,48.045,48.045,47.78,13,,,
1013,2018-07-13 00:00:00,48.24,48.16,48.24,48.14,2000,,,
1014,2018-07-16 00:00:00,48.145,48.12,48.145,48.12,0,,,
1015,2018-07-17 00:00:00,48.065,48.305,48.305,48.04,21,,,
1016,2018-07-18 00:00:00,48.505,48.615,48.615,48.505,275,,,
1017,2018-07-19 00:00:00,48.54,48.405,48.54,48.405,0,,,
1018,2018-07-20 00:00:00,48.355,48.255,48.5,48.1,138680,,,
1019,2018-07-23 00:00:00,48.015,48.12,48.12,48.015,10000,,,
1020,2018-07-24 00:00:00,48.44,48.575,48.575,48.35,688,,,
1021,2018-07-25 00:00:00,48.585,48.365,48.585,48.365,40000,,,
1022,2018-07-26 00:00:00,48.645,48.825,48.825,48.545,62753,,,
1023,2018-07-27 00:00:00,48.92,49.04,49.08,48.92,5040,,,
1024,2018-07-30 00:00:00,48.965,48.835,48.965,48.835,2530,,,
1025,2018-07-31 00:00:00,48.84,49.005,49.005,48.84,0,,,
1026,2018-08-01 00:00:00,49.025,48.76,49.025,48.76,12000,,,
1027,2018-08-02 00:00:00,48.455,48.345,48.455,48.295,815,,,
1028,2018-08-03 00:00:00,48.4,48.595,48.635,48.4,21799,,,
1029,2018-08-06 00:00:00,48.695,48.55,48.695,48.55,18951,,,
1030,2018-08-07 00:00:00,48.725,48.795,48.91,48.725,130,,,
1031,2018-08-08 00:00:00,48.745,48.685,48.745,48.685,10,,,
1032,2018-08-09 00:00:00,48.585,48.71,48.71,48.585,0,,,
1033,2018-08-10 00:00:00,48.32,47.9,48.32,47.88,821,,,
1034,2018-08-13 00:00:00,47.665,47.775,47.79,47.595,1262,,,
1035,2018-08-14 00:00:00,47.98,47.735,47.98,47.735,0,,,
1036,2018-08-15 00:00:00,47.78,46.975,47.78,46.975,6300,,,
1037,2018-08-16 00:00:00,47.14,47.32,47.32,47.14,138,,,
1038,2018-08-17 00:00:00,47.345,47.29,47.345,47.055,218,,,
1039,2018-08-20 00:00:00,47.335,47.62,47.64,47.335,21512,,,
1040,2018-08-21 00:00:00,47.645,47.82,47.895,47.645,4646,,,
1041,2018-08-22 00:00:00,47.83,47.865,47.9,47.83,166,,,
1042,2018-08-23 00:00:00,47.935,47.83,47.935,47.83,0,,,
1043,2018-08-24 00:00:00,47.93,47.95,47.955,47.93,3585,,,
1044,2018-08-27 00:00:00,48.08,48.345,48.345,48.08,6164,,,
1045,2018-08-28 00:00:00,48.51,48.36,48.51,48.36,20,,,
1046,2018-08-29 00:00:00,48.4,48.46,48.46,48.265,6221,,,
1047,2018-08-30 00:00:00,48.355,48.145,48.355,48.115,1639,,,
1048,2018-08-31 00:00:00,47.975,47.66,47.975,47.66,20,,,
1049,2018-09-03 00:00:00,47.645,47.675,47.675,47.58,1082,,,
1050,2018-09-04 00:00:00,47.87,47.265,47.87,47.265,10632,,,
1051,2018-09-05 00:00:00,47.1,46.685,47.1,46.685,3,,,
1052,2018-09-06 00:00:00,46.575,46.42,46.575,46.42,86,,,
1053,2018-09-07 00:00:00,46.405,46.435,46.495,46.35,5529,,,
1054,2018-09-10 00:00:00,46.365,46.675,46.675,46.365,773,,,
1055,2018-09-11 00:00:00,46.75,46.67,46.75,46.43,5066,,,
1056,2018-09-12 00:00:00,46.69,46.88,46.88,46.69,0,,,
1057,2018-09-13 00:00:00,46.835,46.89,47.065,46.835,3253,,,
1058,2018-09-14 00:00:00,47.08,47.075,47.08,47.0,307,,,
1059,2018-09-17 00:00:00,46.985,47.085,47.085,46.94,21284,,,
1060,2018-09-18 00:00:00,47.11,47.24,47.25,47.11,240,,,
1061,2018-09-19 00:00:00,47.335,47.415,47.45,47.335,2778,,,
1062,2018-09-20 00:00:00,47.45,47.79,47.79,47.45,5700,,,
1063,2018-09-21 00:00:00,48.04,48.07,48.18,47.985,3249,,,
1064,2018-09-24 00:00:00,47.965,47.78,47.965,47.78,0,,,
1065,2018-09-25 00:00:00,47.85,47.89,48.0,47.85,1964,,,
1066,2018-09-26 00:00:00,47.89,47.99,47.99,47.875,91,,,
1067,2018-09-27 00:00:00,47.825,48.145,48.145,47.585,460,,,
1068,2018-09-28 00:00:00,47.87,47.525,47.87,47.5,198,,,
1069,2018-10-01 00:00:00,47.645,47.68,47.73,47.645,251,,,
1070,2018-10-02 00:00:00,47.33,47.41,47.41,47.31,255,,,
1071,2018-10-03 00:00:00,47.44,47.67,47.67,47.44,1490,,,
1072,2018-10-04 00:00:00,47.52,47.14,47.52,47.14,107,,,
1073,2018-10-05 00:00:00,47.095,46.73,47.095,46.73,55,,,
1074,2018-10-08 00:00:00,46.605,46.175,46.605,46.175,27,,,
1075,2018-10-09 00:00:00,46.28,46.3,46.3,45.915,566,,,
1076,2018-10-10 00:00:00,46.265,45.39,46.265,45.35,9221,,,
1077,2018-10-11 00:00:00,45.115,44.605,45.115,44.605,22147,,,
1078,2018-10-12 00:00:00,45.035,44.475,45.06,44.475,451,,,
1079,2018-10-15 00:00:00,44.46,44.6,44.6,44.365,132,,,
1080,2018-10-16 00:00:00,44.605,45.365,45.365,44.605,750,,,
1081,2018-10-17 00:00:00,45.56,45.155,45.56,45.155,12537,,,
1082,2018-10-18 00:00:00,45.135,44.78,45.135,44.78,12537,,,
1083,2018-10-19 00:00:00,44.75,44.63,44.75,44.47,6000,,,
1084,2018-10-22 00:00:00,45.075,44.4,45.075,44.37,384,,,
1085,2018-10-23 00:00:00,43.825,43.615,43.825,43.55,14852,,,
1086,2018-10-24 00:00:00,43.815,43.365,44.15,43.365,85541,,,
1087,2018-10-25 00:00:00,43.145,43.915,43.915,43.145,647,,,
1088,2018-10-26 00:00:00,43.45,43.565,43.565,43.25,118,,,
1089,2018-10-29 00:00:00,43.51,43.855,44.055,43.51,9,,,
1090,2018-10-30 00:00:00,43.975,43.785,43.975,43.61,45901,,,
1091,2018-10-31 00:00:00,44.365,44.495,44.555,44.365,12504,,,
1092,2018-11-01 00:00:00,44.51,44.67,44.78,44.51,15545,,,
1093,2018-11-02 00:00:00,45.315,44.885,45.315,44.885,5000,,,
1094,2018-11-05 00:00:00,44.88,44.79,44.905,44.79,14,,,
1095,2018-11-06 00:00:00,44.875,44.67,44.875,44.67,0,,,
1096,2018-11-07 00:00:00,44.91,45.225,45.225,44.91,0,,,
1097,2018-11-08 00:00:00,45.345,45.1,45.42,45.1,3500,,,
1098,2018-11-09 00:00:00,44.88,44.92,44.92,44.76,5200,,,
1099,2018-11-12 00:00:00,45.185,44.435,45.185,44.425,411,,,
1100,2018-11-13 00:00:00,44.62,44.9,44.9,44.62,1140,,,
1101,2018-11-14 00:00:00,44.475,44.675,45.035,44.475,2013,,,
1102,2018-11-15 00:00:00,44.865,44.375,44.865,44.095,11513,,,
1103,2018-11-16 00:00:00,44.675,44.31,44.675,44.31,0,,,
1104,2018-11-19 00:00:00,44.485,43.95,44.485,43.95,110,,,
1105,2018-11-20 00:00:00,43.685,43.28,43.685,43.28,237,,,
1106,2018-11-21 00:00:00,43.515,43.79,43.79,43.515,78,,,
1107,2018-11-22 00:00:00,43.645,43.44,43.645,43.44,6856,,,
1108,2018-11-23 00:00:00,43.465,43.625,43.625,43.45,11250,,,
1109,2018-11-26 00:00:00,43.97,44.17,44.17,43.97,4180,,,
1110,2018-11-27 00:00:00,44.2,44.08,44.2,43.91,263,,,
1111,2018-11-28 00:00:00,44.255,44.055,44.255,44.055,16565,,,
1112,2018-11-29 00:00:00,44.425,44.17,44.425,44.13,4150,,,
1113,2018-11-30 00:00:00,44.18,44.05,44.18,43.92,12,,,
1114,2018-12-03 00:00:00,45.15,44.63,45.15,44.63,552,,,
1115,2018-12-04 00:00:00,44.59,44.195,44.59,44.195,51,,,
1116,2018-12-05 00:00:00,43.665,43.705,43.84,43.665,28,,,
1117,2018-12-06 00:00:00,43.29,42.25,43.29,42.25,9669,,,
1118,2018-12-07 00:00:00,42.645,42.495,42.645,42.495,0,,,
1119,2018-12-10 00:00:00,42.33,41.78,42.33,41.78,2288,,,
1120,2018-12-11 00:00:00,42.125,42.31,42.57,42.125,4297,,,
1121,2018-12-12 00:00:00,42.345,42.87,42.935,42.345,62869,,,
1122,2018-12-13 00:00:00,43.13,42.875,43.13,42.82,16405,,,
1123,2018-12-14 00:00:00,42.54,42.595,42.745,42.54,1837,,,
1124,2018-12-17 00:00:00,42.435,42.145,42.455,42.145,322,,,
1125,2018-12-18 00:00:00,41.92,41.875,42.185,41.875,14522,,,
1126,2018-12-19 00:00:00,41.96,42.075,42.135,41.96,3004,,,
1127,2018-12-20 00:00:00,41.415,41.335,41.545,41.335,12252,,,
1128,2018-12-21 00:00:00,41.13,41.33,41.33,40.87,94481,,,
1129,2018-12-24 00:00:00,40.885,40.6,40.885,40.6,2,,,
1130,2018-12-27 00:00:00,40.625,40.425,40.63,40.285,2552,,,
1131,2018-12-28 00:00:00,40.66,41.04,41.14,40.66,16434,,,
1132,2018-12-31 00:00:00,41.345,41.48,41.48,41.345,0,,,
1133,2019-01-02 00:00:00,40.88,41.22,41.22,40.765,391,,,
1134,2019-01-03 00:00:00,40.875,40.735,41.065,40.735,5344,,,
1135,2019-01-04 00:00:00,41.175,41.93,41.93,41.175,282,,,
1136,2019-01-07 00:00:00,42.045,41.905,42.045,41.76,96,,,
1137,2019-01-08 00:00:00,41.985,42.235,42.37,41.985,3499,,,
1138,2019-01-09 00:00:00,42.565,42.52,42.71,42.465,24204,,,
1139,2019-01-10 00:00:00,42.295,42.59,42.59,42.255,4023,,,
1140,2019-01-11 00:00:00,42.68,42.51,42.68,42.405,1613,,,
1141,2019-01-14 00:00:00,42.37,42.285,42.37,42.07,1513,,,
1142,2019-01-15 00:00:00,42.83,42.46,42.83,42.365,1029,,,
1143,2019-01-16 00:00:00,42.64,42.71,42.71,42.505,701,,,
1144,2019-01-17 00:00:00,42.43,42.68,42.68,42.43,1632,,,
1145,2019-01-18 00:00:00,42.925,43.465,43.465,42.925,24036,,,
1146,2019-01-21 00:00:00,43.395,43.38,43.42,43.345,949,,,
1147,2019-01-22 00:00:00,43.215,43.205,43.25,43.08,7036,,,
1148,2019-01-23 00:00:00,42.97,43.24,43.495,42.96,93,,,
1149,2019-01-24 00:00:00,43.25,43.465,43.5,43.25,15088,,,
1150,2019-01-25 00:00:00,43.75,43.935,43.97,43.75,10744,,,
1151,2019-01-28 00:00:00,43.79,43.585,43.815,43.585,149,,,
1152,2019-01-29 00:00:00,43.545,43.79,43.965,43.545,1242,,,
1153,2019-01-30 00:00:00,43.845,43.93,43.93,43.805,61,,,
1154,2019-01-31 00:00:00,44.125,43.89,44.125,43.585,5137,,,
1155,2019-02-01 00:00:00,43.935,43.955,44.01,43.79,4683,,,
1156,2019-02-04 00:00:00,44.03,43.925,44.03,43.71,966,,,
1157,2019-02-05 00:00:00,43.95,44.66,44.66,43.95,22816,,,
1158,2019-02-06 00:00:00,44.59,44.715,44.74,44.505,1756,,,
1159,2019-02-07 00:00:00,44.57,43.82,44.57,43.82,10672,,,
1160,2019-02-08 00:00:00,43.77,43.485,43.915,43.485,5911,,,
1161,2019-02-11 00:00:00,43.68,43.9,43.965,43.68,339,,,
1162,2019-02-12 00:00:00,44.235,44.235,44.235,44.235,0,,,
1163,2019-02-13 00:00:00,44.38,44.425,44.45,44.35,684,,,
1164,2019-02-14 00:00:00,44.73,44.235,44.73,44.235,5993,,,
1165,2019-02-15 00:00:00,44.22,44.975,44.975,44.22,1238,,,
1166,2019-02-18 00:00:00,45.0,45.11,45.11,45.0,23827,,,
1167,2019-02-19 00:00:00,45.075,45.01,45.075,44.86,2337,,,
1168,2019-02-20 00:00:00,45.23,45.305,45.305,45.055,938,,,
1169,2019-02-21 00:00:00,45.36,45.27,45.36,45.21,9200,,,
1170,2019-02-22 00:00:00,45.265,45.355,45.48,45.265,18149,,,
1171,2019-02-25 00:00:00,45.6,45.495,45.6,45.46,56,,,
1172,2019-02-26 00:00:00,45.29,45.555,45.615,45.29,272,,,
1173,2019-02-27 00:00:00,45.42,45.405,45.42,45.315,5126,,,
1174,2019-02-28 00:00:00,45.24,45.61,45.62,45.24,11955,,,
1175,2019-03-01 00:00:00,45.88,45.885,46.025,45.88,2689,,,
1176,2019-03-04 00:00:00,46.14,45.98,46.14,45.98,4200,,,
1177,2019-03-05 00:00:00,45.965,46.025,46.11,45.825,27417,,,
1178,2019-03-06 00:00:00,45.97,45.945,46.12,45.865,28077,,,
1179,2019-03-07 00:00:00,45.94,45.685,45.94,45.535,418,,,
1180,2019-03-08 00:00:00,45.445,45.335,45.455,45.18,19467,,,
1181,2019-03-11 00:00:00,45.55,45.655,45.68,45.38,15266,,,
1182,2019-03-12 00:00:00,45.88,45.655,45.88,45.655,7,,,
1183,2019-03-13 00:00:00,45.615,45.875,45.91,45.615,148,,,
1184,2019-03-14 00:00:00,45.965,46.17,46.19,45.965,797,,,
1185,2019-03-15 00:00:00,46.065,46.64,46.64,46.065,30196,,,
1186,2019-03-18 00:00:00,46.67,46.71,46.78,46.65,160,,,
1187,2019-03-19 00:00:00,46.835,47.06,47.125,46.835,1729,,,
1188,2019-03-20 00:00:00,46.915,46.555,46.915,46.555,905,,,
1189,2019-03-21 00:00:00,46.52,46.545,46.545,46.23,1724,,,
1190,2019-03-22 00:00:00,46.69,45.72,46.69,45.72,2368,,,
1191,2019-03-25 00:00:00,45.655,45.585,45.655,45.53,6609,,,
1192,2019-03-26 00:00:00,45.64,45.87,45.87,45.485,259,,,
1193,2019-03-27 00:00:00,45.99,45.935,46.105,45.775,4125,,,
1194,2019-03-28 00:00:00,45.965,45.84,46.09,45.82,6460,,,
1195,2019-03-29 00:00:00,46.135,46.225,46.225,45.95,1960,,,
1196,2019-04-01 00:00:00,46.595,46.77,46.77,46.575,461,,,
1197,2019-04-02 00:00:00,46.93,46.945,46.945,46.835,549,,,
1198,2019-04-03 00:00:00,47.335,47.505,47.525,47.31,6454,,,
1199,2019-04-04 00:00:00,47.485,47.545,47.6,47.44,20077,,,
1200,2019-04-05 00:00:00,47.61,47.63,47.63,47.57,6439,,,
1201,2019-04-08 00:00:00,47.57,47.49,47.58,47.455,845,,,
1202,2019-04-09 00:00:00,47.395,47.205,47.395,47.205,37,,,
1203,2019-04-10 00:00:00,47.255,47.32,47.42,47.255,13047,,,
1204,2019-04-11 00:00:00,47.425,47.52,47.52,47.425,10,,,
1205,2019-04-12 00:00:00,47.475,47.755,47.755,47.38,1305,,,
1206,2019-04-15 00:00:00,47.915,47.845,47.915,47.785,2664,,,
1207,2019-04-16 00:00:00,47.91,48.035,48.035,47.91,3066,,,
1208,2019-04-17 00:00:00,48.105,48.2,48.29,47.99,15715,,,
1209,2019-04-18 00:00:00,48.235,48.345,48.37,47.93,6931,,,
1210,2019-04-23 00:00:00,48.4,48.46,48.46,48.23,2326,,,
1211,2019-04-24 00:00:00,48.335,48.385,48.385,48.305,60,,,
1212,2019-04-25 00:00:00,48.445,48.26,48.445,48.215,565,,,
1213,2019-04-26 00:00:00,48.305,48.4,48.4,48.23,2469,,,
1214,2019-04-29 00:00:00,48.39,48.51,48.51,48.255,2199,,,
1215,2019-04-30 00:00:00,48.425,48.615,48.615,48.41,3,,,
1216,2019-05-02 00:00:00,48.495,48.395,48.58,48.395,2430,,,
1217,2019-05-03 00:00:00,48.405,48.49,48.57,48.405,1221,,,
1218,2019-05-06 00:00:00,47.49,47.99,47.99,47.49,101,,,
1219,2019-05-07 00:00:00,48.045,47.34,48.045,47.34,102,,,
1220,2019-05-08 00:00:00,47.41,47.5,47.5,47.255,297,,,
1221,2019-05-09 00:00:00,47.15,46.675,47.15,46.65,2612,,,
1222,2019-05-10 00:00:00,47.13,46.84,47.19,46.84,13282,,,
1223,2019-05-13 00:00:00,46.915,46.2,46.915,46.145,779,,,
1224,2019-05-14 00:00:00,46.425,46.78,46.78,46.425,5506,,,
1225,2019-05-15 00:00:00,46.985,47.05,47.05,46.585,530,,,
1226,2019-05-16 00:00:00,46.98,47.705,47.705,46.93,13836,,,
1227,2019-05-17 00:00:00,47.525,47.525,47.525,47.245,7125,,,
1228,2019-05-20 00:00:00,47.45,46.9,47.56,46.865,2925,,,
1229,2019-05-21 00:00:00,47.105,47.23,47.255,46.995,433,,,
1230,2019-05-22 00:00:00,47.165,47.205,47.38,46.92,8855,,,
1231,2019-05-23 00:00:00,46.885,46.505,46.885,46.4,498,,,
1232,2019-05-24 00:00:00,46.66,46.705,46.825,46.66,4724,,,
1233,2019-05-27 00:00:00,47.045,46.89,47.045,46.845,162,,,
1234,2019-05-28 00:00:00,46.965,46.745,46.965,46.62,5599,,,
1235,2019-05-29 00:00:00,46.15,46.05,46.185,46.0,991,,,
1236,2019-05-30 00:00:00,46.315,46.36,46.36,46.315,104,,,
1237,2019-05-31 00:00:00,45.96,45.89,45.96,45.6,105,,,
1238,2019-06-03 00:00:00,45.6,46.095,46.095,45.56,13792,,,
1239,2019-06-04 00:00:00,45.795,46.51,46.51,45.795,473,,,
1240,2019-06-05 00:00:00,46.52,46.62,46.73,46.485,15626,,,
1241,2019-06-06 00:00:00,46.655,46.535,47.01,46.535,10202,,,
1242,2019-06-07 00:00:00,46.73,47.05,47.09,46.73,575,,,
1243,2019-06-10 00:00:00,47.22,47.28,47.28,47.2,7,,,
1244,2019-06-11 00:00:00,47.32,47.515,47.68,47.32,2182,,,
1245,2019-06-12 00:00:00,47.325,47.31,47.38,47.21,173,,,
1246,2019-06-13 00:00:00,47.21,47.36,47.455,47.21,3947,,,
1247,2019-06-14 00:00:00,47.17,47.155,47.195,47.05,1332,,,
1248,2019-06-17 00:00:00,47.195,47.165,47.27,47.165,6496,,,
1249,2019-06-18 00:00:00,47.095,48.06,48.08,46.945,21728,,,
1250,2019-06-19 00:00:00,48.105,48.14,48.15,48.03,1419,,,
1251,2019-06-20 00:00:00,48.48,48.265,48.535,48.265,10244,,,
1252,2019-06-21 00:00:00,48.395,48.195,48.45,48.155,27365,,,
1253,2019-06-24 00:00:00,48.205,48.04,48.205,48.04,407,,,
1254,2019-06-25 00:00:00,47.86,47.9,47.945,47.855,1821,,,
1255,2019-06-26 00:00:00,47.86,47.85,48.05,47.85,360,,,
1256,2019-06-27 00:00:00,47.905,47.855,47.945,47.84,12611,,,
1257,2019-06-28 00:00:00,47.91,48.24,48.24,47.91,6099,,,
1258,2019-07-01 00:00:00,48.88,48.625,48.88,48.625,872,,,
1259,2019-07-02 00:00:00,48.665,48.685,48.71,48.555,16669,,,
1260,2019-07-03 00:00:00,48.81,49.2,49.2,48.81,11001,,,
1261,2019-07-04 00:00:00,49.33,49.305,49.33,49.225,9923,,,
1262,2019-07-05 00:00:00,49.28,49.015,49.28,48.89,17515,,,
1263,2019-07-08 00:00:00,48.95,48.905,49.05,48.81,6601,,,
1264,2019-07-09 00:00:00,48.635,48.655,48.655,48.445,5131,,,
1265,2019-07-10 00:00:00,47.32,47.175,47.32,47.0,11442,,,
1266,2019-07-11 00:00:00,47.33,47.12,47.33,47.12,6524,,,
1267,2019-07-12 00:00:00,47.145,47.185,47.185,47.12,3389,,,
1268,2019-07-15 00:00:00,47.315,47.315,47.35,47.125,1907,,,
1269,2019-07-16 00:00:00,47.335,47.545,47.55,47.315,768,,,
1270,2019-07-17 00:00:00,47.54,47.275,47.58,47.205,125843,,,
1271,2019-07-18 00:00:00,46.905,47.025,47.195,46.905,11676,,,
1272,2019-07-19 00:00:00,47.275,47.02,47.275,46.93,2327,,,
1273,2019-07-22 00:00:00,47.175,47.15,47.21,47.025,5738,,,
1274,2019-07-23 00:00:00,47.42,47.74,47.855,47.42,1062,,,
1275,2019-07-24 00:00:00,47.775,47.91,47.91,47.66,5876,,,
1276,2019-07-25 00:00:00,48.115,47.605,48.32,47.53,7419,,,
1277,2019-07-26 00:00:00,47.605,47.73,47.73,47.595,5919,,,
1278,2019-07-29 00:00:00,47.6,47.665,47.775,47.59,6643,,,
1279,2019-07-30 00:00:00,47.755,46.84,47.755,46.84,654,,,
1280,2019-07-31 00:00:00,46.82,46.97,47.065,46.79,105428,,,
1281,2019-08-01 00:00:00,46.8,47.27,47.27,46.8,4294,,,
1282,2019-08-02 00:00:00,46.31,45.935,46.365,45.935,4483,,,
1283,2019-08-05 00:00:00,45.56,44.935,45.56,44.845,68559,,,
1284,2019-08-06 00:00:00,45.02,44.745,45.295,44.745,33148,,,
1285,2019-08-07 00:00:00,44.92,44.96,45.31,44.92,9289,,,
1286,2019-08-08 00:00:00,45.58,45.785,45.785,45.38,19738,,,
1287,2019-08-09 00:00:00,45.635,45.245,45.635,45.245,1897,,,
1288,2019-08-12 00:00:00,45.77,45.075,45.77,45.055,154,,,
1289,2019-08-13 00:00:00,44.915,45.375,45.385,44.655,9508,,,
1290,2019-08-14 00:00:00,45.32,44.455,45.32,44.455,2472,,,
1291,2019-08-15 00:00:00,44.59,44.275,44.59,44.03,7113,,,
1292,2019-08-16 00:00:00,44.44,44.925,44.925,44.44,15085,,,
1293,2019-08-19 00:00:00,45.375,45.52,45.52,45.27,2691,,,
1294,2019-08-20 00:00:00,45.55,45.185,45.55,45.185,16283,,,
1295,2019-08-21 00:00:00,45.44,45.84,45.84,45.44,0,,,
1296,2019-08-22 00:00:00,45.675,45.585,46.0,45.585,22875,,,
1297,2019-08-23 00:00:00,45.82,45.09,45.82,45.09,14974,,,
1298,2019-08-26 00:00:00,44.965,45.26,45.26,44.935,4731,,,
1299,2019-08-27 00:00:00,45.155,45.565,45.59,45.15,40,,,
1300,2019-08-28 00:00:00,45.385,45.44,45.44,45.125,1220,,,
1301,2019-08-29 00:00:00,45.395,46.055,46.055,45.395,1255,,,
1302,2019-08-30 00:00:00,46.11,46.36,46.5,46.11,406,,,
1303,2019-09-02 00:00:00,46.465,46.435,46.465,46.435,0,,,
1304,2019-09-03 00:00:00,46.36,46.27,46.36,46.27,4782,,,
1305,2019-09-04 00:00:00,46.68,46.77,46.795,46.68,37,,,
1306,2019-09-05 00:00:00,47.165,47.24,47.285,47.085,286,,,
1307,2019-09-06 00:00:00,47.32,47.365,47.38,47.235,5789,,,
1308,2019-09-09 00:00:00,47.45,47.385,47.45,47.305,7685,,,
1309,2019-09-10 00:00:00,47.335,47.45,47.45,47.165,10213,,,
1310,2019-09-11 00:00:00,47.61,47.67,47.71,47.61,1377,,,
1311,2019-09-12 00:00:00,47.835,47.94,48.05,47.405,8157,,,
1312,2019-09-13 00:00:00,47.995,48.085,48.145,47.995,1149,,,
1313,2019-09-16 00:00:00,47.825,47.69,47.825,47.69,310,,,
1314,2019-09-17 00:00:00,47.7,47.63,47.7,47.61,30,,,
1315,2019-09-18 00:00:00,47.62,47.685,47.71,47.62,54,,,
1316,2019-09-19 00:00:00,47.675,48.0,48.0,47.675,146,,,
1317,2019-09-20 00:00:00,48.01,48.115,48.2,48.01,851,,,
1318,2019-09-23 00:00:00,48.115,47.655,48.115,47.575,1217,,,
1319,2019-09-24 00:00:00,47.79,47.625,47.79,47.625,1415,,,
1320,2019-09-25 00:00:00,47.405,47.345,47.405,46.925,10746,,,
1321,2019-09-26 00:00:00,47.34,47.645,47.645,47.34,216,,,
1322,2019-09-27 00:00:00,47.805,47.865,47.865,47.79,18,,,
1323,2019-09-30 00:00:00,47.81,48.1,48.1,47.81,429,,,
1324,2019-10-01 00:00:00,48.31,47.515,48.37,47.515,173,,,
1325,2019-10-02 00:00:00,47.44,46.22,47.44,46.22,12658,,,
1326,2019-10-03 00:00:00,46.255,46.29,46.505,46.255,2010,,,
1327,2019-10-04 00:00:00,46.365,46.685,46.685,46.365,371,,,
1328,2019-10-07 00:00:00,46.6,47.025,47.025,46.6,112,,,
1329,2019-10-08 00:00:00,46.99,46.465,46.99,46.465,7799,,,
1330,2019-10-09 00:00:00,46.365,46.795,46.845,46.365,5313,,,
1331,2019-10-10 00:00:00,46.835,47.18,47.18,46.695,157,,,
1332,2019-10-11 00:00:00,47.305,48.155,48.155,47.305,215,,,
1333,2019-10-14 00:00:00,47.915,48.005,48.03,47.82,3079,,,
1334,2019-10-15 00:00:00,48.365,48.54,48.54,48.215,50,,,
1335,2019-10-16 00:00:00,48.54,48.51,48.585,48.38,14308,,,
1336,2019-10-17 00:00:00,48.475,48.425,48.97,48.425,12967,,,
1337,2019-10-18 00:00:00,48.305,48.215,48.455,48.165,245,,,
1338,2019-10-21 00:00:00,48.345,48.54,48.645,48.345,27325,,,
1339,2019-10-22 00:00:00,48.565,48.585,48.605,48.425,2468,,,
1340,2019-10-23 00:00:00,48.315,48.53,48.585,48.315,4885,,,
1341,2019-10-24 00:00:00,48.685,48.76,48.795,48.685,1985,,,
1342,2019-10-25 00:00:00,48.86,48.8,48.905,48.8,339,,,
1343,2019-10-28 00:00:00,48.8,48.925,49.0,48.755,753,,,
1344,2019-10-29 00:00:00,48.845,48.855,48.855,48.715,8586,,,
1345,2019-10-30 00:00:00,48.87,48.86,48.875,48.6,9829,,,
1346,2019-10-31 00:00:00,48.875,48.66,48.875,48.64,8155,,,
1347,2019-11-01 00:00:00,48.82,49.01,49.025,48.82,278,,,
1348,2019-11-04 00:00:00,49.255,49.55,49.55,49.255,0,,,
1349,2019-11-05 00:00:00,49.56,49.71,49.71,49.56,893,,,
1350,2019-11-06 00:00:00,49.7,49.81,49.835,49.635,4503,,,
1351,2019-11-07 00:00:00,50.04,50.06,50.06,50.04,4503,,,
1352,2019-11-08 00:00:00,49.905,49.945,49.96,49.905,17068,,,
1353,2019-11-11 00:00:00,49.855,49.795,49.925,49.76,902,,,
1354,2019-11-12 00:00:00,50.05,50.12,50.13,50.02,321,,,
1355,2019-11-13 00:00:00,49.98,49.875,49.98,49.65,51,,,
1356,2019-11-14 00:00:00,49.86,49.72,49.88,49.72,436,,,
1357,2019-11-15 00:00:00,49.965,50.04,50.04,49.785,4337,,,
1358,2019-11-18 00:00:00,50.07,49.945,50.12,49.745,3856,,,
1359,2019-11-19 00:00:00,50.08,49.845,50.32,49.845,4740,,,
1360,2019-11-20 00:00:00,49.515,49.705,49.705,49.435,223,,,
1361,2019-11-21 00:00:00,49.35,49.56,49.6,49.195,6316,,,
1362,2019-11-22 00:00:00,49.68,49.695,49.845,49.67,579,,,
1363,2019-11-25 00:00:00,49.97,50.01,50.01,49.915,1667,,,
1364,2019-11-26 00:00:00,49.97,50.08,50.08,49.94,1061,,,
1365,2019-11-27 00:00:00,50.21,50.18,50.26,50.09,725,,,
1366,2019-11-28 00:00:00,49.995,50.02,50.02,49.975,425,,,
1367,2019-11-29 00:00:00,49.87,49.935,50.03,49.87,1448,,,
1368,2019-12-02 00:00:00,50.04,49.015,50.24,49.015,10611,,,
1369,2019-12-03 00:00:00,49.125,48.805,49.28,48.78,1973,,,
1370,2019-12-04 00:00:00,48.915,49.41,49.41,48.915,549,,,
1371,2019-12-05 00:00:00,49.505,49.305,49.555,49.305,59,,,
1372,2019-12-06 00:00:00,49.455,49.84,49.84,49.44,5831,,,
1373,2019-12-09 00:00:00,50.0,49.625,50.0,49.625,2877,,,
1374,2019-12-10 00:00:00,49.44,49.575,49.575,49.15,733,,,
1375,2019-12-11 00:00:00,49.425,49.54,49.54,49.425,452,,,
1376,2019-12-12 00:00:00,49.675,49.805,50.03,49.49,56370,,,
1377,2019-12-13 00:00:00,50.4,50.02,50.41,50.02,9695,,,
1378,2019-12-16 00:00:00,50.27,50.63,50.8,50.27,5189,,,
1379,2019-12-17 00:00:00,50.52,50.38,50.52,50.35,12502,,,
1380,2019-12-18 00:00:00,50.33,50.31,50.49,50.31,18982,,,
1381,2019-12-19 00:00:00,50.38,50.34,50.41,50.13,1890,,,
1382,2019-12-20 00:00:00,50.43,50.77,50.77,50.43,3662,,,
1383,2019-12-23 00:00:00,50.8,50.78,50.8,50.7,1948,,,
1384,2019-12-24 00:00:00,50.73,50.78,50.84,50.73,15,,,
1385,2019-12-27 00:00:00,50.91,50.84,50.91,50.81,1375,,,
1386,2019-12-30 00:00:00,50.77,50.28,50.77,50.28,9538,,,
1387,2019-12-31 00:00:00,50.28,50.18,50.28,50.18,0,,,
1388,2020-01-02 00:00:00,50.58,50.95,51.0,50.58,263,,,
1389,2020-01-03 00:00:00,50.72,50.72,50.75,50.49,2028,,,
1390,2020-01-06 00:00:00,50.35,50.47,50.52,50.0,577,,,
1391,2020-01-07 00:00:00,50.72,50.62,50.89,50.62,1125,,,
1392,2020-01-08 00:00:00,50.41,50.77,50.81,50.41,4241,,,
1393,2020-01-09 00:00:00,51.2,51.06,51.2,51.06,1329,,,
1394,2020-01-10 00:00:00,51.12,50.99,51.15,50.99,136,,,
1395,2020-01-13 00:00:00,51.05,50.92,51.12,50.86,11351,,,
1396,2020-01-14 00:00:00,50.93,50.95,50.99,50.57,1298,,,
1397,2020-01-15 00:00:00,51.17,50.88,51.17,50.88,405,,,
1398,2020-01-16 00:00:00,51.02,51.0,51.02,50.88,119,,,
1399,2020-01-17 00:00:00,51.29,51.42,51.45,51.29,2491,,,
1400,2020-01-20 00:00:00,51.37,51.4,51.46,51.35,370,,,
1401,2020-01-21 00:00:00,51.01,51.24,51.24,50.95,1004,,,
1402,2020-01-22 00:00:00,51.32,51.04,51.32,51.04,254,,,
1403,2020-01-23 00:00:00,50.88,50.67,50.9,50.59,2262,,,
1404,2020-01-24 00:00:00,51.13,51.18,51.38,51.13,140,,,
1405,2020-01-27 00:00:00,50.51,49.9,50.51,49.9,928,,,
1406,2020-01-28 00:00:00,50.15,50.47,50.47,49.915,932,,,
1407,2020-01-29 00:00:00,50.45,50.67,50.67,50.45,16,,,
1408,2020-01-30 00:00:00,50.11,50.09,50.37,49.99,251,,,
1409,2020-01-31 00:00:00,50.27,49.47,50.27,49.47,428,,,
1410,2020-02-03 00:00:00,49.585,49.735,49.75,49.585,45,,,
1411,2020-02-04 00:00:00,50.03,50.58,50.58,50.03,1118,,,
1412,2020-02-05 00:00:00,50.44,51.23,51.24,50.44,607,,,
1413,2020-02-06 00:00:00,51.58,51.58,51.58,51.46,1021,,,
1414,2020-02-07 00:00:00,51.46,51.45,51.48,51.39,2390,,,
1415,2020-02-10 00:00:00,51.34,51.38,51.38,51.31,49,,,
1416,2020-02-11 00:00:00,51.75,51.84,51.89,51.75,193,,,
1417,2020-02-12 00:00:00,51.97,52.28,52.28,51.97,28969,,,
1418,2020-02-13 00:00:00,51.86,52.2,52.2,51.78,1774,,,
1419,2020-02-14 00:00:00,52.21,52.17,52.32,52.17,186,,,
1420,2020-02-17 00:00:00,52.27,52.3,52.33,52.23,1349,,,
1421,2020-02-18 00:00:00,52.11,52.06,52.11,51.99,2192,,,
1422,2020-02-19 00:00:00,52.27,52.41,52.51,52.27,291,,,
1423,2020-02-20 00:00:00,52.57,52.02,52.57,52.02,46,,,
1424,2020-02-21 00:00:00,51.71,51.69,51.93,51.6,402,,,
1425,2020-02-24 00:00:00,50.47,49.665,50.47,49.425,2061,,,
1426,2020-02-25 00:00:00,49.76,48.72,49.85,48.72,1319,,,
1427,2020-02-26 00:00:00,48.52,48.815,49.02,47.87,3807,,,
1428,2020-02-27 00:00:00,48.02,47.17,48.02,46.87,1257,,,
1429,2020-02-28 00:00:00,46.04,45.505,46.04,45.0,1768,,,
1430,2020-03-02 00:00:00,46.17,45.61,46.38,45.03,4329,,,
1431,2020-03-03 00:00:00,46.255,46.085,46.935,46.085,1144,,,
1432,2020-03-04 00:00:00,46.125,46.66,46.875,46.125,951,,,
1433,2020-03-05 00:00:00,46.755,45.84,46.755,45.795,330,,,
1434,2020-03-06 00:00:00,45.01,44.19,45.09,43.985,2081,,,
1435,2020-03-09 00:00:00,41.35,40.655,41.72,40.655,1780,,,
1436,2020-03-10 00:00:00,41.08,39.97,42.175,39.895,5254,,,
1437,2020-03-11 00:00:00,40.545,39.78,40.82,39.755,380,,,
1438,2020-03-12 00:00:00,37.775,34.92,37.775,34.92,5941,,,
1439,2020-03-13 00:00:00,36.645,35.455,37.8,35.04,2126,,,
1440,2020-03-16 00:00:00,34.14,33.295,34.15,31.445,7009,,,
1441,2020-03-17 00:00:00,34.7,34.005,34.7,32.915,88403,,,
1442,2020-03-18 00:00:00,33.48,32.4,33.48,32.4,5039,,,
1443,2020-03-19 00:00:00,33.28,32.22,33.555,32.22,2126,,,
1444,2020-03-20 00:00:00,35.35,34.7,35.35,34.7,250,,,
1445,2020-03-23 00:00:00,33.6,33.72,34.425,33.6,726,,,
1446,2020-03-24 00:00:00,35.725,36.595,36.595,35.725,5000,,,
1447,2020-03-25 00:00:00,37.84,37.72,37.985,36.645,719,,,
1448,2020-03-26 00:00:00,37.04,38.4,38.4,36.96,940,,,
1449,2020-03-27 00:00:00,37.675,36.95,37.71,36.645,382,,,
1450,2020-03-30 00:00:00,37.06,37.25,37.25,36.32,190,,,
1451,2020-03-31 00:00:00,37.715,37.725,38.09,37.24,5837,,,
1452,2020-04-01 00:00:00,36.755,36.38,36.755,36.38,96,,,
1453,2020-04-02 00:00:00,36.89,36.535,36.89,36.005,679,,,
1454,2020-04-03 00:00:00,36.22,36.175,36.4,36.175,445,,,
1455,2020-04-06 00:00:00,37.39,37.81,37.815,37.37,207,,,
1456,2020-04-07 00:00:00,38.965,38.67,38.965,38.67,0,,,
1457,2020-04-08 00:00:00,38.47,38.675,38.675,38.1,157,,,
1458,2020-04-09 00:00:00,39.2,39.32,39.43,38.71,1219,,,
1459,2020-04-14 00:00:00,39.505,39.56,39.96,39.49,1343,,,
1460,2020-04-15 00:00:00,39.755,38.16,39.755,38.12,4486,,,
1461,2020-04-16 00:00:00,38.6,38.18,38.695,38.04,1299,,,
1462,2020-04-17 00:00:00,39.265,39.195,39.53,39.12,1204,,,
1463,2020-04-20 00:00:00,39.33,39.37,39.37,38.77,1170,,,
1464,2020-04-21 00:00:00,38.895,38.045,38.895,38.045,895,,,
1465,2020-04-22 00:00:00,38.25,38.66,38.66,38.25,1979,,,
1466,2020-04-23 00:00:00,38.835,38.985,38.985,38.57,11,,,
1467,2020-04-24 00:00:00,38.365,38.5,38.76,38.365,143,,,
1468,2020-04-27 00:00:00,39.3,39.415,39.415,39.2,2741,,,
1469,2020-04-28 00:00:00,39.475,40.03,40.24,39.47,706,,,
1470,2020-04-29 00:00:00,40.38,40.965,40.965,40.05,305,,,
1471,2020-04-30 00:00:00,41.03,40.18,41.03,40.18,928,,,
1472,2020-05-04 00:00:00,38.93,38.715,38.97,38.715,472,,,
1473,2020-05-05 00:00:00,39.33,39.565,39.565,39.33,119,,,
1474,2020-05-06 00:00:00,39.535,39.25,39.63,39.25,1024,,,
1475,2020-05-07 00:00:00,39.535,39.8,39.8,39.44,1676,,,
1476,2020-05-08 00:00:00,40.195,40.25,40.25,40.135,630,,,
1477,2020-05-11 00:00:00,40.475,39.96,40.515,39.755,1993,,,
1478,2020-05-12 00:00:00,39.91,39.99,40.015,39.895,5539,,,
1479,2020-05-13 00:00:00,39.52,39.065,39.52,39.065,22,,,
1480,2020-05-14 00:00:00,38.45,38.315,38.66,37.84,6166,,,
1481,2020-05-15 00:00:00,38.85,38.445,38.85,38.405,398,,,
1482,2020-05-18 00:00:00,39.31,40.285,40.335,39.31,13827,,,
1483,2020-05-19 00:00:00,40.55,40.01,40.55,39.96,3362,,,
1484,2020-05-20 00:00:00,39.825,40.545,40.545,39.735,1115,,,
1485,2020-05-21 00:00:00,39.97,40.1,40.1,39.97,1115,,,
1486,2020-05-22 00:00:00,39.6,40.235,40.37,39.6,20325,,,
1487,2020-05-25 00:00:00,40.52,41.095,41.095,40.52,585,,,
1488,2020-05-26 00:00:00,41.58,41.675,41.675,41.4,11859,,,
1489,2020-05-27 00:00:00,41.805,42.15,42.305,41.805,9509,,,
1490,2020-05-28 00:00:00,42.46,42.775,42.775,42.46,15008,,,
1491,2020-05-29 00:00:00,42.32,42.155,42.57,42.155,66,,,
1492,2020-06-01 00:00:00,42.835,42.83,42.92,42.425,927,,,
1493,2020-06-02 00:00:00,43.14,43.495,43.64,43.0,5220,,,
1494,2020-06-03 00:00:00,43.91,44.905,44.905,43.91,12739,,,
1495,2020-06-04 00:00:00,44.64,44.835,44.965,44.53,1380,,,
1496,2020-06-05 00:00:00,45.355,46.105,46.115,45.355,1836,,,
1497,2020-06-08 00:00:00,45.635,45.935,46.1,45.635,4623,,,
1498,2020-06-09 00:00:00,46.0,45.315,46.0,45.12,1006,,,
1499,2020-06-10 00:00:00,45.705,44.975,45.705,44.975,8,,,
1500,2020-06-11 00:00:00,43.96,42.995,44.09,42.995,625,,,
1501,2020-06-12 00:00:00,42.655,43.21,43.71,42.595,11194,,,
1502,2020-06-15 00:00:00,42.255,43.08,43.08,42.115,669,,,
1503,2020-06-16 00:00:00,44.04,44.41,44.855,43.99,663,,,
1504,2020-06-17 00:00:00,44.51,44.685,44.725,44.48,726,,,
1505,2020-06-18 00:00:00,44.575,44.42,44.84,44.155,1024,,,
1506,2020-06-19 00:00:00,44.865,44.61,44.865,44.61,2942,,,
1507,2020-06-22 00:00:00,44.105,44.545,44.62,44.105,1030,,,
1508,2020-06-23 00:00:00,44.565,45.0,45.175,44.565,5112,,,
1509,2020-06-24 00:00:00,44.765,43.62,44.765,43.62,11208,,,
1510,2020-06-25 00:00:00,43.48,43.98,43.98,43.48,4334,,,
1511,2020-06-26 00:00:00,44.395,44.49,44.49,44.085,606,,,
1512,2020-06-29 00:00:00,43.765,44.11,44.11,43.765,6011,,,
1513,2020-06-30 00:00:00,44.19,44.21,44.29,44.19,12186,,,
1514,2020-07-01 00:00:00,44.65,44.17,44.65,43.88,378,,,
1515,2020-07-02 00:00:00,44.57,45.265,45.265,44.57,1,,,
1516,2020-07-03 00:00:00,45.31,44.975,45.38,44.93,17370,,,
1517,2020-07-06 00:00:00,45.655,45.72,45.72,45.625,6426,,,
1518,2020-07-07 00:00:00,45.45,45.38,45.45,45.345,2,,,
1519,2020-07-08 00:00:00,44.47,44.24,44.525,44.24,897,,,
1520,2020-07-09 00:00:00,44.49,43.865,44.545,43.865,3441,,,
1521,2020-07-10 00:00:00,43.67,44.305,44.305,43.67,138,,,
1522,2020-07-13 00:00:00,44.795,44.93,44.93,44.715,2139,,,
1523,2020-07-14 00:00:00,44.355,44.565,44.565,44.17,45,,,
1524,2020-07-15 00:00:00,44.92,45.225,45.225,44.86,38,,,
1525,2020-07-16 00:00:00,44.965,45.105,45.14,44.965,5031,,,
1526,2020-07-17 00:00:00,45.255,45.07,45.255,44.955,5389,,,
1527,2020-07-20 00:00:00,44.91,45.465,45.465,44.91,0,,,
1528,2020-07-21 00:00:00,45.865,45.67,46.145,45.67,8289,,,
1529,2020-07-22 00:00:00,45.505,45.295,45.505,45.295,37,,,
1530,2020-07-23 00:00:00,45.54,45.33,45.54,45.3,50,,,
1531,2020-07-24 00:00:00,44.72,44.495,44.72,44.395,81,,,
1532,2020-07-27 00:00:00,44.465,44.38,44.495,44.38,303,,,
1533,2020-07-28 00:00:00,44.465,44.405,44.465,44.405,315,,,
1534,2020-07-29 00:00:00,44.445,44.4,44.445,44.395,5042,,,
1535,2020-07-30 00:00:00,44.325,43.23,44.325,43.0,5033,,,
1536,2020-07-31 00:00:00,43.345,42.85,43.345,42.85,7150,,,
1537,2020-08-03 00:00:00,43.02,43.74,43.87,42.995,9479,,,
1538,2020-08-04 00:00:00,44.075,43.775,44.075,43.65,111,,,
1539,2020-08-05 00:00:00,44.085,44.03,44.215,43.905,2037,,,
1540,2020-08-06 00:00:00,43.9,43.72,44.175,43.72,10,,,
1541,2020-08-07 00:00:00,43.7,43.885,43.94,43.61,491,,,
1542,2020-08-10 00:00:00,43.995,44.005,44.005,43.975,300,,,
1543,2020-08-11 00:00:00,44.435,44.9,44.935,44.435,2226,,,
1544,2020-08-12 00:00:00,44.785,45.345,45.345,44.785,2,,,
1545,2020-08-13 00:00:00,45.27,45.115,45.27,45.06,242,,,
1546,2020-08-14 00:00:00,44.89,44.575,44.89,44.575,119,,,
1547,2020-08-17 00:00:00,44.735,44.65,44.735,44.55,716,,,
1548,2020-08-18 00:00:00,44.38,44.42,44.805,44.38,248,,,
1549,2020-08-19 00:00:00,44.285,44.705,44.705,44.285,49,,,
1550,2020-08-20 00:00:00,44.115,44.16,44.33,44.0,14153,,,
1551,2020-08-21 00:00:00,44.315,44.04,44.315,43.925,332,,,
1552,2020-08-24 00:00:00,44.565,44.935,44.935,44.565,8340,,,
1553,2020-08-25 00:00:00,45.31,44.925,45.33,44.925,695,,,
1554,2020-08-26 00:00:00,44.765,45.33,45.33,44.765,21583,,,
1555,2020-08-27 00:00:00,45.325,44.965,45.335,44.965,1887,,,
1556,2020-08-28 00:00:00,45.035,44.825,45.035,44.635,220,,,
1557,2020-08-31 00:00:00,45.42,44.35,45.42,44.35,428,,,
1558,2020-09-01 00:00:00,44.605,44.38,44.605,44.38,865,,,
1559,2020-09-02 00:00:00,44.735,45.22,45.22,44.735,252,,,
1560,2020-09-03 00:00:00,45.59,44.56,45.59,44.56,16020,,,
1561,2020-09-04 00:00:00,44.17,44.045,44.92,44.045,5646,,,
1562,2020-09-07 00:00:00,44.335,44.775,44.775,44.335,180,,,
1563,2020-09-08 00:00:00,44.79,44.175,44.79,44.175,3,,,
1564,2020-09-09 00:00:00,44.32,44.945,44.945,44.32,0,,,
1565,2020-09-10 00:00:00,45.02,44.855,45.02,44.785,5965,,,
1566,2020-09-11 00:00:00,44.76,44.855,44.975,44.76,416,,,
1567,2020-09-14 00:00:00,45.145,44.905,45.155,44.79,12225,,,
1568,2020-09-15 00:00:00,45.0,45.1,45.21,44.925,2414,,,
1569,2020-09-16 00:00:00,45.195,45.24,45.33,44.91,8428,,,
1570,2020-09-17 00:00:00,44.475,44.98,45.05,44.475,3966,,,
1571,2020-09-18 00:00:00,44.98,44.59,44.99,44.59,2441,,,
1572,2020-09-21 00:00:00,44.185,42.98,44.185,42.965,322,,,
1573,2020-09-22 00:00:00,43.265,43.035,43.29,43.035,101,,,
1574,2020-09-23 00:00:00,43.445,43.245,43.445,43.245,101,,,
1575,2020-09-24 00:00:00,42.805,42.985,43.245,42.805,3077,,,
1576,2020-09-25 00:00:00,42.875,42.755,42.925,42.295,14982,,,
1577,2020-09-28 00:00:00,43.41,43.86,43.86,43.345,7537,,,
1578,2020-09-29 00:00:00,43.715,43.69,43.73,43.69,25,,,
1579,2020-09-30 00:00:00,43.485,43.515,43.68,43.365,848,,,
1580,2020-10-01 00:00:00,43.925,43.64,43.925,43.64,113,,,
1581,2020-10-02 00:00:00,43.145,43.635,43.635,43.145,52,,,
1582,2020-10-05 00:00:00,44.11,44.13,44.13,43.985,89,,,
1583,2020-10-06 00:00:00,44.25,44.31,44.31,44.215,6,,,
1584,2020-10-07 00:00:00,44.325,44.32,44.325,44.32,0,,,
1585,2020-10-08 00:00:00,44.645,44.67,44.715,44.645,737,,,
1586,2020-10-09 00:00:00,44.83,44.85,44.85,44.67,2594,,,
1587,2020-10-12 00:00:00,44.9,45.185,45.225,44.9,5515,,,
1588,2020-10-13 00:00:00,45.135,44.9,45.135,44.9,777,,,
1589,2020-10-14 00:00:00,44.91,44.94,44.94,44.91,29,,,
1590,2020-10-15 00:00:00,44.36,43.965,44.36,43.82,271,,,
1591,2020-10-16 00:00:00,44.315,44.59,44.685,44.26,3411,,,
1592,2020-10-19 00:00:00,44.995,44.64,44.995,44.51,209,,,
1593,2020-10-20 00:00:00,44.675,44.425,44.71,44.425,564,,,
1594,2020-10-21 00:00:00,44.425,43.735,44.425,43.735,3130,,,
1595,2020-10-22 00:00:00,43.33,43.685,43.685,43.33,408,,,
1596,2020-10-23 00:00:00,43.71,43.925,44.22,43.71,183,,,
1597,2020-10-26 00:00:00,43.255,43.0,43.58,43.0,714,,,
1598,2020-10-27 00:00:00,42.985,42.47,42.985,42.47,119,,,
1599,2020-10-28 00:00:00,41.49,41.085,41.63,41.0,1128,,,
1600,2020-10-29 00:00:00,41.385,41.045,41.385,40.905,665,,,
1601,2020-10-30 00:00:00,40.73,41.08,41.14,40.65,140,,,
1602,2020-11-02 00:00:00,41.135,41.73,41.835,41.1,8131,,,
1603,2020-11-03 00:00:00,42.21,42.805,42.805,42.095,170,,,
1604,2020-11-04 00:00:00,42.255,43.64,43.64,42.255,19968,,,
1605,2020-11-05 00:00:00,44.04,44.29,44.36,44.04,360,,,
1606,2020-11-06 00:00:00,44.235,44.195,44.235,44.195,22,,,
1607,2020-11-09 00:00:00,44.73,46.45,46.71,44.73,4707,,,
1608,2020-11-10 00:00:00,46.565,46.98,47.06,46.555,3696,,,
1609,2020-11-11 00:00:00,47.17,47.305,47.305,47.0,13888,,,
1610,2020-11-12 00:00:00,46.98,46.885,47.105,46.885,655,,,
1611,2020-11-13 00:00:00,46.755,47.0,47.145,46.755,1819,,,
1612,2020-11-16 00:00:00,47.39,47.57,47.84,47.39,311,,,
1613,2020-11-17 00:00:00,47.57,47.57,47.585,47.3,2530,,,
1614,2020-11-18 00:00:00,47.395,47.78,47.78,47.395,2371,,,
1615,2020-11-19 00:00:00,47.6,47.44,47.6,47.33,369,,,
1616,2020-11-20 00:00:00,47.49,47.67,47.67,47.49,0,,,
1617,2020-11-23 00:00:00,47.985,47.595,48.085,47.595,533,,,
1618,2020-11-24 00:00:00,48.095,48.195,48.195,47.965,12613,,,
1619,2020-11-25 00:00:00,48.38,48.27,48.38,48.1,12334,,,
1620,2020-11-26 00:00:00,48.345,48.245,48.345,48.245,845,,,
1621,2020-11-27 00:00:00,48.205,48.525,48.595,48.205,431,,,
1622,2020-11-30 00:00:00,48.23,48.07,48.61,48.07,2189,,,
1623,2020-12-01 00:00:00,48.355,48.465,48.495,48.355,120,,,
1624,2020-12-02 00:00:00,48.325,48.38,48.435,48.21,1688,,,
1625,2020-12-03 00:00:00,48.375,48.345,48.4,48.345,67,,,
1626,2020-12-04 00:00:00,48.42,48.68,48.68,48.42,3333,,,
1627,2020-12-07 00:00:00,48.57,48.515,48.57,48.21,3889,,,
1628,2020-12-08 00:00:00,48.44,48.52,48.535,48.295,1490,,,
1629,2020-12-09 00:00:00,48.52,48.36,48.52,48.36,1589,,,
1630,2020-12-10 00:00:00,48.44,48.265,48.455,47.92,20927,,,
1631,2020-12-11 00:00:00,48.115,47.84,48.115,47.43,2782,,,
1632,2020-12-14 00:00:00,48.26,48.08,48.405,48.08,22816,,,
1633,2020-12-15 00:00:00,48.075,48.32,48.35,48.075,7688,,,
1634,2020-12-16 00:00:00,48.49,48.62,48.805,48.49,6495,,,
1635,2020-12-17 00:00:00,48.965,48.785,48.965,48.75,5055,,,
1636,2020-12-18 00:00:00,48.695,48.655,48.895,48.655,3234,,,
1637,2020-12-21 00:00:00,47.625,47.465,47.68,46.81,8725,,,
1638,2020-12-22 00:00:00,47.74,48.115,48.115,47.74,816,,,
1639,2020-12-23 00:00:00,48.28,48.645,48.645,48.28,1566,,,
1640,2020-12-24 00:00:00,48.745,48.715,48.87,48.715,4015,,,
1641,2020-12-28 00:00:00,49.26,49.16,49.305,49.065,358,,,
1642,2020-12-29 00:00:00,49.36,49.255,49.465,49.255,4441,,,
1643,2020-12-30 00:00:00,49.32,49.13,49.34,49.13,15397,,,
1644,2020-12-31 00:00:00,48.9,48.675,48.9,48.675,60,,,
1645,2021-01-04 00:00:00,49.48,49.22,49.925,49.22,868,,,
1646,2021-01-05 00:00:00,49.11,49.04,49.11,48.905,514,,,
1647,2021-01-06 00:00:00,49.335,49.755,49.755,49.335,376,,,
1648,2021-01-07 00:00:00,49.94,49.96,50.07,49.75,284,,,
1649,2021-01-08 00:00:00,50.41,50.29,50.41,50.2,2212,,,
1650,2021-01-11 00:00:00,50.21,49.925,50.21,49.85,481,,,
1651,2021-01-12 00:00:00,50.07,49.875,50.13,49.875,2194,,,
1652,2021-01-13 00:00:00,49.845,49.995,50.07,49.83,2029,,,
1653,2021-01-14 00:00:00,50.12,50.27,50.27,50.1,1910,,,
1654,2021-01-15 00:00:00,50.01,49.675,50.08,49.6,2041,,,
1655,2021-01-18 00:00:00,49.575,49.78,49.78,49.535,2005,,,
1656,2021-01-19 00:00:00,50.04,49.675,50.12,49.675,689,,,
1657,2021-01-20 00:00:00,49.855,50.05,50.12,49.855,2298,,,
1658,2021-01-21 00:00:00,50.44,50.03,50.44,50.03,1215,,,
1659,2021-01-22 00:00:00,49.875,49.745,49.88,49.475,308,,,
1660,2021-01-25 00:00:00,50.01,49.105,50.01,49.105,10,,,
1661,2021-01-26 00:00:00,49.11,49.495,49.725,49.11,8116,,,
1662,2021-01-27 00:00:00,49.22,48.82,49.52,48.82,47,,,
1663,2021-01-28 00:00:00,48.61,49.08,49.13,48.61,470,,,
1664,2021-01-29 00:00:00,48.42,48.24,48.64,48.195,298,,,
1665,2021-02-01 00:00:00,48.615,48.86,48.925,48.615,3802,,,
1666,2021-02-02 00:00:00,49.23,49.605,49.605,49.23,564,,,
1667,2021-02-03 00:00:00,49.765,49.875,49.955,49.68,639,,,
1668,2021-02-04 00:00:00,49.965,50.29,50.33,49.965,2122,,,
1669,2021-02-05 00:00:00,50.38,50.47,50.64,50.13,445,,,
1670,2021-02-08 00:00:00,50.75,50.62,50.76,50.59,600,,,
1671,2021-02-09 00:00:00,50.6,50.5,50.6,50.39,856,,,
1672,2021-02-10 00:00:00,50.7,50.33,50.7,50.33,1227,,,
1673,2021-02-11 00:00:00,50.4,50.59,50.59,50.4,204,,,
1674,2021-02-12 00:00:00,50.48,50.84,50.84,50.25,740,,,
1675,2021-02-15 00:00:00,51.08,51.33,51.39,51.08,958,,,
1676,2021-02-16 00:00:00,51.35,51.26,51.4,51.26,3651,,,
1677,2021-02-17 00:00:00,50.99,50.85,51.14,50.84,703,,,
1678,2021-02-18 00:00:00,50.93,50.53,50.95,50.5,223,,,
1679,2021-02-19 00:00:00,50.69,50.94,50.94,50.69,532,,,
1680,2021-02-22 00:00:00,50.54,50.66,50.69,50.39,5633,,,
1681,2021-02-23 00:00:00,50.76,50.45,50.76,50.12,2151,,,
1682,2021-02-24 00:00:00,50.51,50.65,50.65,50.51,729,,,
1683,2021-02-25 00:00:00,50.95,50.57,50.95,50.57,309,,,
1684,2021-02-26 00:00:00,49.925,49.915,50.39,49.755,1716,,,
1685,2021-03-01 00:00:00,50.71,50.78,50.82,50.55,1487,,,
1686,2021-03-02 00:00:00,50.69,50.76,50.93,50.69,444,,,
1687,2021-03-03 00:00:00,51.07,50.82,51.09,50.68,303,,,
1688,2021-03-04 00:00:00,50.61,50.67,50.7,50.48,8003,,,
1689,2021-03-05 00:00:00,50.3,50.21,50.56,50.21,10228,,,
1690,2021-03-08 00:00:00,50.52,51.37,51.37,50.49,494,,,
1691,2021-03-09 00:00:00,51.3,51.67,51.67,51.3,1271,,,
1692,2021-03-10 00:00:00,51.61,52.0,52.06,51.61,1455,,,
1693,2021-03-11 00:00:00,52.29,52.35,52.35,52.13,1874,,,
1694,2021-03-12 00:00:00,52.13,52.23,52.23,52.07,730,,,
1695,2021-03-15 00:00:00,52.43,52.2,52.59,52.17,497,,,
1696,2021-03-16 00:00:00,52.45,52.48,52.52,52.42,834,,,
1697,2021-03-17 00:00:00,52.52,52.44,52.52,52.37,2338,,,
1698,2021-03-18 00:00:00,52.72,52.71,52.76,52.55,487,,,
1699,2021-03-19 00:00:00,52.58,52.27,52.58,52.05,906,,,
1700,2021-03-22 00:00:00,51.94,52.26,52.26,51.94,657,,,
1701,2021-03-23 00:00:00,52.04,52.17,52.32,52.04,911,,,
1702,2021-03-24 00:00:00,51.86,52.23,52.23,51.86,160,,,
1703,2021-03-25 00:00:00,51.92,52.16,52.16,51.72,2924,,,
1704,2021-03-26 00:00:00,52.57,52.66,52.66,52.45,44,,,
1705,2021-03-29 00:00:00,52.83,52.8,52.83,52.76,217,,,
1706,2021-03-30 00:00:00,53.12,53.3,53.3,52.99,542,,,
1707,2021-03-31 00:00:00,53.32,53.18,53.35,53.17,652,,,
1708,2021-04-01 00:00:00,53.37,53.61,53.61,53.37,1071,,,
1709,2021-04-06 00:00:00,53.74,53.89,54.01,53.74,407,,,
1710,2021-04-07 00:00:00,53.93,53.79,53.95,53.77,1714,,,
1711,2021-04-08 00:00:00,54.0,54.03,54.03,53.88,348,,,
1712,2021-04-09 00:00:00,54.04,54.07,54.13,54.04,366,,,
1713,2021-04-12 00:00:00,54.02,53.86,54.08,53.86,575,,,
1714,2021-04-13 00:00:00,54.01,53.99,54.12,53.9,1460,,,
1715,2021-04-14 00:00:00,54.13,54.09,54.2,54.09,689,,,
1716,2021-04-15 00:00:00,54.25,54.25,54.3,54.2,799,,,
1717,2021-04-16 00:00:00,54.36,54.78,54.78,54.36,2209,,,
1718,2021-04-19 00:00:00,54.87,54.7,54.91,54.7,4158,,,
1719,2021-04-20 00:00:00,54.7,53.7,54.74,53.7,613,,,
1720,2021-04-21 00:00:00,54.03,54.07,54.07,53.87,1237,,,
1721,2021-04-22 00:00:00,54.35,54.6,54.6,54.35,48,,,
1722,2021-04-23 00:00:00,54.51,54.58,54.64,54.29,390,,,
1723,2021-04-26 00:00:00,54.61,54.74,54.74,54.55,835,,,
1724,2021-04-27 00:00:00,54.76,54.68,54.76,54.65,26,,,
1725,2021-04-28 00:00:00,54.87,54.79,54.89,54.71,469,,,
1726,2021-04-29 00:00:00,54.96,54.61,55.0,54.61,383,,,
1727,2021-04-30 00:00:00,54.67,54.37,54.71,54.37,370,,,
1728,2021-05-03 00:00:00,54.49,54.72,54.78,54.43,929,,,
1729,2021-05-04 00:00:00,54.79,53.79,54.89,53.79,557,,,
1730,2021-05-05 00:00:00,54.28,54.84,54.84,54.19,2402,,,
1731,2021-05-06 00:00:00,55.01,54.83,55.01,54.58,6181,,,
1732,2021-05-07 00:00:00,55.23,55.36,55.36,55.04,4661,,,
1733,2021-05-10 00:00:00,55.48,55.29,55.48,55.18,3466,,,
1734,2021-05-11 00:00:00,54.76,54.29,54.76,53.96,1213,,,
1735,2021-05-12 00:00:00,54.36,54.31,54.36,54.22,1338,,,
1736,2021-05-13 00:00:00,53.7,54.39,54.39,53.3,3448,,,
1737,2021-05-14 00:00:00,54.83,55.19,55.19,54.66,362,,,
1738,2021-05-17 00:00:00,55.38,55.13,55.42,55.08,2075,,,
1739,2021-05-18 00:00:00,55.51,55.2,55.54,55.2,190,,,
1740,2021-05-19 00:00:00,54.63,54.36,54.63,54.36,3,,,
1741,2021-05-20 00:00:00,54.7,55.12,55.12,54.54,5304,,,
1742,2021-05-21 00:00:00,55.29,55.46,55.48,55.22,3496,,,
1743,2021-05-24 00:00:00,55.55,55.73,55.73,55.52,138,,,
1744,2021-05-25 00:00:00,55.76,55.72,55.87,55.72,693,,,
1745,2021-05-26 00:00:00,55.94,55.68,55.94,55.68,11760,,,
1746,2021-05-27 00:00:00,55.65,55.76,55.96,55.56,8450,,,
1747,2021-05-28 00:00:00,55.95,56.19,56.19,55.95,4,,,
1748,2021-05-31 00:00:00,56.16,55.84,56.21,55.84,3052,,,
1749,2021-06-01 00:00:00,56.19,56.28,56.64,56.19,555,,,
1750,2021-06-02 00:00:00,56.39,56.45,56.45,56.31,65,,,
1751,2021-06-03 00:00:00,56.42,56.38,56.44,56.18,243,,,
1752,2021-06-04 00:00:00,56.44,56.54,56.54,56.37,682,,,
1753,2021-06-07 00:00:00,56.7,56.78,56.79,56.55,5265,,,
1754,2021-06-08 00:00:00,56.82,56.75,56.94,56.75,672,,,
1755,2021-06-09 00:00:00,56.82,56.76,56.82,56.76,368,,,
1756,2021-06-10 00:00:00,56.81,56.7,56.85,56.65,833,,,
1757,2021-06-11 00:00:00,56.73,57.12,57.12,56.73,244,,,
1758,2021-06-14 00:00:00,57.46,57.23,57.47,57.23,5352,,,
1759,2021-06-15 00:00:00,57.48,57.31,57.48,57.31,69,,,
1760,2021-06-16 00:00:00,57.43,57.39,57.48,57.32,1161,,,
1761,2021-06-17 00:00:00,57.17,57.43,57.46,57.17,257,,,
1762,2021-06-18 00:00:00,57.43,56.49,57.43,56.49,548,,,
1763,2021-06-21 00:00:00,56.41,56.82,56.82,56.08,1473,,,
1764,2021-06-22 00:00:00,56.88,56.96,56.96,56.66,1099,,,
1765,2021-06-23 00:00:00,57.11,56.42,57.11,56.42,990,,,
1766,2021-06-24 00:00:00,56.71,57.14,57.14,56.71,1135,,,
1767,2021-06-25 00:00:00,57.26,57.21,57.26,57.13,2618,,,
1768,2021-06-28 00:00:00,57.11,56.76,57.13,56.76,646,,,
1769,2021-06-29 00:00:00,56.91,57.02,57.2,56.91,508,,,
1770,2021-06-30 00:00:00,57.02,56.47,57.02,56.27,2552,,,
1771,2021-07-01 00:00:00,56.96,56.8,56.96,56.42,9128,,,
1772,2021-07-02 00:00:00,56.91,56.86,56.95,56.81,467,,,
1773,2021-07-05 00:00:00,56.84,56.95,57.0,56.81,391,,,
1774,2021-07-06 00:00:00,56.84,56.57,56.87,56.53,2895,,,
1775,2021-07-07 00:00:00,55.78,55.95,55.96,55.78,515,,,
1776,2021-07-08 00:00:00,55.48,54.89,55.48,54.69,249,,,
1777,2021-07-09 00:00:00,55.25,55.79,55.79,55.25,422,,,
1778,2021-07-12 00:00:00,55.92,56.13,56.13,55.58,2632,,,
1779,2021-07-13 00:00:00,56.13,56.18,56.2,56.1,482,,,
1780,2021-07-14 00:00:00,56.08,56.21,56.21,56.08,204,,,
1781,2021-07-15 00:00:00,55.97,55.57,55.97,55.46,15292,,,
1782,2021-07-16 00:00:00,55.65,55.39,55.77,55.2,64,,,
1783,2021-07-19 00:00:00,54.89,54.03,54.89,54.0,505,,,
1784,2021-07-20 00:00:00,54.46,54.37,54.63,54.31,361,,,
1785,2021-07-21 00:00:00,54.76,55.32,55.32,54.76,161,,,
1786,2021-07-22 00:00:00,55.66,55.75,55.83,55.65,780,,,
1787,2021-07-23 00:00:00,56.03,56.41,56.41,55.89,125,,,
1788,2021-07-26 00:00:00,56.15,56.36,56.38,56.15,30,,,
1789,2021-07-27 00:00:00,56.15,55.9,56.15,55.9,1647,,,
1790,2021-07-28 00:00:00,55.98,56.37,56.37,55.98,77,,,
1791,2021-07-29 00:00:00,56.62,56.63,56.71,56.62,204,,,
1792,2021-07-30 00:00:00,56.3,56.27,56.5,56.22,3596,,,
1793,2021-08-02 00:00:00,56.76,56.64,56.76,56.64,436,,,
1794,2021-08-03 00:00:00,56.67,56.73,56.85,56.53,790,,,
1795,2021-08-04 00:00:00,56.98,57.09,57.09,56.98,101,,,
1796,2021-08-05 00:00:00,57.13,57.35,57.35,57.13,3416,,,
1797,2021-08-06 00:00:00,57.37,57.51,57.51,57.3,22,,,
1798,2021-08-09 00:00:00,57.61,57.57,57.63,57.57,20,,,
1799,2021-08-10 00:00:00,57.67,57.75,57.87,57.67,270,,,
1800,2021-08-11 00:00:00,57.88,57.96,57.98,57.88,1,,,
1801,2021-08-12 00:00:00,57.98,58.2,58.2,57.98,1130,,,
1802,2021-08-13 00:00:00,58.18,58.26,58.27,58.16,489,,,
1803,2021-08-16 00:00:00,57.81,57.9,58.06,57.8,1777,,,
1804,2021-08-17 00:00:00,57.62,57.78,57.78,57.62,207,,,
1805,2021-08-18 00:00:00,57.83,57.84,57.84,57.69,43,,,
1806,2021-08-19 00:00:00,57.0,56.96,57.03,56.57,1481,,,
1807,2021-08-20 00:00:00,56.99,57.16,57.16,56.75,758,,,
1808,2021-08-23 00:00:00,57.64,57.54,57.64,57.5,149,,,
1809,2021-08-24 00:00:00,57.8,57.61,57.84,57.56,1366,,,
1810,2021-08-25 00:00:00,57.66,57.64,57.8,57.64,6079,,,
1811,2021-08-26 00:00:00,57.32,57.42,57.42,57.32,156,,,
1812,2021-08-27 00:00:00,57.31,57.67,57.69,57.31,2008,,,
1813,2021-08-30 00:00:00,57.69,57.74,57.77,57.69,137,,,
1814,2021-08-31 00:00:00,57.86,57.65,58.08,57.57,3150,,,
1815,2021-09-01 00:00:00,58.09,58.08,58.27,57.94,3414,,,
1816,2021-09-02 00:00:00,58.09,58.19,58.19,58.09,0,,,
1817,2021-09-03 00:00:00,58.11,57.79,58.11,57.67,75,,,
1818,2021-09-06 00:00:00,57.94,58.21,58.27,57.94,13898,,,
1819,2021-09-07 00:00:00,58.19,58.04,58.19,58.04,3151,,,
1820,2021-09-08 00:00:00,57.61,57.49,57.8,57.37,8827,,,
1821,2021-09-09 00:00:00,57.11,57.46,57.57,57.0,5982,,,
1822,2021-09-10 00:00:00,57.64,57.28,57.69,57.23,679,,,
1823,2021-09-13 00:00:00,57.55,57.45,57.77,57.45,2137,,,
1824,2021-09-14 00:00:00,57.42,57.51,57.62,57.36,1115,,,
1825,2021-09-15 00:00:00,57.54,56.93,57.54,56.91,695,,,
1826,2021-09-16 00:00:00,57.2,57.19,57.34,57.15,1022,,,
1827,2021-09-17 00:00:00,57.66,56.75,57.67,56.75,343,,,
1828,2021-09-20 00:00:00,55.84,55.67,55.84,55.53,10232,,,
1829,2021-09-21 00:00:00,56.03,56.32,56.41,55.81,915,,,
1830,2021-09-22 00:00:00,56.83,56.94,56.94,56.83,3712,,,
1831,2021-09-23 00:00:00,57.39,57.49,57.61,57.35,4536,,,
1832,2021-09-24 00:00:00,57.25,56.99,57.25,56.99,2263,,,
1833,2021-09-27 00:00:00,57.47,57.01,57.47,57.0,1713,,,
1834,2021-09-28 00:00:00,56.89,55.72,56.89,55.72,145,,,
1835,2021-09-29 00:00:00,55.95,55.99,56.13,55.95,187,,,
1836,2021-09-30 00:00:00,56.37,55.61,56.37,55.61,5398,,,
1837,2021-10-01 00:00:00,54.87,55.45,55.45,54.81,1272,,,
1838,2021-10-04 00:00:00,55.21,55.06,55.4,55.06,234,,,
1839,2021-10-05 00:00:00,55.24,55.82,55.82,55.24,39,,,
1840,2021-10-06 00:00:00,55.24,55.15,55.24,54.6,360,,,
1841,2021-10-07 00:00:00,55.88,56.12,56.12,55.83,556,,,
1842,2021-10-08 00:00:00,56.14,55.86,56.14,55.86,530,,,
1843,2021-10-11 00:00:00,55.79,55.82,55.82,55.62,101,,,
1844,2021-10-12 00:00:00,55.16,55.71,55.71,55.16,0,,,
1845,2021-10-13 00:00:00,55.64,56.03,56.03,55.64,2660,,,
1846,2021-10-14 00:00:00,56.4,56.8,56.8,56.4,564,,,
1847,2021-10-15 00:00:00,57.01,57.21,57.21,57.01,81,,,
1848,2021-10-18 00:00:00,56.95,56.87,56.95,56.72,104,,,
1849,2021-10-19 00:00:00,56.99,57.09,57.1,56.99,737,,,
1850,2021-10-20 00:00:00,56.91,57.22,57.22,56.91,240,,,
1851,2021-10-21 00:00:00,56.9,57.13,57.2,56.9,443,,,
1852,2021-10-22 00:00:00,57.28,57.45,57.69,57.28,1954,,,
1853,2021-10-25 00:00:00,57.5,57.43,57.5,57.43,208,,,
1854,2021-10-26 00:00:00,57.63,57.85,57.88,57.55,559,,,
1855,2021-10-27 00:00:00,57.89,57.73,57.89,57.72,162,,,
1856,2021-10-28 00:00:00,57.73,57.95,57.95,57.73,69,,,
1857,2021-10-29 00:00:00,57.63,58.0,58.0,57.61,283,,,
1858,2021-11-01 00:00:00,58.24,58.47,58.52,58.24,14,,,
1859,2021-11-02 00:00:00,58.39,58.68,58.68,58.39,5513,,,
1860,2021-11-03 00:00:00,58.67,58.91,58.91,58.67,1502,,,
1861,2021-11-04 00:00:00,59.17,59.18,59.18,59.11,1277,,,
1862,2021-11-05 00:00:00,59.21,59.47,59.61,59.21,3011,,,
1863,2021-11-08 00:00:00,59.52,59.4,59.52,59.39,11788,,,
1864,2021-11-09 00:00:00,59.22,59.29,59.52,59.22,4875,,,
1865,2021-11-10 00:00:00,59.36,59.33,59.36,59.12,2276,,,
1866,2021-11-11 00:00:00,59.21,59.45,59.45,59.21,3289,,,
1867,2021-11-12 00:00:00,59.49,59.63,59.63,59.49,1,,,
1868,2021-11-15 00:00:00,59.65,59.85,59.85,59.51,7816,,,
1869,2021-11-16 00:00:00,60.0,59.97,60.0,59.88,548,,,
1870,2021-11-17 00:00:00,59.97,60.02,60.07,59.97,4662,,,
1871,2021-11-18 00:00:00,60.01,59.85,60.09,59.85,1408,,,
1872,2021-11-19 00:00:00,60.02,59.46,60.02,59.28,3524,,,
1873,2021-11-22 00:00:00,59.71,59.34,59.71,59.33,27871,,,
1874,2021-11-23 00:00:00,58.78,58.57,58.8,58.45,1676,,,
1875,2021-11-24 00:00:00,58.72,58.53,58.82,58.53,1399,,,
1876,2021-11-25 00:00:00,58.77,58.76,58.79,58.65,7065,,,
1877,2021-11-26 00:00:00,56.58,56.38,57.2,56.38,2865,,,
1878,2021-11-29 00:00:00,57.04,56.64,57.08,56.61,3446,,,
1879,2021-11-30 00:00:00,56.16,56.06,56.16,56.06,909,,,
1880,2021-12-01 00:00:00,56.71,57.39,57.39,56.71,108,,,
1881,2021-12-02 00:00:00,56.7,56.47,56.7,56.38,14118,,,
1882,2021-12-03 00:00:00,56.94,56.12,56.94,56.12,6708,,,
1883,2021-12-06 00:00:00,56.59,56.86,56.98,56.37,87,,,
1884,2021-12-07 00:00:00,57.56,58.49,58.49,57.56,2,,,
1885,2021-12-08 00:00:00,58.14,57.7,58.14,57.7,869,,,
1886,2021-12-09 00:00:00,57.85,57.5,57.85,57.45,320,,,
1887,2021-12-10 00:00:00,57.23,57.33,57.4,57.18,2030,,,
1888,2021-12-13 00:00:00,57.41,57.02,57.75,56.97,34011,,,
1889,2021-12-14 00:00:00,57.31,56.57,57.31,56.57,4,,,
1890,2021-12-15 00:00:00,56.8,56.73,56.86,56.63,20109,,,
1891,2021-12-16 00:00:00,57.6,57.22,57.68,57.22,10057,,,
1892,2021-12-17 00:00:00,56.99,56.74,56.99,56.74,1153,,,
1893,2021-12-20 00:00:00,55.65,56.07,56.11,55.41,1044,,,
1894,2021-12-21 00:00:00,56.67,56.97,56.97,56.67,32,,,
1895,2021-12-22 00:00:00,57.09,57.55,57.55,57.05,152,,,
1896,2021-12-23 00:00:00,57.83,58.17,58.25,57.72,4715,,,
1897,2021-12-24 00:00:00,58.14,58.21,58.21,58.14,0,,,
1898,2021-12-27 00:00:00,57.9,58.47,58.53,57.67,7434,,,
1899,2021-12-28 00:00:00,58.53,58.84,58.84,58.53,677,,,
1900,2021-12-29 00:00:00,58.83,58.6,58.92,58.4,13685,,,
1901,2021-12-30 00:00:00,58.71,58.79,58.91,58.71,80,,,
1902,2021-12-31 00:00:00,58.63,58.55,58.82,58.55,2003,,,
1903,2022-01-03 00:00:00,59.06,59.22,59.38,59.06,14789,,,
1904,2022-01-04 00:00:00,59.5,59.59,59.77,59.45,629,,,
1905,2022-01-05 00:00:00,59.67,59.76,59.85,59.67,5701,,,
1906,2022-01-06 00:00:00,59.12,58.89,59.13,58.8,210,,,
1907,2022-01-07 00:00:00,58.88,58.75,58.91,58.57,9800,,,
1908,2022-01-10 00:00:00,58.92,57.88,58.92,57.86,1745,,,
1909,2022-01-11 00:00:00,58.49,58.46,58.49,58.36,2566,,,
1910,2022-01-12 00:00:00,58.83,58.82,58.83,58.71,1323,,,
1911,2022-01-13 00:00:00,58.72,58.84,58.9,58.72,326,,,
1912,2022-01-14 00:00:00,58.26,58.28,58.28,58.26,0,,,
1913,2022-01-17 00:00:00,58.45,58.65,58.71,58.45,20,,,
1914,2022-01-18 00:00:00,58.35,58.04,58.35,57.96,72,,,
1915,2022-01-19 00:00:00,57.76,58.06,58.12,57.76,18,,,
1916,2022-01-20 00:00:00,58.24,58.44,58.44,57.95,2749,,,
1917,2022-01-21 00:00:00,57.67,57.39,57.74,57.33,13391,,,
1918,2022-01-24 00:00:00,57.11,55.05,57.11,54.95,10800,,,
1919,2022-01-25 00:00:00,55.59,55.35,55.59,55.32,5469,,,
1920,2022-01-26 00:00:00,55.96,56.42,56.7,55.96,125,,,
1921,2022-01-27 00:00:00,55.65,56.66,56.71,55.65,38,,,
1922,2022-01-28 00:00:00,56.56,56.09,56.56,55.67,2784,,,
1923,2022-01-31 00:00:00,56.71,56.64,56.75,56.34,134,,,
1924,2022-02-01 00:00:00,57.17,57.32,57.32,57.17,945,,,
1925,2022-02-02 00:00:00,57.59,57.43,57.69,57.43,1953,,,
1926,2022-02-03 00:00:00,57.33,56.48,57.33,56.48,2661,,,
1927,2022-02-04 00:00:00,56.78,55.85,56.78,55.7,8824,,,
1928,2022-02-07 00:00:00,56.24,56.17,56.24,56.17,0,,,
1929,2022-02-08 00:00:00,56.22,56.31,56.62,56.1,129,,,
1930,2022-02-09 00:00:00,56.89,57.29,57.29,56.89,102,,,
1931,2022-02-10 00:00:00,57.58,57.14,57.58,57.02,576,,,
1932,2022-02-11 00:00:00,56.65,56.62,56.8,56.6,282,,,
1933,2022-02-14 00:00:00,55.32,55.44,55.49,54.73,10225,,,
1934,2022-02-15 00:00:00,55.47,56.45,56.45,55.47,69,,,
1935,2022-02-16 00:00:00,56.62,56.41,56.77,56.41,15,,,
1936,2022-02-17 00:00:00,56.64,56.09,56.64,56.09,956,,,
1937,2022-02-18 00:00:00,56.15,55.57,56.15,55.47,19,,,
1938,2022-02-21 00:00:00,55.92,54.45,56.13,54.29,435,,,
1939,2022-02-22 00:00:00,53.38,54.43,54.43,53.38,1265,,,
1940,2022-02-23 00:00:00,54.7,54.28,55.09,54.19,18133,,,
1941,2022-02-24 00:00:00,51.84,52.25,52.7,51.43,12147,,,
1942,2022-02-25 00:00:00,52.97,54.06,54.06,52.62,1391,,,
1943,2022-02-28 00:00:00,53.01,53.47,53.47,52.5,510,,,
1944,2022-03-01 00:00:00,53.5,51.55,53.61,51.55,134,,,
1945,2022-03-02 00:00:00,51.18,52.04,52.04,51.0,48,,,
1946,2022-03-03 00:00:00,52.23,50.92,52.24,50.92,615,,,
1947,2022-03-04 00:00:00,50.27,48.505,50.27,48.505,21682,,,
1948,2022-03-07 00:00:00,47.245,47.795,48.75,46.325,8072,,,
1949,2022-03-08 00:00:00,47.54,47.6,48.97,47.54,12054,,,
1950,2022-03-09 00:00:00,49.045,50.96,50.96,49.045,7956,,,
1951,2022-03-10 00:00:00,50.69,49.655,50.69,49.655,3651,,,
1952,2022-03-11 00:00:00,49.81,50.17,50.82,49.71,4984,,,
1953,2022-03-14 00:00:00,50.6,50.96,51.31,50.6,905,,,
1954,2022-03-15 00:00:00,50.35,50.88,51.13,50.35,787,,,
1955,2022-03-16 00:00:00,52.13,52.83,53.24,52.13,940,,,
1956,2022-03-17 00:00:00,53.23,52.87,53.23,52.71,1106,,,
1957,2022-03-18 00:00:00,52.8,53.13,53.13,52.46,762,,,
1958,2022-03-21 00:00:00,53.13,52.94,53.18,52.94,109,,,
1959,2022-03-22 00:00:00,53.07,53.57,53.57,53.07,28425,,,
1960,2022-03-23 00:00:00,53.6,52.81,53.6,52.81,235,,,
1961,2022-03-24 00:00:00,52.94,52.63,52.94,52.63,0,,,
1962,2022-03-25 00:00:00,52.72,52.65,52.86,52.65,568,,,
1963,2022-03-28 00:00:00,52.99,52.9,53.45,52.9,1515,,,
1964,2022-03-29 00:00:00,53.58,54.45,54.45,53.58,5805,,,
1965,2022-03-30 00:00:00,54.13,53.91,54.13,53.76,286,,,
1966,2022-03-31 00:00:00,54.1,53.23,54.1,53.23,359,,,
1967,2022-04-01 00:00:00,53.23,53.41,53.48,53.23,50,,,
1968,2022-04-04 00:00:00,53.64,53.82,53.9,53.57,7665,,,
1969,2022-04-05 00:00:00,53.85,53.44,53.85,53.23,129,,,
1970,2022-04-06 00:00:00,53.23,52.3,53.23,52.15,30,,,
1971,2022-04-07 00:00:00,52.51,52.05,52.82,52.05,188,,,
1972,2022-04-08 00:00:00,52.7,52.78,52.96,52.61,1558,,,
1973,2022-04-11 00:00:00,52.63,52.51,52.63,52.51,705,,,
1974,2022-04-12 00:00:00,51.63,52.37,52.43,51.63,216,,,
1975,2022-04-13 00:00:00,52.18,52.41,52.41,51.89,15706,,,
1976,2022-04-14 00:00:00,52.57,52.69,52.75,52.57,18,,,
1977,2022-04-19 00:00:00,52.4,52.54,52.59,52.13,6982,,,
1978,2022-04-20 00:00:00,52.61,53.32,53.32,52.61,0,,,
1979,2022-04-21 00:00:00,53.42,53.72,54.05,53.42,301,,,
1980,2022-04-22 00:00:00,53.09,52.64,53.29,52.64,419,,,
1981,2022-04-25 00:00:00,51.69,51.7,52.05,51.5,397,,,
1982,2022-04-26 00:00:00,52.35,51.23,52.35,51.23,3606,,,
1983,2022-04-27 00:00:00,51.22,51.42,51.42,50.81,103,,,
1984,2022-04-28 00:00:00,51.99,51.95,52.34,51.95,7424,,,
1985,2022-04-29 00:00:00,52.34,52.23,52.5,52.23,470,,,
1986,2022-05-02 00:00:00,51.78,51.44,51.78,50.55,19608,,,
1987,2022-05-03 00:00:00,51.61,51.94,51.94,51.57,152,,,
1988,2022-05-04 00:00:00,52.08,51.45,52.08,51.45,21,,,
1989,2022-05-05 00:00:00,52.63,51.12,52.63,51.12,0,,,
1990,2022-05-06 00:00:00,50.86,50.31,50.86,50.0,104,,,
1991,2022-05-09 00:00:00,50.06,48.925,50.06,48.925,235,,,
1992,2022-05-10 00:00:00,49.38,49.3,49.51,49.3,20,,,
1993,2022-05-11 00:00:00,49.735,50.45,50.45,49.575,2060,,,
1994,2022-05-12 00:00:00,49.4,49.97,50.03,49.2,761,,,
1995,2022-05-13 00:00:00,50.35,51.13,51.13,50.35,3862,,,
1996,2022-05-16 00:00:00,51.1,51.03,51.1,51.03,35,,,
1997,2022-05-17 00:00:00,51.53,51.8,51.8,51.53,179,,,
1998,2022-05-18 00:00:00,51.89,51.17,51.89,51.17,62,,,
1999,2022-05-19 00:00:00,50.59,50.58,50.59,50.06,739,,,
2000,2022-05-20 00:00:00,50.82,50.82,50.82,50.76,101,,,
2001,2022-05-23 00:00:00,51.41,51.6,51.6,51.41,0,,,
2002,2022-05-24 00:00:00,51.09,50.88,51.27,50.88,99,,,
2003,2022-05-25 00:00:00,51.2,51.3,51.3,50.91,4,,,
2004,2022-05-26 00:00:00,51.36,52.11,52.11,51.36,51,,,
2005,2022-05-27 00:00:00,52.37,52.83,52.83,52.37,960,,,
2006,2022-05-30 00:00:00,53.35,53.34,53.35,53.28,3176,,,
2007,2022-05-31 00:00:00,53.11,52.62,53.11,52.58,271,,,
2008,2022-06-01 00:00:00,52.93,52.17,52.93,52.17,723,,,
2009,2022-06-02 00:00:00,52.46,52.63,52.63,52.46,0,,,
2010,2022-06-03 00:00:00,52.97,52.47,52.97,52.47,0,,,
2011,2022-06-06 00:00:00,52.95,53.13,53.13,52.94,375,,,
2012,2022-06-07 00:00:00,52.88,52.8,52.88,52.78,27002,,,
2013,2022-06-08 00:00:00,52.9,52.57,52.9,52.5,199,,,
2014,2022-06-09 00:00:00,52.28,51.74,52.35,51.74,591,,,
2015,2022-06-10 00:00:00,51.31,50.16,51.31,50.16,4749,,,
2016,2022-06-13 00:00:00,49.5,48.815,49.5,48.815,114,,,
2017,2022-06-14 00:00:00,49.255,48.32,49.255,48.32,6226,,,
2018,2022-06-15 00:00:00,48.97,49.12,49.12,48.89,2,,,
2019,2022-06-16 00:00:00,48.92,47.685,48.92,47.645,207,,,
2020,2022-06-17 00:00:00,47.8,47.88,48.43,47.8,343,,,
2021,2022-06-20 00:00:00,48.01,48.325,48.325,47.95,24,,,
2022,2022-06-21 00:00:00,48.605,48.54,48.605,48.54,0,,,
2023,2022-06-22 00:00:00,47.71,48.105,48.265,47.5,228,,,
2024,2022-06-23 00:00:00,47.885,47.585,48.135,47.585,10,,,
2025,2022-06-24 00:00:00,47.715,48.88,48.88,47.715,77,,,
2026,2022-06-27 00:00:00,49.245,49.03,49.245,49.01,3,,,
2027,2022-06-28 00:00:00,49.405,49.19,49.465,49.19,3,,,
2028,2022-06-29 00:00:00,48.79,48.62,48.79,48.35,3513,,,
2029,2022-06-30 00:00:00,47.765,47.845,47.845,47.41,14777,,,
2030,2022-07-01 00:00:00,47.26,47.87,47.87,47.26,0,,,
2031,2022-07-04 00:00:00,48.12,47.91,48.12,47.91,271,,,
2032,2022-07-05 00:00:00,48.155,46.67,48.155,46.67,5035,,,
2033,2022-07-06 00:00:00,45.915,46.165,46.165,45.915,553,,,
2034,2022-07-07 00:00:00,46.8,47.165,47.165,46.675,68003,,,
2035,2022-07-08 00:00:00,47.09,47.565,47.58,46.955,2034,,,
2036,2022-07-11 00:00:00,46.835,47.08,47.225,46.835,12665,,,
2037,2022-07-12 00:00:00,46.845,47.19,47.245,46.845,6087,,,
2038,2022-07-13 00:00:00,47.045,46.79,47.045,46.79,8,,,
2039,2022-07-14 00:00:00,46.62,46.045,46.62,45.825,37,,,
2040,2022-07-15 00:00:00,46.155,47.045,47.045,46.155,29,,,
2041,2022-07-18 00:00:00,47.475,47.505,47.67,47.475,971,,,
2042,2022-07-19 00:00:00,47.135,48.465,48.465,47.135,119,,,
2043,2022-07-20 00:00:00,48.5,48.4,48.55,48.4,790,,,
2044,2022-07-21 00:00:00,48.275,48.555,48.555,48.145,8335,,,
2045,2022-07-22 00:00:00,48.44,48.605,48.71,48.44,354,,,
2046,2022-07-25 00:00:00,48.43,48.695,48.805,48.43,173,,,
2047,2022-07-26 00:00:00,48.56,48.325,48.61,48.325,778,,,
2048,2022-07-27 00:00:00,48.51,48.745,48.745,48.51,2000,,,
2049,2022-07-28 00:00:00,49.04,49.265,49.265,48.865,652,,,
2050,2022-07-29 00:00:00,49.67,50.04,50.04,49.67,105,,,
2051,2022-08-01 00:00:00,50.06,50.02,50.27,50.0,256,,,
2052,2022-08-02 00:00:00,50.03,49.76,50.03,49.76,1,,,
2053,2022-08-03 00:00:00,49.695,50.31,50.31,49.695,0,,,
2054,2022-08-04 00:00:00,50.46,50.56,50.78,50.46,83,,,
2055,2022-08-05 00:00:00,50.57,50.19,50.57,50.17,4021,,,
2056,2022-08-08 00:00:00,50.63,50.61,50.63,50.55,3,,,
2057,2022-08-09 00:00:00,50.53,50.15,50.56,50.15,264,,,
2058,2022-08-10 00:00:00,49.985,50.59,50.59,49.985,2,,,
2059,2022-08-11 00:00:00,50.86,50.74,50.86,50.6,85,,,
2060,2022-08-12 00:00:00,50.84,50.91,50.94,50.84,224,,,
2061,2022-08-15 00:00:00,51.15,51.05,51.15,50.86,312,,,
2062,2022-08-16 00:00:00,51.23,51.25,51.25,51.08,1,,,
2063,2022-08-17 00:00:00,51.34,50.57,51.38,50.57,8,,,
2064,2022-08-18 00:00:00,50.54,50.8,50.8,50.54,342,,,
2065,2022-08-19 00:00:00,50.58,50.23,50.58,50.23,2,,,
2066,2022-08-22 00:00:00,50.01,49.295,50.01,49.25,7218,,,
2067,2022-08-23 00:00:00,49.09,49.205,49.27,49.09,403,,,
2068,2022-08-24 00:00:00,49.185,49.37,49.37,48.875,100,,,
2069,2022-08-25 00:00:00,49.71,49.455,49.71,49.435,1000,,,
2070,2022-08-26 00:00:00,49.67,48.52,49.67,48.52,53,,,
2071,2022-08-29 00:00:00,48.0,48.095,48.095,47.935,23,,,
2072,2022-08-30 00:00:00,48.33,48.02,48.75,48.02,105,,,
2073,2022-08-31 00:00:00,48.26,47.51,48.26,47.51,0,,,
2074,2022-09-01 00:00:00,47.14,46.71,47.14,46.67,53,,,
2075,2022-09-02 00:00:00,47.075,47.885,47.885,47.075,252,,,
2076,2022-09-05 00:00:00,46.875,47.195,47.195,46.875,9,,,
2077,2022-09-06 00:00:00,47.345,47.4,47.4,47.345,21905,,,
2078,2022-09-07 00:00:00,46.96,47.35,47.35,46.96,0,,,
2079,2022-09-08 00:00:00,47.665,47.535,47.665,47.535,2,,,
2080,2022-09-09 00:00:00,47.705,48.3,48.3,47.705,0,,,
2081,2022-09-12 00:00:00,48.595,49.255,49.35,48.595,2830,,,
2082,2022-09-13 00:00:00,49.475,48.435,49.475,48.435,0,,,
2083,2022-09-14 00:00:00,48.31,48.13,48.31,48.025,75,,,
2084,2022-09-15 00:00:00,48.19,47.8,48.19,47.8,2,,,
2085,2022-09-16 00:00:00,47.28,47.16,47.28,47.05,5,,,
2086,2022-09-19 00:00:00,46.785,47.17,47.37,46.66,57,,,
2087,2022-09-20 00:00:00,47.365,46.575,47.365,46.575,193,,,
2088,2022-09-21 00:00:00,46.175,46.895,46.895,46.175,10,,,
2089,2022-09-22 00:00:00,46.115,46.035,46.72,46.035,548,,,
2090,2022-09-23 00:00:00,45.945,44.965,45.945,44.76,1503,,,
2091,2022-09-26 00:00:00,44.845,44.865,44.875,44.67,244,,,
2092,2022-09-27 00:00:00,45.23,44.675,45.23,44.675,0,,,
2093,2022-09-28 00:00:00,44.42,44.7,44.7,43.735,30059,,,
2094,2022-09-29 00:00:00,44.32,43.895,44.32,43.54,650,,,
2095,2022-09-30 00:00:00,44.195,44.485,44.485,44.175,202,,,
2096,2022-10-03 00:00:00,44.06,44.89,44.925,43.925,22941,,,
2097,2022-10-04 00:00:00,45.475,46.67,46.67,45.475,7388,,,
2098,2022-10-05 00:00:00,46.565,46.115,46.565,46.115,7,,,
2099,2022-10-06 00:00:00,46.42,45.885,46.42,45.805,270,,,
2100,2022-10-07 00:00:00,45.75,45.105,45.75,45.105,602,,,
2101,2022-10-10 00:00:00,44.84,44.9,45.1,44.775,44,,,
2102,2022-10-11 00:00:00,44.565,44.65,44.65,44.31,23,,,
2103,2022-10-12 00:00:00,44.625,44.415,44.625,44.395,5511,,,
2104,2022-10-13 00:00:00,44.1,44.875,44.875,43.54,12,,,
2105,2022-10-14 00:00:00,45.575,45.14,45.575,45.14,54,,,
2106,2022-10-17 00:00:00,45.365,46.03,46.03,45.365,0,,,
2107,2022-10-18 00:00:00,46.47,46.37,46.72,46.37,2,,,
2108,2022-10-19 00:00:00,46.53,46.235,46.53,46.235,0,,,
2109,2022-10-20 00:00:00,46.15,46.52,46.555,46.15,2304,,,
2110,2022-10-21 00:00:00,46.09,46.25,46.25,46.09,10,,,
2111,2022-10-24 00:00:00,46.755,46.945,47.09,46.7,495,,,
2112,2022-10-25 00:00:00,47.235,47.825,47.825,47.235,12433,,,
2113,2022-10-26 00:00:00,47.62,48.06,48.06,47.62,0,,,
2114,2022-10-27 00:00:00,47.895,48.005,48.005,47.71,61,,,
2115,2022-10-28 00:00:00,47.585,47.985,47.985,47.5,31,,,
2116,2022-10-31 00:00:00,48.02,48.055,48.125,47.98,625,,,
2117,2022-11-01 00:00:00,48.695,48.435,48.81,48.435,424,,,
2118,2022-11-02 00:00:00,48.57,48.075,48.57,48.075,22050,,,
2119,2022-11-03 00:00:00,47.58,47.615,47.615,47.33,5177,,,
2120,2022-11-04 00:00:00,47.935,48.775,48.825,47.935,1568,,,
2121,2022-11-07 00:00:00,48.575,49.03,49.065,48.575,1072,,,
2122,2022-11-08 00:00:00,48.82,49.455,49.455,48.82,3051,,,
2123,2022-11-09 00:00:00,49.415,49.34,49.415,49.18,226,,,
2124,2022-11-10 00:00:00,49.025,50.79,50.79,49.025,1092,,,
2125,2022-11-11 00:00:00,51.14,51.11,51.18,51.11,11,,,
2126,2022-11-14 00:00:00,51.32,51.33,51.35,51.18,39,,,
2127,2022-11-15 00:00:00,51.54,51.62,51.62,51.54,0,,,
2128,2022-11-16 00:00:00,51.6,51.1,51.6,51.1,11,,,
2129,2022-11-17 00:00:00,51.34,50.98,51.34,50.7,41,,,
2130,2022-11-18 00:00:00,51.17,51.51,51.51,51.17,6,,,
2131,2022-11-21 00:00:00,51.36,51.41,51.41,51.34,2559,,,
2132,2022-11-22 00:00:00,51.45,51.63,51.63,51.45,9644,,,
2133,2022-11-23 00:00:00,51.71,51.79,51.8,51.62,5344,,,
2134,2022-11-24 00:00:00,51.89,52.09,52.15,51.89,44,,,
2135,2022-11-25 00:00:00,52.08,52.12,52.12,52.08,0,,,
2136,2022-11-28 00:00:00,51.8,51.85,51.85,51.79,402,,,
2137,2022-11-29 00:00:00,51.82,51.76,51.82,51.65,693,,,
2138,2022-11-30 00:00:00,51.94,52.05,52.08,51.94,6,,,
2139,2022-12-01 00:00:00,52.59,52.59,52.59,52.59,0,,,
2140,2022-12-02 00:00:00,52.23,52.12,52.23,52.1,39,,,
2141,2022-12-05 00:00:00,52.24,52.17,52.24,52.17,68,,,
2142,2022-12-06 00:00:00,52.05,51.9,52.05,51.9,1304,,,
2143,2022-12-07 00:00:00,51.5,51.5,51.5,51.5,9,,,
2144,2022-12-08 00:00:00,51.19,51.0,51.19,51.0,117,,,
2145,2022-12-09 00:00:00,51.25,51.11,51.25,51.11,19,,,
2146,2022-12-12 00:00:00,51.23,51.23,51.23,51.23,20,,,
2147,2022-12-13 00:00:00,51.38,52.51,52.51,51.38,22,,,
2148,2022-12-14 00:00:00,51.79,51.76,51.79,51.76,5000,,,
2149,2022-12-15 00:00:00,51.38,50.28,51.38,50.28,1805,,,
2150,2022-12-16 00:00:00,50.25,49.69,50.25,49.69,2565,,,
2151,2022-12-19 00:00:00,49.94,49.98,50.05,49.94,98,,,
2152,2022-12-20 00:00:00,49.39,49.66,49.66,49.39,52,,,
2153,2022-12-21 00:00:00,49.96,50.2,50.2,49.96,1690,,,
2154,2022-12-22 00:00:00,50.68,50.04,50.68,50.0,147,,,
2155,2022-12-23 00:00:00,50.08,49.925,50.08,49.925,28,,,
2156,2022-12-27 00:00:00,50.42,50.24,50.42,50.24,41,,,
2157,2022-12-28 00:00:00,50.25,49.95,50.25,49.95,71,,,
2158,2022-12-29 00:00:00,49.75,50.03,50.05,49.75,15,,,
2159,2022-12-30 00:00:00,50.16,50.2,50.2,50.16,2,,,
2160,2023-01-02 00:00:00,50.14,50.27,50.27,50.14,4,,,
2161,2023-01-03 00:00:00,50.64,51.0,51.0,50.64,9,,,
2162,2023-01-04 00:00:00,51.29,51.77,51.77,51.29,10,,,
2163,2023-01-05 00:00:00,51.9,51.92,51.92,51.9,2,,,
2164,2023-01-06 00:00:00,52.08,52.35,52.35,52.03,134,,,
2165,2023-01-09 00:00:00,52.81,52.95,52.95,52.81,32,,,
2166,2023-01-10 00:00:00,52.93,52.87,52.93,52.87,2,,,
2167,2023-01-11 00:00:00,53.19,53.4,53.4,53.19,328,,,
2168,2023-01-12 00:00:00,53.69,53.84,53.91,53.69,109,,,
2169,2023-01-13 00:00:00,54.06,54.13,54.24,54.06,243,,,
2170,2023-01-16 00:00:00,54.27,54.14,54.27,54.14,1600,,,
2171,2023-01-17 00:00:00,54.31,54.56,54.56,54.14,818,,,
2172,2023-01-18 00:00:00,54.55,54.66,54.69,54.55,62,,,
2173,2023-01-19 00:00:00,54.24,54.24,54.24,54.24,6000,,,
2174,2023-01-20 00:00:00,53.97,53.75,53.97,53.75,11002,,,
2175,2023-01-23 00:00:00,54.15,54.01,54.15,54.01,6335,,,
2176,2023-01-24 00:00:00,54.49,54.49,54.49,54.49,35,,,
2177,2023-01-25 00:00:00,54.32,54.32,54.32,54.32,1500,,,
2178,2023-01-26 00:00:00,54.53,54.5,54.67,54.47,1815,,,
2179,2023-01-27 00:00:00,54.51,54.42,54.51,54.42,240,,,
2180,2023-01-30 00:00:00,54.45,54.33,54.45,54.14,109,,,
2181,2023-01-31 00:00:00,54.47,54.47,54.47,54.47,0,,,
2182,2023-02-01 00:00:00,54.6,54.7,54.7,54.6,137,,,
2183,2023-02-02 00:00:00,55.01,55.56,55.56,55.01,256,,,
2184,2023-02-03 00:00:00,55.43,55.43,55.43,55.43,91,,,
2185,2023-02-06 00:00:00,55.48,55.21,55.48,55.07,165,,,
2186,2023-02-07 00:00:00,55.23,55.23,55.23,55.23,7,,,
2187,2023-02-08 00:00:00,55.62,55.62,55.62,55.62,16,,,
2188,2023-02-09 00:00:00,55.72,55.75,55.89,55.68,98024,,,
2189,2023-02-10 00:00:00,55.34,55.34,55.34,55.34,0,,,
2190,2023-02-13 00:00:00,55.15,55.37,55.4,55.15,224,,,
2191,2023-02-14 00:00:00,55.65,55.64,55.65,55.64,40,,,
2192,2023-02-15 00:00:00,55.53,55.87,56.0,55.53,12535,,,
2193,2023-02-16 00:00:00,56.4,56.39,56.46,56.38,12723,,,
2194,2023-02-17 00:00:00,55.85,56.06,56.06,55.85,105,,,
2195,2023-02-20 00:00:00,56.23,56.08,56.23,56.08,17890,,,
2196,2023-02-21 00:00:00,55.96,55.72,55.96,55.72,2,,,
2197,2023-02-22 00:00:00,55.49,55.42,55.49,55.42,5,,,
2198,2023-02-23 00:00:00,55.75,55.75,55.76,55.75,141,,,
2199,2023-02-24 00:00:00,56.0,55.0,56.0,55.0,5035,,,
2200,2023-02-27 00:00:00,55.39,55.52,55.52,55.39,18000,,,
2201,2023-02-28 00:00:00,55.35,55.57,55.58,55.35,386,,,
2202,2023-03-01 00:00:00,55.73,55.71,55.73,55.7,136,,,
2203,2023-03-02 00:00:00,54.97,55.05,55.05,54.84,116,,,
2204,2023-03-03 00:00:00,55.9,55.96,55.96,55.9,5,,,
2205,2023-03-06 00:00:00,56.34,56.34,56.34,56.34,0,,,
2206,2023-03-07 00:00:00,56.15,56.39,56.46,56.15,835,,,
2207,2023-03-08 00:00:00,55.75,55.86,55.86,55.75,20,,,
2208,2023-03-09 00:00:00,55.91,55.91,55.91,55.91,0,,,
2209,2023-03-10 00:00:00,54.78,54.78,54.78,54.78,0,,,
2210,2023-03-13 00:00:00,54.82,53.97,54.82,53.21,862,,,
2211,2023-03-14 00:00:00,53.57,54.46,54.46,53.57,204,,,
2212,2023-03-15 00:00:00,54.28,52.96,54.28,52.76,807,,,
2213,2023-03-16 00:00:00,53.54,53.72,53.72,53.1,2501,,,
2214,2023-03-17 00:00:00,54.04,53.0,54.04,53.0,1151,,,
2215,2023-03-20 00:00:00,52.61,53.5,53.5,52.61,119,,,
2216,2023-03-21 00:00:00,54.07,54.07,54.07,54.07,0,,,
2217,2023-03-22 00:00:00,54.25,54.48,54.54,54.25,17842,,,
2218,2023-03-23 00:00:00,54.32,54.32,54.32,54.32,0,,,
2219,2023-03-24 00:00:00,54.18,53.52,54.18,53.21,71575,,,
2220,2023-03-27 00:00:00,54.39,54.27,54.39,53.9,16226,,,
2221,2023-03-28 00:00:00,54.53,54.12,54.53,54.0,7051,,,
2222,2023-03-29 00:00:00,54.43,54.43,54.43,54.43,3,,,
2223,2023-03-30 00:00:00,55.23,55.44,55.54,55.23,751,,,
2224,2023-03-31 00:00:00,55.68,55.68,55.68,55.68,2,,,
2225,2023-04-03 00:00:00,55.92,55.96,55.98,55.92,46,,,
2226,2023-04-04 00:00:00,56.05,56.05,56.05,56.05,0,,,
2227,2023-04-05 00:00:00,55.82,55.82,55.82,55.82,0,,,
2228,2023-04-06 00:00:00,55.64,55.77,55.77,55.64,209,,,
2229,2023-04-11 00:00:00,56.27,56.27,56.27,56.27,0,,,
2230,2023-04-12 00:00:00,56.16,56.56,56.56,56.16,16351,,,
2231,2023-04-13 00:00:00,56.41,56.41,56.41,56.41,0,,,
2232,2023-04-14 00:00:00,56.61,56.74,56.76,56.61,62,,,
2233,2023-04-17 00:00:00,56.77,56.84,57.0,56.77,611,,,
2234,2023-04-18 00:00:00,56.76,57.05,57.05,56.76,979,,,
2235,2023-04-19 00:00:00,56.74,56.72,56.74,56.72,6,,,
2236,2023-04-20 00:00:00,56.92,56.79,56.92,56.65,9,,,
2237,2023-04-21 00:00:00,56.8,56.8,56.8,56.8,18,,,
2238,2023-04-24 00:00:00,56.87,57.1,57.1,56.87,153,,,
2239,2023-04-25 00:00:00,56.69,56.73,56.73,56.69,11,,,
2240,2023-04-26 00:00:00,56.39,56.34,56.39,56.22,487,,,
2241,2023-04-27 00:00:00,56.27,56.57,56.6,56.27,10,,,
2242,2023-04-28 00:00:00,56.78,56.47,56.78,56.47,109,,,
2243,2023-05-02 00:00:00,56.89,56.52,56.89,56.52,91,,,
2244,2023-05-03 00:00:00,56.22,56.24,56.35,56.22,16,,,
2245,2023-05-04 00:00:00,56.05,55.89,56.05,55.67,1687,,,
2246,2023-05-05 00:00:00,56.18,56.63,56.63,56.18,16,,,
2247,2023-05-08 00:00:00,56.72,56.83,56.83,56.72,142,,,
2248,2023-05-09 00:00:00,56.74,56.54,56.74,56.54,62,,,
2249,2023-05-10 00:00:00,56.71,56.71,56.71,56.71,2,,,
2250,2023-05-11 00:00:00,56.75,56.75,56.75,56.75,2,,,
2251,2023-05-12 00:00:00,56.78,56.59,56.78,56.58,10007,,,
2252,2023-05-15 00:00:00,56.8,56.61,56.8,56.61,3540,,,
2253,2023-05-16 00:00:00,56.59,56.5,56.69,56.5,2162,,,
2254,2023-05-17 00:00:00,56.44,56.66,56.66,56.44,1417,,,
2255,2023-05-18 00:00:00,56.89,57.22,57.22,56.89,290,,,
2256,2023-05-19 00:00:00,57.25,57.56,57.56,57.25,1231,,,
2257,2023-05-22 00:00:00,57.39,57.39,57.47,57.39,21244,,,
2258,2023-05-23 00:00:00,57.33,57.11,57.41,57.11,24685,,,
2259,2023-05-24 00:00:00,56.51,56.0,56.51,56.0,2680,,,
2260,2023-05-25 00:00:00,56.12,56.07,56.17,56.07,1852,,,
2261,2023-05-26 00:00:00,56.2,56.86,56.86,55.91,359,,,
2262,2023-05-29 00:00:00,57.08,56.64,57.08,56.64,901,,,
2263,2023-05-30 00:00:00,56.53,56.3,56.79,56.3,2492,,,
2264,2023-05-31 00:00:00,55.79,55.5,56.1,55.5,127,,,
2265,2023-06-01 00:00:00,56.04,55.93,56.05,55.93,0,,,
2266,2023-06-02 00:00:00,56.3,56.66,56.71,56.3,19130,,,
2267,2023-06-05 00:00:00,56.86,56.44,56.88,56.44,1090,,,
2268,2023-06-06 00:00:00,56.47,56.35,56.47,56.35,7472,,,
2269,2023-06-07 00:00:00,56.62,56.62,56.62,56.62,9,,,
2270,2023-06-08 00:00:00,56.43,56.62,56.62,56.43,5,,,
2271,2023-06-09 00:00:00,56.68,56.54,56.68,56.47,192,,,
2272,2023-06-12 00:00:00,56.79,56.91,56.91,56.79,8,,,
2273,2023-06-13 00:00:00,57.14,57.18,57.18,56.93,50,,,
2274,2023-06-14 00:00:00,57.21,57.29,57.29,57.21,20,,,
2275,2023-06-15 00:00:00,57.44,57.16,57.44,57.1,77479,,,
2276,2023-06-16 00:00:00,57.39,57.55,57.55,57.39,14,,,
2277,2023-06-19 00:00:00,57.37,57.29,57.37,57.29,3944,,,
2278,2023-06-20 00:00:00,56.92,57.07,57.07,56.8,6318,,,
2279,2023-06-21 00:00:00,56.72,56.72,56.72,56.72,0,,,
2280,2023-06-22 00:00:00,56.08,56.04,56.08,56.04,10,,,
2281,2023-06-23 00:00:00,56.03,56.03,56.03,56.03,0,,,
2282,2023-06-26 00:00:00,56.03,55.89,56.03,55.89,16,,,
2283,2023-06-27 00:00:00,56.28,55.99,56.28,55.99,8,,,
2284,2023-06-28 00:00:00,56.58,56.68,56.73,56.58,12,,,
2285,2023-06-29 00:00:00,56.86,56.92,56.92,56.86,6,,,
2286,2023-06-30 00:00:00,57.04,57.57,57.57,57.04,939,,,
2287,2023-07-03 00:00:00,57.68,57.6,57.68,57.6,2334,,,
2288,2023-07-04 00:00:00,57.58,57.58,57.58,57.58,0,,,
2289,2023-07-05 00:00:00,57.07,57.0,57.11,57.0,20,,,
2290,2023-07-06 00:00:00,56.44,55.46,56.44,55.45,130,,,
2291,2023-07-07 00:00:00,55.48,55.8,55.8,55.48,56900,,,
2292,2023-07-10 00:00:00,55.57,56.06,56.06,55.57,8,,,
2293,2023-07-11 00:00:00,56.15,56.47,56.59,56.08,48215,,,
2294,2023-07-12 00:00:00,56.61,56.61,56.61,56.61,0,,,
2295,2023-07-13 00:00:00,57.39,57.8,57.8,57.39,2696,,,
2296,2023-07-14 00:00:00,57.71,57.79,57.79,57.71,75,,,
2297,2023-07-17 00:00:00,57.4,57.39,57.6,57.21,1274,,,
2298,2023-07-18 00:00:00,57.29,57.29,57.29,57.29,0,,,
2299,2023-07-19 00:00:00,57.85,57.69,57.9,57.67,1696,,,
2300,2023-07-20 00:00:00,57.44,57.76,57.76,57.44,14665,,,
2301,2023-07-21 00:00:00,57.62,57.62,57.62,57.62,0,,,
2302,2023-07-24 00:00:00,57.71,57.94,57.94,57.71,13811,,,
2303,2023-07-25 00:00:00,57.94,57.94,57.98,57.82,14295,,,
2304,2023-07-26 00:00:00,57.75,57.46,57.75,57.13,12652,,,
2305,2023-07-27 00:00:00,57.9,58.61,58.61,57.9,188,,,
2306,2023-07-28 00:00:00,58.47,58.68,58.72,58.32,462,,,
2307,2023-07-31 00:00:00,58.61,58.78,58.78,58.61,61,,,
2308,2023-08-01 00:00:00,58.52,58.0,58.55,58.0,20,,,
2309,2023-08-02 00:00:00,57.21,57.29,57.56,57.0,460,,,
2310,2023-08-03 00:00:00,56.88,56.52,56.93,56.52,583,,,
2311,2023-08-04 00:00:00,56.92,56.98,56.99,56.92,944,,,
2312,2023-08-07 00:00:00,56.98,57.03,57.03,56.84,104,,,
2313,2023-08-08 00:00:00,56.78,56.49,56.91,56.39,3146,,,
2314,2023-08-09 00:00:00,57.16,57.13,57.16,57.13,13,,,
2315,2023-08-10 00:00:00,57.2,57.27,57.46,57.2,74,,,
2316,2023-08-11 00:00:00,57.27,56.95,57.27,56.89,7011,,,
2317,2023-08-14 00:00:00,56.87,56.98,57.08,56.87,1551,,,
2318,2023-08-15 00:00:00,57.08,56.47,57.08,56.47,483,,,
2319,2023-08-16 00:00:00,56.43,56.43,56.43,56.43,590,,,
2320,2023-08-17 00:00:00,56.23,55.83,56.41,55.83,6248,,,
2321,2023-08-18 00:00:00,55.59,55.38,55.6,55.34,333,,,
2322,2023-08-21 00:00:00,55.75,55.75,55.95,55.74,100,,,
2323,2023-08-22 00:00:00,56.08,56.08,56.08,56.08,0,,,
2324,2023-08-23 00:00:00,56.36,56.32,56.36,56.32,9,,,
2325,2023-08-24 00:00:00,56.87,55.98,56.87,55.98,265,,,
2326,2023-08-25 00:00:00,55.85,55.85,55.85,55.85,0,,,
2327,2023-08-28 00:00:00,56.45,56.73,56.73,56.41,22,,,
2328,2023-08-29 00:00:00,56.87,56.87,56.92,56.85,9899,,,
2329,2023-08-30 00:00:00,57.22,57.12,57.26,56.97,21,,,
2330,2023-08-31 00:00:00,57.05,57.13,57.25,57.05,10,,,
2331,2023-09-01 00:00:00,56.82,56.98,56.98,56.82,300,,,
2332,2023-09-04 00:00:00,57.0,56.82,57.05,56.82,646,,,
2333,2023-09-05 00:00:00,56.26,56.51,56.55,56.23,35409,,,
2334,2023-09-06 00:00:00,56.06,56.02,56.1,55.99,41,,,
2335,2023-09-07 00:00:00,55.81,55.81,55.81,55.81,2,,,
2336,2023-09-08 00:00:00,55.93,55.65,55.93,55.49,1643,,,
2337,2023-09-11 00:00:00,56.18,56.13,56.25,56.13,111,,,
2338,2023-09-12 00:00:00,56.23,56.23,56.23,56.23,0,,,
2339,2023-09-13 00:00:00,55.72,55.5,55.78,55.5,30,,,
2340,2023-09-14 00:00:00,55.74,56.23,56.23,55.71,1059,,,
2341,2023-09-15 00:00:00,56.9,56.84,56.94,56.83,253,,,
2342,2023-09-18 00:00:00,56.51,55.93,56.51,55.93,29,,,
2343,2023-09-19 00:00:00,55.89,55.91,55.91,55.89,102,,,
2344,2023-09-20 00:00:00,56.08,56.08,56.08,56.08,0,,,
2345,2023-09-21 00:00:00,56.02,55.74,56.02,55.74,1705,,,
2346,2023-09-22 00:00:00,55.22,55.42,55.46,55.22,18,,,
2347,2023-09-25 00:00:00,55.29,54.91,55.29,54.77,96,,,
2348,2023-09-26 00:00:00,54.61,54.6,54.61,54.6,2,,,
2349,2023-09-27 00:00:00,54.49,54.49,54.49,54.49,2,,,
2350,2023-09-28 00:00:00,54.41,54.41,54.41,54.41,0,,,
2351,2023-09-29 00:00:00,55.01,55.43,55.43,55.0,124,,,
2352,2023-10-02 00:00:00,55.14,54.43,55.15,54.27,35,,,
2353,2023-10-03 00:00:00,54.21,53.89,54.23,53.89,15,,,
2354,2023-10-04 00:00:00,53.47,53.65,53.95,53.47,292,,,
2355,2023-10-05 00:00:00,53.93,54.0,54.0,53.93,452,,,
2356,2023-10-06 00:00:00,53.95,54.12,54.12,53.95,23,,,
2357,2023-10-09 00:00:00,54.09,54.07,54.09,54.07,9,,,
2358,2023-10-10 00:00:00,54.55,55.1,55.1,54.55,506,,,
2359,2023-10-11 00:00:00,54.83,54.96,54.96,54.83,567,,,
2360,2023-10-12 00:00:00,55.29,55.33,55.33,55.29,2064,,,
2361,2023-10-13 00:00:00,54.87,54.49,54.87,54.49,39,,,
2362,2023-10-16 00:00:00,54.42,54.32,54.48,54.26,149,,,
2363,2023-10-17 00:00:00,54.27,54.1,54.27,54.1,40,,,
2364,2023-10-18 00:00:00,54.17,54.17,54.17,54.17,2,,,
2365,2023-10-19 00:00:00,53.57,53.43,53.59,53.29,4450,,,
2366,2023-10-20 00:00:00,52.85,52.7,52.89,52.7,25,,,
2367,2023-10-23 00:00:00,52.71,52.65,52.71,52.18,751,,,
2368,2023-10-24 00:00:00,52.88,53.0,53.0,52.64,3,,,
2369,2023-10-25 00:00:00,53.0,52.9,53.0,52.9,19,,,
2370,2023-10-26 00:00:00,52.57,52.9,52.9,52.57,1,,,
2371,2023-10-27 00:00:00,52.71,52.84,52.84,52.71,4,,,
2372,2023-10-30 00:00:00,52.72,52.87,52.93,52.72,215,,,
2373,2023-10-31 00:00:00,52.77,53.22,53.22,52.77,2000,,,
2374,2023-11-01 00:00:00,53.31,53.31,53.31,53.31,292,,,
2375,2023-11-02 00:00:00,53.97,54.68,54.68,53.97,178,,,
2376,2023-11-03 00:00:00,54.7,54.85,54.89,54.7,295,,,
2377,2023-11-06 00:00:00,54.89,54.64,54.89,54.64,110,,,
2378,2023-11-07 00:00:00,54.36,54.36,54.36,54.36,0,,,
2379,2023-11-08 00:00:00,54.2,54.2,54.2,54.2,0,,,
2380,2023-11-09 00:00:00,54.77,55.08,55.08,54.77,1000,,,
2381,2023-11-10 00:00:00,55.0,54.69,55.0,54.69,27,,,
2382,2023-11-13 00:00:00,55.08,55.08,55.08,55.08,0,,,
2383,2023-11-14 00:00:00,55.33,55.48,55.52,55.33,788,,,
2384,2023-11-15 00:00:00,56.32,56.46,56.53,56.32,268,,,
2385,2023-11-16 00:00:00,56.43,56.42,56.43,56.42,6,,,
2386,2023-11-17 00:00:00,56.43,56.61,56.61,56.43,64,,,
2387,2023-11-20 00:00:00,56.82,56.82,56.82,56.82,1,,,
2388,2023-11-21 00:00:00,56.81,56.63,56.81,56.63,246,,,
2389,2023-11-22 00:00:00,56.75,56.79,56.79,56.75,8,,,
2390,2023-11-23 00:00:00,56.89,56.93,56.93,56.89,125,,,
2391,2023-11-24 00:00:00,56.97,57.12,57.12,56.97,2149,,,
2392,2023-11-27 00:00:00,57.16,57.21,57.21,57.16,1128,,,
2393,2023-11-28 00:00:00,56.81,56.84,56.84,56.57,61,,,
2394,2023-11-29 00:00:00,56.92,57.23,57.23,56.92,274,,,
2395,2023-11-30 00:00:00,57.27,57.42,57.47,57.27,12564,,,
2396,2023-12-01 00:00:00,57.65,57.75,57.75,57.65,47,,,
2397,2023-12-04 00:00:00,57.79,57.81,57.87,57.79,444,,,
2398,2023-12-05 00:00:00,57.78,58.16,58.16,57.78,29,,,
2399,2023-12-06 00:00:00,58.33,58.69,58.69,58.33,50,,,
2400,2023-12-07 00:00:00,58.49,58.49,58.49,58.49,0,,,
2401,2023-12-08 00:00:00,58.49,58.71,58.71,58.49,789,,,
2402,2023-12-11 00:00:00,59.24,59.17,59.24,58.97,15946,,,
2403,2023-12-12 00:00:00,57.81,57.63,57.81,57.62,2969,,,
2404,2023-12-13 00:00:00,57.68,57.56,57.78,57.56,1799,,,
2405,2023-12-14 00:00:00,58.31,58.26,58.31,58.22,79,,,
2406,2023-12-15 00:00:00,58.17,58.08,58.17,57.98,2243,,,
2407,2023-12-18 00:00:00,57.85,57.91,57.91,57.79,105,,,
2408,2023-12-19 00:00:00,57.78,57.92,57.92,57.78,9,,,
2409,2023-12-20 00:00:00,58.01,57.72,58.01,57.72,3,,,
2410,2023-12-21 00:00:00,57.65,57.69,57.69,57.56,4,,,
2411,2023-12-22 00:00:00,57.64,57.75,57.76,57.64,2613,,,
2412,2023-12-27 00:00:00,58.0,57.96,58.0,57.96,15081,,,
2413,2023-12-28 00:00:00,58.04,57.76,58.04,57.76,670,,,
2414,2023-12-29 00:00:00,57.85,57.92,57.92,57.85,5,,,
2415,2024-01-02 00:00:00,58.14,57.77,58.14,57.46,503,,,
2416,2024-01-03 00:00:00,57.75,56.89,57.75,56.89,5039,,,
2417,2024-01-04 00:00:00,57.14,57.28,57.28,56.98,492,,,
2418,2024-01-05 00:00:00,56.87,56.74,56.87,56.66,124,,,
2419,2024-01-08 00:00:00,57.18,57.41,57.41,57.16,16,,,
2420,2024-01-09 00:00:00,57.5,57.25,57.5,57.25,136,,,
2421,2024-01-10 00:00:00,57.23,57.26,57.37,57.12,3511,,,
2422,2024-01-11 00:00:00,57.55,56.94,57.55,56.94,86808,,,
2423,2024-01-12 00:00:00,57.28,57.49,57.59,57.25,23519,,,
2424,2024-01-15 00:00:00,57.49,57.19,57.49,57.19,1739,,,
2425,2024-01-16 00:00:00,56.71,57.02,57.02,56.71,12670,,,
2426,2024-01-17 00:00:00,56.42,56.3,56.43,56.3,681,,,
2427,2024-01-18 00:00:00,56.64,57.05,57.05,56.58,2690,,,
2428,2024-01-19 00:00:00,57.34,56.98,57.34,56.87,12697,,,
2429,2024-01-22 00:00:00,57.52,57.45,57.52,57.32,6122,,,
2430,2024-01-23 00:00:00,57.6,57.37,57.6,57.3,11921,,,
2431,2024-01-24 00:00:00,58.04,58.3,58.3,57.84,27793,,,
2432,2024-01-25 00:00:00,58.21,58.45,58.47,58.17,12420,,,
2433,2024-01-26 00:00:00,58.66,59.04,59.1,58.59,32226,,,
2434,2024-01-29 00:00:00,58.99,59.0,59.0,58.82,26885,,,
2435,2024-01-30 00:00:00,59.14,59.24,59.26,59.14,1722,,,
2436,2024-01-31 00:00:00,59.25,59.18,59.37,59.18,4905,,,
2437,2024-02-01 00:00:00,58.82,58.78,59.13,58.78,2671,,,
2438,2024-02-02 00:00:00,59.23,58.98,59.27,58.98,7327,,,
2439,2024-02-05 00:00:00,59.04,58.88,59.04,58.86,726,,,
2440,2024-02-06 00:00:00,59.24,59.33,59.33,59.02,798,,,
2441,2024-02-07 00:00:00,59.32,59.27,59.32,59.16,6189,,,
2442,2024-02-08 00:00:00,59.3,59.45,59.6,59.3,12133,,,
2443,2024-02-09 00:00:00,59.42,59.51,59.51,59.42,58,,,
2444,2024-02-12 00:00:00,59.61,59.75,59.75,59.61,99,,,
2445,2024-02-13 00:00:00,59.64,59.15,59.64,59.14,2086,,,
2446,2024-02-14 00:00:00,59.21,59.39,59.39,59.21,1357,,,
2447,2024-02-15 00:00:00,59.74,59.88,59.95,59.74,64638,,,
2448,2024-02-16 00:00:00,60.15,60.08,60.24,59.97,5986,,,
2449,2024-02-19 00:00:00,60.0,60.1,60.1,59.93,5393,,,
2450,2024-02-20 00:00:00,59.96,59.97,59.97,59.93,685,,,
2451,2024-02-21 00:00:00,60.06,60.14,60.15,60.06,9160,,,
2452,2024-02-22 00:00:00,60.87,60.95,61.07,60.8,3313,,,
2453,2024-02-23 00:00:00,60.98,61.18,61.18,60.9,15487,,,
2454,2024-02-26 00:00:00,61.08,61.02,61.08,61.0,6756,,,
2455,2024-02-27 00:00:00,60.99,61.28,61.28,60.96,4403,,,
2456,2024-02-28 00:00:00,61.2,61.06,61.2,61.06,7574,,,
2457,2024-02-29 00:00:00,61.22,61.22,61.22,61.22,0,,,
2458,2024-03-01 00:00:00,61.39,61.39,61.39,61.37,3855,,,
2459,2024-03-04 00:00:00,61.41,61.46,61.47,61.41,8,,,
2460,2024-03-05 00:00:00,61.37,61.31,61.48,61.31,181,,,
2461,2024-03-06 00:00:00,61.33,61.56,61.64,61.33,8193,,,
2462,2024-03-07 00:00:00,61.35,62.23,62.23,61.35,3812,,,
2463,2024-03-08 00:00:00,62.22,62.09,62.22,62.09,198,,,
2464,2024-03-11 00:00:00,61.63,61.8,61.8,61.63,205,,,
2465,2024-03-12 00:00:00,62.03,62.03,62.03,62.03,0,,,
2466,2024-03-13 00:00:00,62.44,62.57,62.57,62.44,1,,,
2467,2024-03-14 00:00:00,62.75,62.3,62.8,62.23,141578,,,
2468,2024-03-15 00:00:00,62.32,62.35,62.62,62.32,41807,,,
2469,2024-03-18 00:00:00,62.37,62.3,62.37,62.3,19,,,
2470,2024-03-19 00:00:00,62.14,62.43,62.43,62.13,16002,,,
2471,2024-03-20 00:00:00,62.26,62.42,62.53,62.25,2404,,,
2472,2024-03-21 00:00:00,63.09,62.89,63.09,62.75,789,,,
2473,2024-03-22 00:00:00,62.87,62.98,63.02,62.73,82484,,,
2474,2024-03-25 00:00:00,63.0,62.9,63.0,62.9,1179,,,
2475,2024-03-26 00:00:00,63.19,63.05,63.19,63.05,8,,,
2476,2024-03-27 00:00:00,63.43,63.56,63.56,63.43,164,,,
2477,2024-03-28 00:00:00,63.72,63.6,63.75,63.6,37,,,
2478,2024-04-02 00:00:00,64.15,63.15,64.15,63.09,431,,,
2479,2024-04-03 00:00:00,63.18,63.16,63.18,63.16,111,,,
2480,2024-04-04 00:00:00,63.4,63.47,63.51,63.4,2465,,,
2481,2024-04-05 00:00:00,62.74,62.79,62.79,62.41,166123,,,
2482,2024-04-08 00:00:00,62.77,63.22,63.23,62.77,9434,,,
2483,2024-04-09 00:00:00,62.97,62.69,63.11,62.69,17203,,,
2484,2024-04-10 00:00:00,63.07,62.72,63.2,62.29,5714,,,
2485,2024-04-11 00:00:00,62.77,62.43,62.78,62.43,1021,,,
2486,2024-04-12 00:00:00,63.02,63.02,63.02,63.02,0,,,
2487,2024-04-15 00:00:00,62.68,62.92,62.92,62.68,6,,,
2488,2024-04-16 00:00:00,61.75,61.68,61.78,61.68,7851,,,
2489,2024-04-17 00:00:00,61.74,61.75,62.14,61.62,5219,,,
2490,2024-04-18 00:00:00,61.92,61.99,61.99,61.79,7405,,,
2491,2024-04-19 00:00:00,61.45,61.75,61.79,61.45,2318,,,
2492,2024-04-22 00:00:00,62.28,62.12,62.28,61.87,2720,,,
2493,2024-04-23 00:00:00,62.65,62.99,62.99,62.56,4681,,,
2494,2024-04-24 00:00:00,63.22,62.96,63.24,62.96,1140,,,
2495,2024-04-25 00:00:00,62.75,62.49,62.75,62.44,2179,,,
2496,2024-04-26 00:00:00,62.79,63.16,63.19,62.77,5091,,,
2497,2024-04-29 00:00:00,63.48,63.1,63.48,63.1,14,,,
2498,2024-04-30 00:00:00,63.18,62.49,63.18,62.49,132,,,
2499,2024-05-02 00:00:00,62.2,62.36,62.51,62.2,2699,,,
2500,2024-05-03 00:00:00,62.67,62.68,62.98,62.5,23776,,,
2501,2024-05-06 00:00:00,62.81,63.15,63.15,62.76,33,,,
2502,2024-05-07 00:00:00,63.51,63.81,63.84,63.27,7238,,,
2503,2024-05-08 00:00:00,64.01,64.1,64.1,64.01,990,,,
2504,2024-05-09 00:00:00,64.14,64.14,64.14,64.14,0,,,
2505,2024-05-10 00:00:00,64.77,64.86,64.86,64.77,20,,,
2506,2024-05-13 00:00:00,64.99,64.84,64.99,64.7,3176,,,
2507,2024-05-14 00:00:00,64.84,64.91,64.92,64.79,553,,,
2508,2024-05-15 00:00:00,65.09,65.34,65.34,65.02,148,,,
2509,2024-05-16 00:00:00,65.38,65.08,65.38,65.08,598,,,
2510,2024-05-17 00:00:00,65.07,65.04,65.07,64.79,1074,,,
2511,2024-05-20 00:00:00,65.2,65.23,65.28,65.14,15,,,
2512,2024-05-21 00:00:00,65.07,64.96,65.07,64.85,5548,,,
2513,2024-05-22 00:00:00,64.86,64.74,64.89,64.7,81159,,,
2514,2024-05-23 00:00:00,64.96,64.81,65.08,64.81,1294,,,
2515,2024-05-24 00:00:00,64.33,64.74,64.74,64.33,14407,,,
2516,2024-05-27 00:00:00,64.87,64.99,64.99,64.87,239,,,
2517,2024-05-28 00:00:00,65.32,64.74,65.32,64.74,397,,,
2518,2024-05-29 00:00:00,64.71,64.03,64.71,64.03,880,,,
2519,2024-05-30 00:00:00,63.93,64.01,64.01,63.87,1569,,,
2520,2024-05-31 00:00:00,64.27,64.2,64.41,64.04,121197,,,
2521,2024-06-03 00:00:00,64.88,64.83,64.88,64.58,98,,,
2522,2024-06-04 00:00:00,64.4,64.4,64.4,64.4,45,,,
2523,2024-06-05 00:00:00,64.37,64.89,64.89,64.37,3014,,,
2524,2024-06-06 00:00:00,65.21,65.28,65.33,65.08,178450,,,
2525,2024-06-07 00:00:00,65.28,65.04,65.28,64.63,73386,,,
2526,2024-06-10 00:00:00,64.3,64.54,64.54,64.17,5663,,,
2527,2024-06-11 00:00:00,64.74,63.85,64.74,63.59,54657,,,
2528,2024-06-12 00:00:00,64.03,64.19,64.19,64.03,574,,,
2529,2024-06-13 00:00:00,64.54,63.45,64.54,63.45,968,,,
2530,2024-06-14 00:00:00,63.51,62.32,63.51,62.32,5740,,,
2531,2024-06-17 00:00:00,62.65,62.59,62.65,62.49,29,,,
2532,2024-06-18 00:00:00,63.17,63.09,63.17,62.97,3102,,,
2533,2024-06-19 00:00:00,63.11,62.93,63.11,62.93,20,,,
2534,2024-06-20 00:00:00,62.97,63.61,63.61,62.97,189,,,
2535,2024-06-21 00:00:00,63.37,63.05,63.4,63.05,300,,,
2536,2024-06-24 00:00:00,63.21,63.44,63.54,63.21,1379,,,
2537,2024-06-25 00:00:00,63.21,63.32,63.32,63.21,571,,,
2538,2024-06-26 00:00:00,63.59,63.1,63.76,63.0,799,,,
2539,2024-06-27 00:00:00,63.09,62.98,63.1,62.95,287,,,
2540,2024-06-28 00:00:00,63.01,62.76,63.02,62.65,13487,,,
2541,2024-07-01 00:00:00,63.78,63.15,63.81,63.15,1332,,,
2542,2024-07-02 00:00:00,62.87,62.89,62.89,62.5,777,,,
2543,2024-07-03 00:00:00,63.27,63.45,63.45,63.27,2,,,
2544,2024-07-04 00:00:00,63.89,64.03,64.04,63.89,9931,,,
2545,2024-07-05 00:00:00,64.15,63.89,64.28,63.81,1301,,,
2546,2024-07-08 00:00:00,63.81,63.85,64.23,63.81,1555,,,
2547,2024-07-09 00:00:00,63.53,63.06,63.53,63.01,284,,,
2548,2024-07-10 00:00:00,63.2,63.7,63.7,63.2,8050,,,
2549,2024-07-11 00:00:00,63.94,64.09,64.09,63.94,804,,,
2550,2024-07-12 00:00:00,64.2,64.84,64.84,64.2,2425,,,
2551,2024-07-15 00:00:00,64.64,64.62,64.64,64.62,76,,,
2552,2024-07-16 00:00:00,63.69,63.77,63.8,63.59,11906,,,
2553,2024-07-17 00:00:00,63.35,63.17,63.36,63.17,1448,,,
2554,2024-07-18 00:00:00,63.36,63.41,63.44,63.36,41,,,
2555,2024-07-19 00:00:00,62.75,62.62,62.76,62.59,9720,,,
0,2014-06-23 00:00:00,44.01,43.77,44.01,43.77,1871,0.0,,
1,2014-06-24 00:00:00,43.87,43.71,43.87,43.71,45088,1.0,,
2,2014-06-25 00:00:00,43.52,43.29,43.52,43.29,535,2.0,,
3,2014-06-26 00:00:00,43.4,43.15,43.4,42.97,8591,3.0,,
4,2014-06-27 00:00:00,43.16,43.12,43.27,43.08,30765,4.0,,
5,2014-06-30 00:00:00,43.14,43.08,43.16,42.92,8244,5.0,,
6,2014-07-01 00:00:00,43.21,43.44,43.44,43.21,8824,6.0,,
7,2014-07-02 00:00:00,43.44,43.44,43.46,43.44,1946,7.0,,
8,2014-07-03 00:00:00,43.4,43.9,43.9,43.4,423,8.0,,
9,2014-07-04 00:00:00,43.82,43.65,43.82,43.65,698,9.0,,
10,2014-07-07 00:00:00,43.52,43.16,43.62,43.16,2091,10.0,,
11,2014-07-08 00:00:00,43.25,42.53,43.25,42.53,9027,11.0,,
12,2014-07-09 00:00:00,41.73,41.73,41.73,41.73,36,12.0,,
13,2014-07-10 00:00:00,41.61,41.04,41.61,40.87,896,13.0,,
14,2014-07-11 00:00:00,41.14,41.19,41.19,41.0,5239,14.0,,
15,2014-07-14 00:00:00,41.32,41.52,41.52,41.31,14300,15.0,,
16,2014-07-15 00:00:00,41.45,41.17,41.45,41.11,31268,16.0,,
17,2014-07-16 00:00:00,41.37,41.82,41.82,41.37,5758,17.0,,
18,2014-07-17 00:00:00,41.61,41.32,41.62,41.32,3445,18.0,,
19,2014-07-18 00:00:00,41.08,41.36,41.36,41.08,2804,19.0,,
20,2014-07-21 00:00:00,41.31,41.05,41.31,41.05,0,20.0,,
21,2014-07-22 00:00:00,41.23,41.56,41.62,41.23,11780,21.0,,
22,2014-07-23 00:00:00,41.56,41.68,41.84,41.56,318,22.0,,
23,2014-07-24 00:00:00,41.67,42.04,42.04,41.47,5000,23.0,,
24,2014-07-25 00:00:00,41.9,41.53,41.96,41.52,14570,24.0,,
25,2014-07-28 00:00:00,41.66,41.45,41.66,41.18,13507,25.0,,
26,2014-07-29 00:00:00,41.59,41.63,41.73,41.59,189,26.0,,
27,2014-07-30 00:00:00,41.56,41.42,41.56,41.42,128,27.0,,
28,2014-07-31 00:00:00,41.39,40.7,41.39,40.6,69489,28.0,,
29,2014-08-01 00:00:00,40.67,40.14,40.67,39.99,20687,29.0,,
30,2014-08-04 00:00:00,40.2,40.0,40.2,40.0,11719,30.0,,
31,2014-08-05 00:00:00,40.15,40.02,40.26,40.02,3965,31.0,,
32,2014-08-06 00:00:00,39.7,39.73,39.73,39.47,13765,32.0,,
33,2014-08-07 00:00:00,39.57,39.25,39.65,39.25,12932,33.0,,
34,2014-08-08 00:00:00,38.92,39.19,39.29,38.92,115331,34.0,,
35,2014-08-11 00:00:00,39.5,39.7,39.77,39.5,32938,35.0,,
36,2014-08-12 00:00:00,39.62,39.46,39.62,39.46,11102,36.0,,
37,2014-08-13 00:00:00,39.65,39.85,39.85,39.61,768,37.0,,
38,2014-08-14 00:00:00,39.65,39.88,39.88,39.65,0,38.0,,
39,2014-08-15 00:00:00,39.96,39.57,39.96,39.57,0,39.0,,
40,2014-08-18 00:00:00,40.09,40.07,40.1,40.0,7006,40.0,,
41,2014-08-19 00:00:00,40.24,40.36,40.41,40.24,10772,41.0,,
42,2014-08-20 00:00:00,40.35,40.33,40.35,40.27,1900,42.0,,
43,2014-08-21 00:00:00,40.32,40.77,40.77,40.32,9920,43.0,,
44,2014-08-22 00:00:00,40.74,40.52,40.74,40.52,0,44.0,,
45,2014-08-25 00:00:00,41.01,41.25,41.25,40.9,17379,45.0,,
46,2014-08-26 00:00:00,41.16,41.62,41.62,41.16,14848,46.0,,
47,2014-08-27 00:00:00,41.56,41.65,41.65,41.56,8099,47.0,,
48,2014-08-28 00:00:00,41.57,41.3,41.57,41.25,1404,48.0,,
49,2014-08-29 00:00:00,41.38,41.35,41.43,41.23,20388,49.0,,
50,2014-09-01 00:00:00,41.44,41.35,41.44,41.28,18338,50.0,,
51,2014-09-02 00:00:00,41.46,41.39,41.61,41.39,1050,51.0,,
52,2014-09-03 00:00:00,41.53,41.84,41.88,41.53,18989,52.0,,
53,2014-09-04 00:00:00,41.77,42.52,42.52,41.77,15000,53.0,,
54,2014-09-05 00:00:00,42.52,42.51,42.52,42.47,640,54.0,,
55,2014-09-08 00:00:00,42.49,42.45,42.49,42.33,2400,55.0,,
56,2014-09-09 00:00:00,42.4,42.19,42.4,42.19,0,56.0,,
57,2014-09-10 00:00:00,42.08,42.14,42.14,41.91,14636,57.0,,
58,2014-09-11 00:00:00,42.23,42.05,42.23,42.05,0,58.0,,
59,2014-09-12 00:00:00,42.1,42.01,42.1,42.01,0,59.0,,
60,2014-09-15 00:00:00,41.85,41.93,41.93,41.85,0,60.0,,
61,2014-09-16 00:00:00,41.83,41.77,41.83,41.77,0,61.0,,
62,2014-09-17 00:00:00,41.94,41.98,41.98,41.92,50,62.0,,
63,2014-09-18 00:00:00,42.09,42.37,42.37,42.09,44,63.0,,
64,2014-09-19 00:00:00,42.66,42.4,42.67,42.35,105464,64.0,,
65,2014-09-22 00:00:00,42.21,42.17,42.21,42.17,0,65.0,,
66,2014-09-23 00:00:00,42.02,41.55,42.02,41.54,3791,66.0,,
67,2014-09-24 00:00:00,41.59,41.89,41.95,41.49,1538,67.0,,
68,2014-09-25 00:00:00,41.91,41.41,42.08,41.41,557,68.0,,
69,2014-09-26 00:00:00,41.35,41.62,41.62,41.35,10388,69.0,,
70,2014-09-29 00:00:00,41.67,41.29,41.67,41.11,5936,70.0,,
71,2014-09-30 00:00:00,41.45,41.68,41.68,41.45,0,71.0,,
72,2014-10-01 00:00:00,41.6,41.3,41.69,41.3,25,72.0,,
73,2014-10-02 00:00:00,41.17,40.24,41.26,40.24,10776,73.0,,
74,2014-10-03 00:00:00,40.53,40.64,40.64,40.52,7002,74.0,,
75,2014-10-06 00:00:00,40.92,40.67,40.92,40.67,15000,75.0,,
76,2014-10-07 00:00:00,40.43,40.01,40.43,40.01,5468,76.0,,
77,2014-10-08 00:00:00,39.82,39.63,39.82,39.63,529,77.0,,
78,2014-10-09 00:00:00,40.03,39.48,40.04,39.48,550,78.0,,
79,2014-10-10 00:00:00,39.21,38.83,39.21,38.78,16076,79.0,,
80,2014-10-13 00:00:00,38.53,38.86,39.04,38.51,22438,80.0,,
81,2014-10-14 00:00:00,38.67,38.92,38.92,38.29,6768,81.0,,
82,2014-10-15 00:00:00,38.88,37.61,38.88,37.61,8750,82.0,,
83,2014-10-16 00:00:00,37.91,37.4,37.91,36.4,34492,83.0,,
84,2014-10-17 00:00:00,37.55,38.54,38.54,37.55,7311,84.0,,
85,2014-10-20 00:00:00,38.35,38.18,38.35,38.14,1150,85.0,,
86,2014-10-21 00:00:00,38.1,39.04,39.04,38.1,3307,86.0,,
87,2014-10-22 00:00:00,39.14,39.29,39.29,39.14,10257,87.0,,
88,2014-10-23 00:00:00,38.98,39.68,39.69,38.98,4983,88.0,,
89,2014-10-24 00:00:00,39.42,39.54,39.61,39.42,32653,89.0,,
90,2014-10-27 00:00:00,39.98,39.15,39.98,39.15,6896,90.0,,
91,2014-10-28 00:00:00,39.42,39.68,39.68,39.42,0,91.0,,
92,2014-10-29 00:00:00,39.87,39.57,39.87,39.57,59000,92.0,,
93,2014-10-30 00:00:00,39.87,39.78,39.87,39.78,218,93.0,,
94,2014-10-31 00:00:00,40.27,40.57,40.57,40.27,19879,94.0,,
95,2014-11-03 00:00:00,40.57,40.29,40.57,40.29,5110,95.0,,
96,2014-11-04 00:00:00,40.23,39.75,40.5,39.75,12921,96.0,,
97,2014-11-05 00:00:00,40.1,40.41,40.41,40.1,24459,97.0,,
98,2014-11-06 00:00:00,40.28,40.55,40.56,40.24,20802,98.0,,
99,2014-11-07 00:00:00,40.69,40.18,40.69,39.99,6536,99.0,,
100,2014-11-10 00:00:00,40.03,40.52,40.52,40.03,1104,100.0,,
101,2014-11-11 00:00:00,40.64,40.68,40.72,40.64,3049,101.0,,
102,2014-11-12 00:00:00,40.56,40.04,40.56,40.04,0,102.0,,
103,2014-11-13 00:00:00,40.25,40.14,40.29,40.14,1566,103.0,,
104,2014-11-14 00:00:00,40.3,40.24,40.3,40.15,306,104.0,,
105,2014-11-17 00:00:00,39.88,40.5,40.5,39.88,186,105.0,,
106,2014-11-18 00:00:00,40.56,40.95,40.95,40.56,24838,106.0,,
107,2014-11-19 00:00:00,40.92,40.94,41.1,40.92,6268,107.0,,
108,2014-11-20 00:00:00,40.88,40.73,40.99,40.73,5530,108.0,,
109,2014-11-21 00:00:00,40.9,41.83,41.9,40.9,2130,109.0,,
110,2014-11-24 00:00:00,41.86,42.07,42.26,41.86,18000,110.0,,
111,2014-11-25 00:00:00,42.11,42.28,42.28,42.11,0,111.0,,
112,2014-11-26 00:00:00,42.4,42.27,42.4,42.21,3617,112.0,,
113,2014-11-27 00:00:00,42.31,42.52,42.52,42.31,346,113.0,,
114,2014-11-28 00:00:00,42.53,42.59,42.6,42.34,17597,114.0,,
115,2014-12-01 00:00:00,42.36,42.38,42.43,42.23,270705,115.0,,
116,2014-12-02 00:00:00,42.49,42.48,42.57,42.4,1979,116.0,,
117,2014-12-03 00:00:00,42.55,42.64,42.64,42.47,873,117.0,,
118,2014-12-04 00:00:00,42.76,42.03,42.84,42.03,52679,118.0,,
119,2014-12-05 00:00:00,42.44,42.99,42.99,42.44,305,119.0,,
120,2014-12-08 00:00:00,42.76,42.69,42.93,42.69,10288,120.0,,
121,2014-12-09 00:00:00,42.24,41.64,42.33,41.64,52799,121.0,,
122,2014-12-10 00:00:00,41.72,41.29,41.77,41.17,30931,122.0,,
123,2014-12-11 00:00:00,41.29,41.35,41.4,41.22,23007,123.0,,
124,2014-12-12 00:00:00,41.04,40.27,41.04,40.27,30424,124.0,,
125,2014-12-15 00:00:00,40.17,39.26,40.49,39.26,29213,125.0,,
126,2014-12-16 00:00:00,39.44,40.11,40.11,39.01,1685,126.0,,
127,2014-12-17 00:00:00,39.58,40.01,40.2,39.58,22512,127.0,,
128,2014-12-18 00:00:00,40.6,41.3,41.3,40.6,19749,128.0,,
129,2014-12-19 00:00:00,41.58,41.24,41.58,40.94,12835,129.0,,
130,2014-12-22 00:00:00,41.45,41.48,41.55,41.31,7161,130.0,,
131,2014-12-23 00:00:00,41.92,41.92,41.92,41.92,0,131.0,,
132,2014-12-29 00:00:00,41.89,41.81,41.89,41.42,5118,132.0,,
133,2014-12-30 00:00:00,41.25,41.25,41.25,41.25,0,133.0,,
134,2015-01-02 00:00:00,41.68,41.35,41.68,41.35,94,134.0,,
135,2015-01-05 00:00:00,41.07,40.07,41.15,40.07,12790,135.0,,
136,2015-01-06 00:00:00,40.16,39.86,40.43,39.86,600,136.0,,
137,2015-01-07 00:00:00,40.05,40.06,40.13,40.05,215,137.0,,
138,2015-01-08 00:00:00,40.58,41.29,41.29,40.58,1058,138.0,,
139,2015-01-09 00:00:00,41.08,40.45,41.31,40.45,950,139.0,,
140,2015-01-12 00:00:00,40.66,40.86,40.97,40.42,25438,140.0,,
141,2015-01-13 00:00:00,40.77,41.49,41.49,40.77,949,141.0,,
142,2015-01-14 00:00:00,40.98,40.99,41.25,40.88,16320,142.0,,
143,2015-01-15 00:00:00,41.46,41.81,41.91,41.46,342168,143.0,,
144,2015-01-16 00:00:00,41.77,42.33,42.33,41.62,14895,144.0,,
145,2015-01-19 00:00:00,42.42,42.65,42.73,42.25,6370,145.0,,
146,2015-01-20 00:00:00,42.8,42.93,43.0,42.8,61888,146.0,,
147,2015-01-21 00:00:00,43.06,42.71,43.15,42.66,126738,147.0,,
148,2015-01-22 00:00:00,43.26,43.9,43.92,43.23,47179,148.0,,
149,2015-01-23 00:00:00,44.3,44.65,44.73,44.3,12212,149.0,,
150,2015-01-26 00:00:00,44.51,45.11,45.11,44.49,2024,150.0,,
151,2015-01-27 00:00:00,45.14,44.59,45.14,44.44,200877,151.0,,
152,2015-01-28 00:00:00,44.97,44.53,44.97,44.45,50595,152.0,,
153,2015-01-29 00:00:00,44.35,44.69,44.7,44.32,4792,153.0,,
154,2015-01-30 00:00:00,44.93,44.48,44.93,44.4,1292,154.0,,
155,2015-02-02 00:00:00,44.54,44.65,44.65,44.28,19433,155.0,,
156,2015-02-03 00:00:00,44.88,45.08,45.2,44.88,80921,156.0,,
157,2015-02-04 00:00:00,45.21,45.23,45.24,44.85,12154,157.0,,
158,2015-02-05 00:00:00,44.9,45.25,45.25,44.9,9316,158.0,,
159,2015-02-06 00:00:00,45.1,45.12,45.12,45.0,1100,159.0,,
160,2015-02-09 00:00:00,44.59,44.5,44.59,44.36,10258,160.0,,
161,2015-02-10 00:00:00,44.56,45.03,45.03,44.5,6925,161.0,,
162,2015-02-11 00:00:00,44.97,44.89,44.97,44.88,2459,162.0,,
163,2015-02-12 00:00:00,44.94,45.5,45.52,44.94,1198,163.0,,
164,2015-02-13 00:00:00,45.71,45.8,45.87,45.7,1345,164.0,,
165,2015-02-16 00:00:00,45.76,45.67,45.83,45.67,363,165.0,,
166,2015-02-17 00:00:00,45.47,45.68,45.68,45.17,12670,166.0,,
167,2015-02-18 00:00:00,45.82,46.09,46.09,45.82,121638,167.0,,
168,2015-02-19 00:00:00,45.96,46.38,46.38,45.94,16775,168.0,,
169,2015-02-20 00:00:00,46.2,46.42,46.49,46.05,28740,169.0,,
170,2015-02-23 00:00:00,46.9,46.83,46.9,46.66,1570,170.0,,
171,2015-02-24 00:00:00,46.91,47.12,47.2,46.75,2511,171.0,,
172,2015-02-25 00:00:00,47.13,47.02,47.13,46.98,15404,172.0,,
173,2015-02-26 00:00:00,47.11,47.45,47.45,47.07,6854,173.0,,
174,2015-02-27 00:00:00,47.52,47.71,47.72,47.33,37334,174.0,,
175,2015-03-02 00:00:00,47.77,47.69,47.78,47.61,433,175.0,,
176,2015-03-03 00:00:00,47.77,47.14,47.85,47.14,3894,176.0,,
177,2015-03-04 00:00:00,47.31,47.47,47.47,47.01,54464,177.0,,
178,2015-03-05 00:00:00,47.64,47.99,47.99,47.64,35,178.0,,
179,2015-03-06 00:00:00,48.06,48.08,48.19,48.03,4183,179.0,,
180,2015-03-09 00:00:00,47.83,47.97,48.02,47.83,5280,180.0,,
181,2015-03-10 00:00:00,47.98,47.51,47.98,47.38,25885,181.0,,
182,2015-03-11 00:00:00,47.7,48.56,48.56,47.65,9239,182.0,,
183,2015-03-12 00:00:00,48.57,48.52,48.61,48.52,12881,183.0,,
184,2015-03-13 00:00:00,48.7,48.73,48.73,48.43,4368,184.0,,
185,2015-03-16 00:00:00,48.87,49.37,49.47,48.87,2490,185.0,,
186,2015-03-17 00:00:00,49.4,48.86,49.41,48.76,3826,186.0,,
187,2015-03-18 00:00:00,48.99,48.76,48.99,48.4,21424,187.0,,
188,2015-03-19 00:00:00,48.9,48.91,49.05,48.86,302,188.0,,
189,2015-03-20 00:00:00,49.02,49.5,49.5,48.97,1984,189.0,,
190,2015-03-23 00:00:00,49.14,49.16,49.16,49.01,60473,190.0,,
191,2015-03-24 00:00:00,48.95,49.59,49.6,48.95,13682,191.0,,
192,2015-03-25 00:00:00,49.46,48.99,49.53,48.97,32177,192.0,,
193,2015-03-26 00:00:00,48.53,48.75,48.75,48.1,3547,193.0,,
194,2015-03-27 00:00:00,48.96,48.88,48.96,48.83,7641,194.0,,
195,2015-03-30 00:00:00,49.17,49.56,49.6,49.17,1638,195.0,,
196,2015-03-31 00:00:00,49.47,49.17,49.69,49.11,10683,196.0,,
197,2015-04-01 00:00:00,48.88,49.3,49.73,48.88,35119,197.0,,
198,2015-04-02 00:00:00,49.37,49.4,49.42,49.28,2313,198.0,,
199,2015-04-07 00:00:00,49.67,50.1,50.2,49.67,15518,199.0,,
200,2015-04-08 00:00:00,50.15,49.89,50.2,49.85,7151,200.0,,
201,2015-04-09 00:00:00,50.09,50.44,50.45,50.09,33758,201.0,,
202,2015-04-10 00:00:00,50.7,50.91,50.92,50.59,13582,202.0,,
203,2015-04-13 00:00:00,50.85,51.05,51.15,50.85,1640,203.0,,
204,2015-04-14 00:00:00,50.96,50.62,50.96,50.46,7447,204.0,,
205,2015-04-15 00:00:00,50.72,50.81,51.01,50.72,44388,205.0,,
206,2015-04-16 00:00:00,50.69,50.21,50.69,50.21,11873,206.0,,
207,2015-04-17 00:00:00,50.04,49.18,50.04,49.11,77229,207.0,,
208,2015-04-20 00:00:00,49.38,49.67,49.67,49.38,63122,208.0,,
209,2015-04-21 00:00:00,50.0,49.89,50.22,49.75,41322,209.0,,
210,2015-04-22 00:00:00,50.15,49.83,50.15,49.44,316,210.0,,
211,2015-04-23 00:00:00,49.97,49.49,49.97,49.3,2485,211.0,,
212,2015-04-24 00:00:00,49.82,49.79,49.98,49.6,1619,212.0,,
213,2015-04-27 00:00:00,49.87,50.51,50.51,49.53,13556,213.0,,
214,2015-04-28 00:00:00,50.4,49.71,50.4,49.55,6118,214.0,,
215,2015-04-29 00:00:00,49.99,48.39,49.99,48.39,322022,215.0,,
216,2015-04-30 00:00:00,48.34,48.45,48.54,47.9,19059,216.0,,
217,2015-05-04 00:00:00,48.54,48.81,48.95,48.31,26396,217.0,,
218,2015-05-05 00:00:00,48.73,47.73,49.25,47.64,27436,218.0,,
219,2015-05-06 00:00:00,47.7,47.75,48.11,47.5,18521,219.0,,
220,2015-05-07 00:00:00,47.47,47.88,47.88,46.93,41107,220.0,,
221,2015-05-08 00:00:00,48.19,49.06,49.06,48.15,11997,221.0,,
222,2015-05-11 00:00:00,49.0,48.94,49.0,48.78,19859,222.0,,
223,2015-05-12 00:00:00,48.55,48.35,48.55,48.01,3387,223.0,,
224,2015-05-13 00:00:00,48.55,48.19,48.88,48.05,19540,224.0,,
225,2015-05-14 00:00:00,47.95,48.84,48.84,47.95,1360,225.0,,
226,2015-05-15 00:00:00,48.93,48.55,49.07,48.55,4885,226.0,,
227,2015-05-18 00:00:00,48.44,48.81,48.82,48.28,52060,227.0,,
228,2015-05-19 00:00:00,49.32,49.79,49.79,49.32,6043,228.0,,
229,2015-05-20 00:00:00,49.79,49.95,49.95,49.61,2660,229.0,,
230,2015-05-21 00:00:00,49.91,50.02,50.04,49.82,21759,230.0,,
231,2015-05-22 00:00:00,50.03,49.94,50.03,49.91,250,231.0,,
232,2015-05-26 00:00:00,49.7,49.2,49.7,49.12,15012,232.0,,
233,2015-05-27 00:00:00,49.45,50.0,50.14,49.24,190240,233.0,,
234,2015-05-28 00:00:00,49.82,49.68,49.96,49.57,18995,234.0,,
235,2015-05-29 00:00:00,49.71,48.7,49.71,48.7,5809,235.0,,
236,2015-06-01 00:00:00,48.9,48.78,48.9,48.67,37260,236.0,,
237,2015-06-02 00:00:00,48.93,48.57,48.93,48.46,31318,237.0,,
238,2015-06-03 00:00:00,48.69,48.79,48.79,48.5,6019,238.0,,
239,2015-06-04 00:00:00,48.45,48.4,48.89,48.35,1214,239.0,,
240,2015-06-05 00:00:00,48.03,47.77,48.09,47.62,23019,240.0,,
241,2015-06-08 00:00:00,47.59,47.26,47.65,47.26,9896,241.0,,
242,2015-06-09 00:00:00,47.16,47.15,47.16,46.53,25418,242.0,,
243,2015-06-10 00:00:00,47.01,48.05,48.14,47.0,98628,243.0,,
244,2015-06-11 00:00:00,47.98,48.35,48.47,47.98,12885,244.0,,
245,2015-06-12 00:00:00,48.06,47.76,48.28,47.58,26412,245.0,,
246,2015-06-15 00:00:00,47.13,46.91,47.2,46.83,67181,246.0,,
247,2015-06-16 00:00:00,46.61,47.14,47.21,46.33,35936,247.0,,
248,2015-06-17 00:00:00,47.18,46.79,47.18,46.79,9000,248.0,,
249,2015-06-18 00:00:00,46.66,47.07,47.07,46.27,86663,249.0,,
250,2015-06-19 00:00:00,47.11,47.16,47.51,47.11,6111,250.0,,
251,2015-06-22 00:00:00,48.39,48.87,48.96,48.3,28658,251.0,,
252,2015-06-23 00:00:00,49.17,49.28,49.5,49.17,45469,252.0,,
253,2015-06-24 00:00:00,49.27,49.11,49.4,48.71,165610,253.0,,
254,2015-06-25 00:00:00,48.81,49.09,49.37,48.81,32597,254.0,,
255,2015-06-26 00:00:00,48.78,49.24,49.37,48.72,11711,255.0,,
256,2015-06-29 00:00:00,47.16,47.38,47.99,47.16,160129,256.0,,
257,2015-06-30 00:00:00,47.26,46.81,47.4,46.81,783,257.0,,
258,2015-07-01 00:00:00,47.15,47.72,48.09,47.15,6135,258.0,,
259,2015-07-02 00:00:00,47.78,47.31,47.78,47.3,52819,259.0,,
260,2015-07-03 00:00:00,47.21,47.05,47.33,46.84,63095,260.0,,
261,2015-07-06 00:00:00,46.13,46.14,46.64,46.13,55352,261.0,,
262,2015-07-07 00:00:00,46.2,45.2,46.2,45.2,52719,262.0,,
263,2015-07-08 00:00:00,44.06,44.24,44.44,44.06,18610,263.0,,
264,2015-07-09 00:00:00,44.46,45.4,45.4,44.46,2932,264.0,,
265,2015-07-10 00:00:00,46.42,46.7,46.7,46.25,25781,265.0,,
266,2015-07-13 00:00:00,47.25,47.45,47.52,47.23,23260,266.0,,
267,2015-07-14 00:00:00,47.38,47.66,47.66,47.35,18623,267.0,,
268,2015-07-15 00:00:00,47.61,47.87,47.9,47.58,19835,268.0,,
269,2015-07-16 00:00:00,48.15,48.55,48.72,48.15,62875,269.0,,
270,2015-07-17 00:00:00,48.72,48.51,48.72,48.49,30713,270.0,,
271,2015-07-20 00:00:00,48.72,48.78,49.1,48.72,16275,271.0,,
272,2015-07-21 00:00:00,48.88,48.31,48.88,48.26,3060,272.0,,
273,2015-07-22 00:00:00,48.06,48.12,48.17,48.06,2764,273.0,,
274,2015-07-23 00:00:00,48.46,48.08,48.46,48.08,30481,274.0,,
275,2015-07-24 00:00:00,47.96,47.64,48.19,47.64,17212,275.0,,
276,2015-07-27 00:00:00,47.39,46.53,47.39,46.53,4233,276.0,,
277,2015-07-28 00:00:00,46.8,47.02,47.12,46.66,13352,277.0,,
278,2015-07-29 00:00:00,47.3,47.25,47.33,46.98,14059,278.0,,
279,2015-07-30 00:00:00,47.52,47.36,47.52,47.36,86,279.0,,
280,2015-07-31 00:00:00,47.41,47.59,47.59,47.38,3235,280.0,,
281,2015-08-03 00:00:00,47.66,48.06,48.06,47.47,15291,281.0,,
282,2015-08-04 00:00:00,47.92,47.95,47.98,47.86,151,282.0,,
283,2015-08-05 00:00:00,48.16,48.59,48.59,48.16,41,283.0,,
284,2015-08-06 00:00:00,48.48,48.45,48.65,48.45,11315,284.0,,
285,2015-08-07 00:00:00,48.3,48.06,48.3,48.06,200,285.0,,
286,2015-08-10 00:00:00,48.31,48.53,48.53,47.95,683,286.0,,
287,2015-08-11 00:00:00,48.33,47.61,48.33,47.61,10312,287.0,,
288,2015-08-12 00:00:00,46.96,46.13,46.96,46.05,39715,288.0,,
289,2015-08-13 00:00:00,46.68,46.6,46.95,46.6,41601,289.0,,
290,2015-08-14 00:00:00,46.7,46.37,46.81,46.32,109506,290.0,,
291,2015-08-17 00:00:00,46.79,46.44,46.79,46.05,389,291.0,,
292,2015-08-18 00:00:00,46.4,46.42,46.56,46.38,1355,292.0,,
293,2015-08-19 00:00:00,46.22,45.61,46.22,45.61,1188,293.0,,
294,2015-08-20 00:00:00,45.5,44.6,45.5,44.6,18238,294.0,,
295,2015-08-21 00:00:00,43.99,43.3,44.1,43.3,48190,295.0,,
296,2015-08-24 00:00:00,42.06,41.21,42.29,39.79,114825,296.0,,
297,2015-08-25 00:00:00,41.81,42.97,43.15,41.55,61697,297.0,,
298,2015-08-26 00:00:00,42.2,42.33,42.82,42.17,20013,298.0,,
299,2015-08-27 00:00:00,43.33,43.68,43.82,43.33,188811,299.0,,
300,2015-08-28 00:00:00,43.8,43.74,43.8,43.45,6954,300.0,,
301,2015-08-31 00:00:00,43.52,43.51,43.52,43.38,126,301.0,,
302,2015-09-01 00:00:00,43.01,42.51,43.01,42.23,3892,302.0,,
303,2015-09-02 00:00:00,42.67,42.6,42.69,42.45,2540,303.0,,
304,2015-09-03 00:00:00,43.06,43.49,43.72,43.06,12219,304.0,,
305,2015-09-04 00:00:00,43.09,42.42,43.09,42.42,22608,305.0,,
306,2015-09-07 00:00:00,42.92,42.63,42.92,42.54,152,306.0,,
307,2015-09-08 00:00:00,43.01,43.13,43.44,43.01,6072,307.0,,
308,2015-09-09 00:00:00,44.07,43.61,44.24,43.61,42366,308.0,,
309,2015-09-10 00:00:00,43.24,43.07,43.5,43.07,196,309.0,,
310,2015-09-11 00:00:00,43.12,42.61,43.12,42.61,6029,310.0,,
311,2015-09-14 00:00:00,42.63,42.44,42.66,42.4,93680,311.0,,
312,2015-09-15 00:00:00,42.61,42.83,43.0,42.45,13448,312.0,,
313,2015-09-16 00:00:00,43.29,43.35,43.35,43.26,1248,313.0,,
314,2015-09-17 00:00:00,43.49,43.45,43.49,43.36,436,314.0,,
315,2015-09-18 00:00:00,43.03,42.37,43.08,42.14,5323,315.0,,
316,2015-09-21 00:00:00,42.31,42.67,42.85,42.24,27670,316.0,,
317,2015-09-22 00:00:00,42.59,41.26,42.59,41.25,23572,317.0,,
318,2015-09-23 00:00:00,41.4,41.29,41.49,41.29,973,318.0,,
319,2015-09-24 00:00:00,41.24,40.5,41.46,40.43,354,319.0,,
320,2015-09-25 00:00:00,41.13,41.69,41.79,41.13,10954,320.0,,
321,2015-09-28 00:00:00,41.61,40.77,41.61,40.77,4568,321.0,,
322,2015-09-29 00:00:00,40.22,40.61,40.91,40.15,2541,322.0,,
323,2015-09-30 00:00:00,41.38,41.55,41.59,41.38,970,323.0,,
324,2015-10-01 00:00:00,42.03,41.21,42.03,41.21,3334,324.0,,
325,2015-10-02 00:00:00,41.63,41.47,41.81,41.47,10906,325.0,,
326,2015-10-05 00:00:00,42.2,42.78,42.78,42.2,12334,326.0,,
327,2015-10-06 00:00:00,42.81,43.15,43.15,42.62,17476,327.0,,
328,2015-10-07 00:00:00,43.35,43.23,43.5,43.23,38289,328.0,,
329,2015-10-08 00:00:00,43.25,43.3,43.34,43.08,5752,329.0,,
330,2015-10-09 00:00:00,43.72,43.58,43.74,43.58,322,330.0,,
331,2015-10-12 00:00:00,43.66,43.5,43.66,43.41,1531,331.0,,
332,2015-10-13 00:00:00,43.38,43.16,43.38,42.83,6106,332.0,,
333,2015-10-14 00:00:00,42.71,42.8,42.93,42.7,19352,333.0,,
334,2015-10-15 00:00:00,43.1,43.4,43.45,43.1,25319,334.0,,
335,2015-10-16 00:00:00,43.53,43.65,43.74,43.53,35391,335.0,,
336,2015-10-19 00:00:00,43.75,43.78,43.97,43.68,21153,336.0,,
337,2015-10-20 00:00:00,43.81,43.56,43.81,43.41,4548,337.0,,
338,2015-10-21 00:00:00,43.66,43.77,43.77,43.42,11877,338.0,,
339,2015-10-22 00:00:00,43.53,44.73,44.75,43.53,19261,339.0,,
340,2015-10-23 00:00:00,45.06,45.66,45.75,45.06,46304,340.0,,
341,2015-10-26 00:00:00,45.53,45.55,45.76,45.46,52876,341.0,,
342,2015-10-27 00:00:00,45.36,45.04,45.81,45.04,84444,342.0,,
343,2015-10-28 00:00:00,45.19,45.56,45.56,45.12,17526,343.0,,
344,2015-10-29 00:00:00,45.69,45.51,45.69,45.38,16043,344.0,,
345,2015-10-30 00:00:00,45.61,45.6,45.61,45.37,19683,345.0,,
346,2015-11-02 00:00:00,45.37,45.86,45.98,45.37,9774,346.0,,
347,2015-11-03 00:00:00,45.79,45.96,45.96,45.79,624,347.0,,
348,2015-11-04 00:00:00,46.08,45.88,46.26,45.88,12094,348.0,,
349,2015-11-05 00:00:00,45.93,45.97,46.24,45.81,11195,349.0,,
350,2015-11-06 00:00:00,45.92,46.27,46.31,45.76,6841,350.0,,
351,2015-11-09 00:00:00,46.25,45.56,46.25,45.56,89825,351.0,,
352,2015-11-10 00:00:00,45.65,45.65,45.65,45.38,8382,352.0,,
353,2015-11-11 00:00:00,45.78,45.98,46.21,45.78,14860,353.0,,
354,2015-11-12 00:00:00,45.78,45.22,45.78,45.2,11326,354.0,,
355,2015-11-13 00:00:00,45.13,44.91,45.19,44.64,33355,355.0,,
356,2015-11-16 00:00:00,44.45,44.97,44.97,44.45,952,356.0,,
357,2015-11-17 00:00:00,45.24,46.09,46.09,45.24,8598,357.0,,
358,2015-11-18 00:00:00,45.73,45.88,45.97,45.69,5882,358.0,,
359,2015-11-19 00:00:00,46.18,46.18,46.5,46.05,31442,359.0,,
360,2015-11-20 00:00:00,46.28,46.23,46.34,46.15,5298,360.0,,
361,2015-11-23 00:00:00,46.09,46.17,46.23,45.98,10984,361.0,,
362,2015-11-24 00:00:00,45.9,45.63,45.9,45.46,28791,362.0,,
363,2015-11-25 00:00:00,45.58,46.27,46.35,45.58,7382,363.0,,
364,2015-11-26 00:00:00,46.29,46.78,46.8,46.29,7884,364.0,,
365,2015-11-27 00:00:00,46.55,46.72,46.87,46.52,29421,365.0,,
366,2015-11-30 00:00:00,46.68,46.96,47.08,46.66,50532,366.0,,
367,2015-12-01 00:00:00,47.1,46.63,47.1,46.6,2079,367.0,,
368,2015-12-02 00:00:00,46.73,46.5,46.73,46.5,11270,368.0,,
369,2015-12-03 00:00:00,46.52,45.03,46.96,45.03,66506,369.0,,
370,2015-12-04 00:00:00,45.0,44.92,45.04,44.46,23938,370.0,,
371,2015-12-07 00:00:00,45.14,45.28,45.72,45.14,1055,371.0,,
372,2015-12-08 00:00:00,45.27,44.48,45.27,44.48,160,372.0,,
373,2015-12-09 00:00:00,44.37,44.0,44.37,43.9,17444,373.0,,
374,2015-12-10 00:00:00,43.73,43.9,44.09,43.73,2089,374.0,,
375,2015-12-11 00:00:00,43.76,43.03,43.84,42.95,24847,375.0,,
376,2015-12-14 00:00:00,43.22,42.22,43.39,42.22,60804,376.0,,
377,2015-12-15 00:00:00,42.69,43.49,43.54,42.69,36293,377.0,,
378,2015-12-16 00:00:00,43.62,43.61,43.66,43.47,4325,378.0,,
379,2015-12-17 00:00:00,44.46,44.34,44.71,44.32,1156,379.0,,
380,2015-12-18 00:00:00,44.01,43.81,44.01,43.73,29512,380.0,,
381,2015-12-21 00:00:00,43.55,43.19,44.17,43.19,1065,381.0,,
382,2015-12-22 00:00:00,43.52,43.28,43.58,43.08,118024,382.0,,
383,2015-12-23 00:00:00,44.24,44.24,44.24,44.24,0,383.0,,
384,2015-12-28 00:00:00,43.86,43.9,44.21,43.86,14665,384.0,,
385,2015-12-29 00:00:00,44.26,44.54,44.57,44.26,17825,385.0,,
386,2015-12-30 00:00:00,44.33,44.33,44.33,44.33,0,386.0,,
387,2016-01-04 00:00:00,43.18,42.81,43.34,42.71,31091,387.0,,
388,2016-01-05 00:00:00,43.18,42.98,43.18,42.84,941,388.0,,
389,2016-01-06 00:00:00,42.78,42.43,42.78,42.27,4036,389.0,,
390,2016-01-07 00:00:00,41.35,41.66,41.77,41.07,16517,390.0,,
391,2016-01-08 00:00:00,41.79,41.05,41.79,41.05,150,391.0,,
392,2016-01-11 00:00:00,41.07,40.97,41.42,40.97,17171,392.0,,
393,2016-01-12 00:00:00,41.07,41.51,41.94,41.07,6482,393.0,,
394,2016-01-13 00:00:00,41.98,41.58,42.24,41.58,30123,394.0,,
395,2016-01-14 00:00:00,41.02,40.82,41.02,40.63,21789,395.0,,
396,2016-01-15 00:00:00,40.89,39.9,40.89,39.75,60334,396.0,,
397,2016-01-18 00:00:00,39.9,39.63,40.19,39.41,18900,397.0,,
398,2016-01-19 00:00:00,40.36,40.22,40.5,40.24,8944,398.0,,
399,2016-01-20 00:00:00,39.33,38.94,39.33,38.9,34338,399.0,,
400,2016-01-21 00:00:00,38.84,39.74,39.91,38.84,47679,400.0,,
401,2016-01-22 00:00:00,40.41,40.81,41.1,40.41,47639,401.0,,
402,2016-01-25 00:00:00,40.96,40.58,40.96,40.47,4256,402.0,,
403,2016-01-26 00:00:00,40.0,40.99,41.03,39.97,37438,403.0,,
404,2016-01-27 00:00:00,40.86,41.13,41.13,40.64,31535,404.0,,
405,2016-01-28 00:00:00,40.83,40.37,41.13,40.28,20950,405.0,,
406,2016-01-29 00:00:00,41.01,41.28,41.28,40.83,4418,406.0,,
407,2016-02-01 00:00:00,41.27,41.1,41.39,40.89,1383,407.0,,
408,2016-02-02 00:00:00,40.98,40.23,40.98,40.06,8080,408.0,,
409,2016-02-03 00:00:00,40.07,39.54,40.07,39.53,25234,409.0,,
410,2016-02-04 00:00:00,39.96,39.53,39.96,39.1,13758,410.0,,
411,2016-02-05 00:00:00,39.54,39.17,39.73,39.17,30891,411.0,,
412,2016-02-08 00:00:00,39.26,37.78,39.26,37.64,42691,412.0,,
413,2016-02-09 00:00:00,37.91,37.14,37.99,36.81,45392,413.0,,
414,2016-02-10 00:00:00,37.32,37.76,37.96,37.21,7605,414.0,,
415,2016-02-11 00:00:00,37.25,36.37,37.25,36.37,11691,415.0,,
416,2016-02-12 00:00:00,36.89,37.3,37.3,36.81,42933,416.0,,
417,2016-02-15 00:00:00,38.04,38.42,38.49,38.04,2150,417.0,,
418,2016-02-16 00:00:00,38.59,38.18,38.65,38.07,4944,418.0,,
419,2016-02-17 00:00:00,38.35,39.29,39.33,38.35,4323,419.0,,
420,2016-02-18 00:00:00,39.53,39.29,39.73,39.27,53134,420.0,,
421,2016-02-19 00:00:00,39.23,38.98,39.23,38.98,249,421.0,,
422,2016-02-22 00:00:00,39.53,39.85,39.85,39.53,2379,422.0,,
423,2016-02-23 00:00:00,39.52,39.28,39.72,39.28,29001,423.0,,
424,2016-02-24 00:00:00,39.23,38.35,39.23,38.3,6807,424.0,,
425,2016-02-25 00:00:00,38.9,39.07,39.17,38.9,4389,425.0,,
426,2016-02-26 00:00:00,39.26,39.74,39.84,39.26,3290,426.0,,
427,2016-02-29 00:00:00,39.32,40.0,40.0,39.32,4853,427.0,,
428,2016-03-01 00:00:00,39.88,40.7,40.7,39.86,15869,428.0,,
429,2016-03-02 00:00:00,40.95,40.91,40.95,40.64,17178,429.0,,
430,2016-03-03 00:00:00,40.92,40.83,40.92,40.75,232726,430.0,,
431,2016-03-04 00:00:00,41.0,41.13,41.25,40.91,96778,431.0,,
432,2016-03-07 00:00:00,40.92,40.92,40.95,40.65,34959,432.0,,
433,2016-03-08 00:00:00,40.25,40.62,40.78,40.25,17223,433.0,,
434,2016-03-09 00:00:00,40.73,40.81,41.12,40.73,17219,434.0,,
435,2016-03-10 00:00:00,40.79,40.23,42.01,40.23,19635,435.0,,
436,2016-03-11 00:00:00,40.89,41.65,41.65,40.89,49087,436.0,,
437,2016-03-14 00:00:00,41.9,41.88,41.96,41.87,2382,437.0,,
438,2016-03-15 00:00:00,41.59,41.58,41.72,41.58,610,438.0,,
439,2016-03-16 00:00:00,41.68,41.54,41.68,41.54,232,439.0,,
440,2016-03-17 00:00:00,41.85,41.42,41.85,40.91,4179,440.0,,
441,2016-03-18 00:00:00,41.43,41.59,41.64,41.29,11580,441.0,,
442,2016-03-21 00:00:00,41.29,41.49,41.94,41.29,12584,442.0,,
443,2016-03-22 00:00:00,41.21,41.55,41.55,41.21,731,443.0,,
444,2016-03-23 00:00:00,41.75,41.51,41.83,41.51,19667,444.0,,
445,2016-03-24 00:00:00,41.17,40.8,41.17,40.8,14480,445.0,,
446,2016-03-29 00:00:00,41.5,41.04,41.5,40.82,4245,446.0,,
447,2016-03-30 00:00:00,41.32,41.61,41.65,41.32,1291,447.0,,
448,2016-03-31 00:00:00,41.33,41.09,41.33,41.09,11325,448.0,,
449,2016-04-01 00:00:00,40.5,40.53,40.61,40.22,24082,449.0,,
450,2016-04-04 00:00:00,40.28,40.59,40.59,40.28,0,450.0,,
451,2016-04-05 00:00:00,40.06,39.72,40.06,39.7,2369,451.0,,
452,2016-04-06 00:00:00,39.69,39.94,39.97,39.69,734,452.0,,
453,2016-04-07 00:00:00,40.1,39.47,40.1,39.45,48042,453.0,,
454,2016-04-08 00:00:00,39.73,39.99,40.1,39.73,114761,454.0,,
455,2016-04-11 00:00:00,39.95,40.25,40.47,39.95,6893,455.0,,
456,2016-04-12 00:00:00,40.28,40.43,40.43,39.95,8998,456.0,,
457,2016-04-13 00:00:00,40.88,41.58,41.58,40.88,4455,457.0,,
458,2016-04-14 00:00:00,41.58,41.8,41.8,41.48,38733,458.0,,
459,2016-04-15 00:00:00,41.69,41.7,41.77,41.61,23690,459.0,,
460,2016-04-18 00:00:00,41.17,41.87,41.87,41.17,15046,460.0,,
461,2016-04-19 00:00:00,42.12,42.5,42.5,42.12,14911,461.0,,
462,2016-04-20 00:00:00,42.44,42.79,42.79,42.44,350,462.0,,
463,2016-04-21 00:00:00,43.02,42.75,43.02,42.46,3351,463.0,,
464,2016-04-22 00:00:00,42.65,42.61,42.72,42.49,23844,464.0,,
465,2016-04-25 00:00:00,42.65,42.3,42.65,42.3,32746,465.0,,
466,2016-04-26 00:00:00,42.57,42.38,42.57,42.38,1273,466.0,,
467,2016-04-27 00:00:00,42.52,42.59,42.59,42.4,24853,467.0,,
468,2016-04-28 00:00:00,42.31,42.62,42.66,41.9,7563,468.0,,
469,2016-04-29 00:00:00,42.26,41.59,42.26,41.59,5277,469.0,,
470,2016-05-02 00:00:00,41.81,41.73,41.81,41.65,18963,470.0,,
471,2016-05-03 00:00:00,41.44,40.99,41.44,40.91,14026,471.0,,
472,2016-05-04 00:00:00,40.96,40.58,41.03,40.58,9817,472.0,,
473,2016-05-05 00:00:00,40.71,40.69,40.71,40.69,85013,473.0,,
474,2016-05-06 00:00:00,40.39,40.69,40.69,40.18,3581,474.0,,
475,2016-05-09 00:00:00,40.93,40.88,41.0,40.82,4485,475.0,,
476,2016-05-10 00:00:00,41.2,41.24,41.46,41.06,10230,476.0,,
477,2016-05-11 00:00:00,41.09,40.98,41.09,40.8,83564,477.0,,
478,2016-05-12 00:00:00,40.65,40.72,41.16,40.65,2002,478.0,,
479,2016-05-13 00:00:00,40.45,40.96,40.96,40.42,12574,479.0,,
480,2016-05-16 00:00:00,40.47,40.91,40.91,40.47,3301,480.0,,
481,2016-05-17 00:00:00,41.25,40.78,41.25,40.78,0,481.0,,
482,2016-05-18 00:00:00,40.6,41.01,41.01,40.55,18361,482.0,,
483,2016-05-19 00:00:00,40.77,40.6,40.77,40.59,3037,483.0,,
484,2016-05-20 00:00:00,40.98,41.16,41.16,40.91,1248,484.0,,
485,2016-05-23 00:00:00,41.07,40.91,41.29,40.88,7304,485.0,,
486,2016-05-24 00:00:00,40.77,41.83,41.83,40.77,7940,486.0,,
487,2016-05-25 00:00:00,42.11,42.42,42.42,42.11,155,487.0,,
488,2016-05-26 00:00:00,42.39,42.62,42.62,42.39,13044,488.0,,
489,2016-05-27 00:00:00,42.53,42.7,42.7,42.48,35298,489.0,,
490,2016-05-30 00:00:00,42.7,42.82,42.82,42.7,269,490.0,,
491,2016-05-31 00:00:00,42.86,42.56,42.86,42.56,0,491.0,,
492,2016-06-01 00:00:00,42.5,42.28,42.54,42.21,208,492.0,,
493,2016-06-02 00:00:00,42.28,42.32,42.39,42.28,1890,493.0,,
494,2016-06-03 00:00:00,41.87,41.87,42.57,41.87,810,494.0,,
495,2016-06-06 00:00:00,41.99,41.99,41.99,41.99,0,495.0,,
496,2016-06-07 00:00:00,42.22,42.57,42.57,42.22,5140,496.0,,
497,2016-06-08 00:00:00,42.37,42.29,42.37,42.21,6490,497.0,,
498,2016-06-09 00:00:00,42.16,41.84,42.16,41.84,0,498.0,,
499,2016-06-10 00:00:00,41.58,40.8,41.58,40.8,300,499.0,,
500,2016-06-13 00:00:00,40.38,40.02,40.38,40.02,36632,500.0,,
501,2016-06-14 00:00:00,39.68,39.29,39.68,39.29,51540,501.0,,
502,2016-06-15 00:00:00,39.58,39.64,39.69,39.58,26615,502.0,,
503,2016-06-16 00:00:00,39.22,39.41,39.41,39.01,505,503.0,,
504,2016-06-17 00:00:00,39.69,39.85,39.95,39.69,7230,504.0,,
505,2016-06-20 00:00:00,40.81,41.18,41.18,40.81,37664,505.0,,
506,2016-06-21 00:00:00,41.07,41.39,41.39,41.07,4302,506.0,,
507,2016-06-22 00:00:00,41.66,41.51,41.76,41.44,8830,507.0,,
508,2016-06-23 00:00:00,41.76,42.31,42.44,41.76,160560,508.0,,
509,2016-06-24 00:00:00,38.38,39.07,39.85,38.38,68170,509.0,,
510,2016-06-27 00:00:00,38.91,37.74,38.91,37.6,37036,510.0,,
511,2016-06-28 00:00:00,38.55,38.63,38.97,38.55,11321,511.0,,
512,2016-06-29 00:00:00,39.18,39.56,39.56,39.13,15403,512.0,,
513,2016-06-30 00:00:00,39.4,40.0,40.0,39.4,10140,513.0,,
514,2016-07-01 00:00:00,40.32,40.38,40.43,40.17,7728,514.0,,
515,2016-07-04 00:00:00,40.51,40.03,40.51,40.03,12623,515.0,,
516,2016-07-05 00:00:00,39.87,39.35,39.87,39.29,5364,516.0,,
517,2016-07-06 00:00:00,37.77,37.44,37.77,37.25,9763,517.0,,
518,2016-07-07 00:00:00,37.8,37.71,37.85,37.71,506,518.0,,
519,2016-07-08 00:00:00,37.71,38.48,38.48,37.71,777,519.0,,
520,2016-07-11 00:00:00,38.87,39.13,39.13,38.82,13800,520.0,,
521,2016-07-12 00:00:00,39.24,39.7,39.75,39.24,3951,521.0,,
522,2016-07-13 00:00:00,39.68,39.62,39.79,39.62,87,522.0,,
523,2016-07-14 00:00:00,40.07,40.01,40.11,40.0,600,523.0,,
524,2016-07-15 00:00:00,39.89,40.01,40.07,39.8,1177,524.0,,
525,2016-07-18 00:00:00,40.12,39.91,40.12,39.77,2200,525.0,,
526,2016-07-19 00:00:00,39.81,39.78,39.81,39.6,2248,526.0,,
527,2016-07-20 00:00:00,40.0,40.23,40.23,40.0,0,527.0,,
528,2016-07-21 00:00:00,40.34,40.25,40.34,40.04,409285,528.0,,
529,2016-07-22 00:00:00,40.1,40.29,40.35,40.1,3195,529.0,,
530,2016-07-25 00:00:00,40.26,40.39,40.55,40.26,3247,530.0,,
531,2016-07-26 00:00:00,40.37,40.4,40.54,40.32,987,531.0,,
532,2016-07-27 00:00:00,40.75,40.69,40.75,40.69,80000,532.0,,
533,2016-07-28 00:00:00,40.55,40.4,40.68,40.4,4525,533.0,,
534,2016-07-29 00:00:00,40.52,40.66,40.66,40.52,256,534.0,,
535,2016-08-01 00:00:00,40.99,40.47,40.99,40.38,13207,535.0,,
536,2016-08-02 00:00:00,40.33,39.68,40.33,39.68,8905,536.0,,
537,2016-08-03 00:00:00,39.76,39.73,39.76,39.53,8344,537.0,,
538,2016-08-04 00:00:00,39.93,39.99,39.99,39.9,7960,538.0,,
539,2016-08-05 00:00:00,40.16,40.6,40.6,40.14,1175,539.0,,
540,2016-08-08 00:00:00,40.75,40.68,40.86,40.68,1147,540.0,,
541,2016-08-09 00:00:00,40.72,41.32,41.32,40.72,16140,541.0,,
542,2016-08-10 00:00:00,41.17,41.19,41.25,41.12,23901,542.0,,
543,2016-08-11 00:00:00,41.38,41.65,41.65,41.19,536,543.0,,
544,2016-08-12 00:00:00,41.56,41.54,41.59,41.54,885,544.0,,
545,2016-08-15 00:00:00,41.57,41.59,41.59,41.57,0,545.0,,
546,2016-08-16 00:00:00,41.39,41.18,41.52,41.18,12800,546.0,,
547,2016-08-17 00:00:00,41.27,40.78,41.27,40.78,619,547.0,,
548,2016-08-18 00:00:00,41.07,41.08,41.08,40.92,2589,548.0,,
549,2016-08-19 00:00:00,40.99,40.71,40.99,40.59,1979,549.0,,
550,2016-08-22 00:00:00,40.76,40.63,41.0,40.63,1103,550.0,,
551,2016-08-23 00:00:00,40.88,41.07,41.07,40.88,0,551.0,,
552,2016-08-24 00:00:00,40.81,41.22,41.22,40.81,6,552.0,,
553,2016-08-25 00:00:00,41.04,40.94,41.04,40.82,4,553.0,,
554,2016-08-26 00:00:00,40.88,41.2,41.28,40.88,1138,554.0,,
555,2016-08-29 00:00:00,41.0,41.04,41.11,40.95,20,555.0,,
556,2016-08-30 00:00:00,41.28,41.38,41.49,41.28,167,556.0,,
557,2016-08-31 00:00:00,41.31,41.22,41.53,41.22,864,557.0,,
558,2016-09-01 00:00:00,41.49,41.26,41.71,41.25,5048,558.0,,
559,2016-09-02 00:00:00,41.43,41.98,41.98,41.43,162,559.0,,
560,2016-09-05 00:00:00,42.16,41.98,42.16,41.97,57,560.0,,
561,2016-09-06 00:00:00,42.09,41.87,42.09,41.87,140,561.0,,
562,2016-09-07 00:00:00,42.0,42.2,42.2,41.92,125425,562.0,,
563,2016-09-08 00:00:00,42.17,42.05,42.17,42.05,213,563.0,,
564,2016-09-09 00:00:00,41.88,41.58,41.96,41.58,152,564.0,,
565,2016-09-12 00:00:00,40.94,41.09,41.09,40.7,12,565.0,,
566,2016-09-13 00:00:00,41.27,40.68,41.27,40.68,4584,566.0,,
567,2016-09-14 00:00:00,40.83,40.54,40.83,40.54,44,567.0,,
568,2016-09-15 00:00:00,40.53,40.72,40.72,40.53,75,568.0,,
569,2016-09-16 00:00:00,40.64,40.32,40.64,40.32,2124,569.0,,
570,2016-09-19 00:00:00,40.6,40.75,40.77,40.6,39,570.0,,
571,2016-09-20 00:00:00,40.74,40.71,40.88,40.71,515,571.0,,
572,2016-09-21 00:00:00,41.2,40.92,41.2,40.92,0,572.0,,
573,2016-09-22 00:00:00,41.27,41.8,41.8,41.27,77,573.0,,
574,2016-09-23 00:00:00,41.66,41.56,41.66,41.56,0,574.0,,
575,2016-09-26 00:00:00,41.2,40.92,41.2,40.9,52271,575.0,,
576,2016-09-27 00:00:00,41.12,40.83,41.12,40.68,31610,576.0,,
577,2016-09-28 00:00:00,41.04,41.07,41.2,41.04,89,577.0,,
578,2016-09-29 00:00:00,41.51,41.06,41.51,41.06,12092,578.0,,
579,2016-09-30 00:00:00,40.45,41.26,41.26,40.45,10069,579.0,,
580,2016-10-03 00:00:00,41.18,41.25,41.28,41.18,11109,580.0,,
581,2016-10-04 00:00:00,41.38,41.57,41.57,41.38,10024,581.0,,
582,2016-10-05 00:00:00,41.18,41.5,41.5,41.18,7285,582.0,,
583,2016-10-06 00:00:00,41.68,41.36,41.68,41.36,3240,583.0,,
584,2016-10-07 00:00:00,41.28,41.02,41.28,41.02,2820,584.0,,
585,2016-10-10 00:00:00,41.11,41.48,41.48,40.96,21991,585.0,,
586,2016-10-11 00:00:00,41.4,41.34,41.44,41.34,24155,586.0,,
587,2016-10-12 00:00:00,41.25,41.2,41.25,41.2,0,587.0,,
588,2016-10-13 00:00:00,40.83,40.82,40.83,40.69,14962,588.0,,
589,2016-10-14 00:00:00,40.96,41.4,41.49,40.96,663,589.0,,
590,2016-10-17 00:00:00,41.33,41.24,41.33,41.24,272,590.0,,
591,2016-10-18 00:00:00,41.45,41.74,41.74,41.45,0,591.0,,
592,2016-10-19 00:00:00,41.76,41.86,41.86,41.76,28500,592.0,,
593,2016-10-20 00:00:00,41.91,42.05,42.05,41.91,1514,593.0,,
594,2016-10-21 00:00:00,42.14,42.06,42.14,41.99,862,594.0,,
595,2016-10-24 00:00:00,42.31,42.26,42.47,42.26,66225,595.0,,
596,2016-10-25 00:00:00,42.37,42.19,42.43,42.19,5796,596.0,,
597,2016-10-26 00:00:00,42.09,42.01,42.09,42.01,5255,597.0,,
598,2016-10-27 00:00:00,42.0,42.14,42.14,42.0,0,598.0,,
599,2016-10-28 00:00:00,41.84,42.09,42.09,41.84,3861,599.0,,
600,2016-10-31 00:00:00,41.91,41.79,41.91,41.79,7,600.0,,
601,2016-11-01 00:00:00,42.05,41.47,42.05,41.47,23,601.0,,
602,2016-11-02 00:00:00,41.05,40.78,41.12,40.78,24945,602.0,,
603,2016-11-03 00:00:00,40.74,40.7,40.85,40.7,1054,603.0,,
604,2016-11-04 00:00:00,40.57,40.43,40.57,40.43,1916,604.0,,
605,2016-11-07 00:00:00,40.95,41.18,41.18,40.95,100,605.0,,
606,2016-11-08 00:00:00,41.15,41.32,41.32,41.15,0,606.0,,
607,2016-11-09 00:00:00,39.78,41.64,41.64,39.78,30154,607.0,,
608,2016-11-10 00:00:00,41.97,41.4,42.1,41.4,88,608.0,,
609,2016-11-11 00:00:00,41.66,41.27,41.66,41.26,16579,609.0,,
610,2016-11-14 00:00:00,41.66,41.25,41.72,41.25,10512,610.0,,
611,2016-11-15 00:00:00,41.41,41.46,41.46,41.38,10629,611.0,,
612,2016-11-16 00:00:00,41.59,41.24,41.59,41.24,0,612.0,,
613,2016-11-17 00:00:00,41.18,41.44,41.44,41.17,10,613.0,,
614,2016-11-18 00:00:00,41.57,41.2,41.57,41.2,484,614.0,,
615,2016-11-21 00:00:00,41.48,41.35,41.48,41.33,3179,615.0,,
616,2016-11-22 00:00:00,41.6,41.51,41.69,41.51,23484,616.0,,
617,2016-11-23 00:00:00,41.51,41.39,41.52,41.39,18097,617.0,,
618,2016-11-24 00:00:00,41.59,41.55,41.59,41.48,186,618.0,,
619,2016-11-25 00:00:00,41.57,41.62,41.62,41.56,2678,619.0,,
620,2016-11-28 00:00:00,41.48,41.22,41.48,41.16,13854,620.0,,
621,2016-11-29 00:00:00,41.15,41.51,41.51,41.15,13246,621.0,,
622,2016-11-30 00:00:00,41.54,41.71,41.71,41.54,300,622.0,,
623,2016-12-01 00:00:00,41.52,41.44,41.52,41.29,19671,623.0,,
624,2016-12-02 00:00:00,41.09,41.19,41.19,40.94,9550,624.0,,
625,2016-12-05 00:00:00,41.17,41.61,41.83,41.17,3121,625.0,,
626,2016-12-06 00:00:00,41.67,42.22,42.22,41.54,611,626.0,,
627,2016-12-07 00:00:00,42.59,42.81,42.81,42.56,13253,627.0,,
628,2016-12-08 00:00:00,43.0,43.28,43.28,42.85,5116,628.0,,
629,2016-12-09 00:00:00,43.37,43.49,43.56,43.37,43011,629.0,,
630,2016-12-12 00:00:00,43.6,43.48,43.6,43.45,13558,630.0,,
631,2016-12-13 00:00:00,43.5,43.92,43.92,43.5,0,631.0,,
632,2016-12-14 00:00:00,43.67,43.42,43.68,43.42,1567,632.0,,
633,2016-12-15 00:00:00,43.58,43.89,43.89,43.58,285,633.0,,
634,2016-12-16 00:00:00,43.88,44.08,44.1,43.88,4547,634.0,,
635,2016-12-19 00:00:00,43.94,44.02,44.02,43.94,240,635.0,,
636,2016-12-20 00:00:00,44.0,44.36,44.36,44.0,7045,636.0,,
637,2016-12-21 00:00:00,44.25,44.23,44.25,44.13,5386,637.0,,
638,2016-12-22 00:00:00,44.18,44.19,44.19,44.13,701,638.0,,
639,2016-12-23 00:00:00,44.22,44.29,44.31,44.22,60,639.0,,
640,2016-12-27 00:00:00,44.37,44.35,44.37,44.35,0,640.0,,
641,2016-12-28 00:00:00,44.16,44.37,44.37,44.16,4531,641.0,,
642,2016-12-29 00:00:00,44.23,44.25,44.31,44.23,5190,642.0,,
643,2016-12-30 00:00:00,44.22,44.41,44.41,44.22,11875,643.0,,
644,2017-01-02 00:00:00,44.27,44.59,44.59,44.27,486,644.0,,
645,2017-01-03 00:00:00,44.89,44.84,44.99,44.84,3319,645.0,,
646,2017-01-04 00:00:00,44.95,44.8,44.95,44.75,18,646.0,,
647,2017-01-05 00:00:00,44.72,44.8,44.89,44.72,9775,647.0,,
648,2017-01-06 00:00:00,44.77,44.89,44.89,44.73,15000,648.0,,
649,2017-01-09 00:00:00,44.92,44.69,44.92,44.59,1946,649.0,,
650,2017-01-10 00:00:00,44.8,44.69,44.8,44.68,1927,650.0,,
651,2017-01-11 00:00:00,44.7,44.81,44.81,44.7,125000,651.0,,
652,2017-01-12 00:00:00,44.57,44.49,44.57,44.49,22,652.0,,
653,2017-01-13 00:00:00,44.69,44.95,44.95,44.69,0,653.0,,
654,2017-01-16 00:00:00,44.66,44.57,44.68,44.57,569,654.0,,
655,2017-01-17 00:00:00,44.44,44.45,44.52,44.31,578,655.0,,
656,2017-01-18 00:00:00,44.62,44.56,44.62,44.38,11210,656.0,,
657,2017-01-19 00:00:00,44.64,44.59,44.64,44.59,0,657.0,,
658,2017-01-20 00:00:00,44.47,44.65,44.71,44.47,7982,658.0,,
659,2017-01-23 00:00:00,44.35,44.39,44.57,44.33,13882,659.0,,
660,2017-01-24 00:00:00,44.48,44.56,44.56,44.48,0,660.0,,
661,2017-01-25 00:00:00,44.84,45.15,45.15,44.84,1100,661.0,,
662,2017-01-26 00:00:00,45.29,45.08,45.29,45.08,20233,662.0,,
663,2017-01-27 00:00:00,44.96,44.96,44.96,44.85,11280,663.0,,
664,2017-01-30 00:00:00,44.9,44.37,44.9,44.37,5127,664.0,,
665,2017-01-31 00:00:00,44.42,43.98,44.44,43.98,10000,665.0,,
666,2017-02-01 00:00:00,44.4,44.32,44.41,44.32,9860,666.0,,
667,2017-02-02 00:00:00,44.21,44.4,44.52,44.21,169,667.0,,
668,2017-02-03 00:00:00,44.56,44.77,44.77,44.56,1033,668.0,,
669,2017-02-06 00:00:00,44.61,44.15,44.74,44.15,4841,669.0,,
670,2017-02-07 00:00:00,44.09,44.18,44.18,44.09,0,670.0,,
671,2017-02-08 00:00:00,44.28,44.28,44.28,43.97,23755,671.0,,
672,2017-02-09 00:00:00,44.44,44.67,44.67,44.23,29438,672.0,,
673,2017-02-10 00:00:00,44.81,44.65,44.81,44.65,125,673.0,,
674,2017-02-13 00:00:00,44.78,45.1,45.1,44.78,0,674.0,,
675,2017-02-14 00:00:00,45.07,45.21,45.21,45.07,2341,675.0,,
676,2017-02-15 00:00:00,45.33,45.31,45.37,45.15,8298,676.0,,
677,2017-02-16 00:00:00,45.32,45.2,45.32,45.13,990,677.0,,
678,2017-02-17 00:00:00,45.2,45.15,45.2,44.9,10425,678.0,,
679,2017-02-20 00:00:00,45.36,45.2,45.36,45.2,0,679.0,,
680,2017-02-21 00:00:00,45.18,45.49,45.49,45.18,0,680.0,,
681,2017-02-22 00:00:00,45.65,45.46,45.65,45.46,3339,681.0,,
682,2017-02-23 00:00:00,45.53,45.39,45.58,45.36,4591,682.0,,
683,2017-02-24 00:00:00,45.38,44.97,45.38,44.85,1637,683.0,,
684,2017-02-27 00:00:00,45.19,45.03,45.19,45.03,174,684.0,,
685,2017-02-28 00:00:00,45.17,45.16,45.17,45.04,171,685.0,,
686,2017-03-01 00:00:00,45.58,46.02,46.02,45.58,933,686.0,,
687,2017-03-02 00:00:00,46.0,45.99,46.0,45.92,8695,687.0,,
688,2017-03-03 00:00:00,45.92,46.15,46.15,45.92,814,688.0,,
689,2017-03-06 00:00:00,45.97,45.94,45.97,45.85,1795,689.0,,
690,2017-03-07 00:00:00,45.9,45.89,45.9,45.77,1202,690.0,,
691,2017-03-08 00:00:00,45.86,45.92,45.92,45.86,225,691.0,,
692,2017-03-09 00:00:00,45.91,46.19,46.19,45.91,40,692.0,,
693,2017-03-10 00:00:00,46.34,46.28,46.54,46.28,3145,693.0,,
694,2017-03-13 00:00:00,46.3,46.35,46.35,46.3,0,694.0,,
695,2017-03-14 00:00:00,46.34,46.2,46.34,46.2,0,695.0,,
696,2017-03-15 00:00:00,46.2,46.31,46.33,46.2,2357,696.0,,
697,2017-03-16 00:00:00,46.77,46.71,46.81,46.59,13923,697.0,,
698,2017-03-17 00:00:00,46.65,46.9,46.9,46.65,3465,698.0,,
699,2017-03-20 00:00:00,46.76,46.69,46.78,46.69,3606,699.0,,
700,2017-03-21 00:00:00,46.89,46.53,46.92,46.45,10751,700.0,,
701,2017-03-22 00:00:00,46.27,46.34,46.38,46.22,3526,701.0,,
702,2017-03-23 00:00:00,46.36,46.77,46.77,46.36,4648,702.0,,
703,2017-03-24 00:00:00,46.77,46.75,46.78,46.7,1497,703.0,,
704,2017-03-27 00:00:00,46.44,46.63,46.63,46.4,27648,704.0,,
705,2017-03-28 00:00:00,46.8,47.0,47.0,46.8,4000,705.0,,
706,2017-03-29 00:00:00,47.24,47.15,47.24,47.05,25944,706.0,,
707,2017-03-30 00:00:00,47.15,47.33,47.33,47.1,8165,707.0,,
708,2017-03-31 00:00:00,47.24,47.68,47.68,47.24,11921,708.0,,
709,2017-04-03 00:00:00,47.7,47.28,47.7,47.28,39992,709.0,,
710,2017-04-04 00:00:00,47.3,47.4,47.4,47.22,29931,710.0,,
711,2017-04-05 00:00:00,47.41,47.34,47.5,47.34,4260,711.0,,
712,2017-04-06 00:00:00,47.12,47.53,47.53,47.12,17674,712.0,,
713,2017-04-07 00:00:00,47.35,47.63,47.63,47.29,10506,713.0,,
714,2017-04-10 00:00:00,47.58,47.43,47.58,47.43,82,714.0,,
715,2017-04-11 00:00:00,47.3,47.31,47.42,47.23,10501,715.0,,
716,2017-04-12 00:00:00,47.46,47.29,47.56,47.28,812,716.0,,
717,2017-04-13 00:00:00,47.23,47.03,47.23,46.97,20101,717.0,,
718,2017-04-18 00:00:00,47.19,46.58,47.19,46.57,25679,718.0,,
719,2017-04-19 00:00:00,46.61,46.78,46.83,46.61,29696,719.0,,
720,2017-04-20 00:00:00,46.69,47.03,47.09,46.69,3561,720.0,,
721,2017-04-21 00:00:00,47.02,46.99,47.14,46.78,9840,721.0,,
722,2017-04-24 00:00:00,48.33,48.7,48.7,48.24,24585,722.0,,
723,2017-04-25 00:00:00,48.68,48.81,48.85,48.68,453,723.0,,
724,2017-04-26 00:00:00,48.8,48.84,48.84,48.72,18539,724.0,,
725,2017-04-27 00:00:00,48.78,48.67,48.78,48.6,24933,725.0,,
726,2017-04-28 00:00:00,48.66,48.69,48.69,48.62,22016,726.0,,
727,2017-05-02 00:00:00,48.86,49.08,49.08,48.85,2840,727.0,,
728,2017-05-03 00:00:00,48.98,49.07,49.07,48.89,8811,728.0,,
729,2017-05-04 00:00:00,49.24,49.72,49.72,49.24,53170,729.0,,
730,2017-05-05 00:00:00,49.66,50.18,50.18,49.61,35763,730.0,,
731,2017-05-08 00:00:00,50.39,49.99,50.39,49.92,8138,731.0,,
732,2017-05-09 00:00:00,50.2,50.13,50.2,50.13,2216,732.0,,
733,2017-05-10 00:00:00,50.11,50.13,50.13,49.93,35264,733.0,,
734,2017-05-11 00:00:00,50.07,49.79,50.07,49.64,70876,734.0,,
735,2017-05-12 00:00:00,50.02,50.03,50.03,49.83,11153,735.0,,
736,2017-05-15 00:00:00,50.16,50.2,50.2,49.98,1322,736.0,,
737,2017-05-16 00:00:00,50.18,50.2,50.31,50.18,1700,737.0,,
738,2017-05-17 00:00:00,49.97,49.51,49.98,49.4,1881,738.0,,
739,2017-05-18 00:00:00,49.37,49.13,49.37,48.76,22255,739.0,,
740,2017-05-19 00:00:00,49.26,49.52,49.58,49.26,13207,740.0,,
741,2017-05-22 00:00:00,49.68,49.49,49.7,49.49,981,741.0,,
742,2017-05-23 00:00:00,49.57,49.74,49.8,49.57,7370,742.0,,
743,2017-05-24 00:00:00,49.64,49.72,49.74,49.63,6814,743.0,,
744,2017-05-25 00:00:00,49.96,49.81,49.96,49.69,16211,744.0,,
745,2017-05-26 00:00:00,49.66,49.68,49.68,49.45,8891,745.0,,
746,2017-05-29 00:00:00,49.64,49.63,49.64,49.61,3533,746.0,,
747,2017-05-30 00:00:00,49.57,49.5,49.57,49.37,27794,747.0,,
748,2017-05-31 00:00:00,49.6,49.39,49.79,49.39,7190,748.0,,
749,2017-06-01 00:00:00,49.6,49.82,49.82,49.6,9395,749.0,,
750,2017-06-02 00:00:00,49.99,50.03,50.27,49.99,3830,750.0,,
751,2017-06-05 00:00:00,50.03,49.79,50.03,49.77,7211,751.0,,
752,2017-06-06 00:00:00,49.77,49.58,49.77,49.52,2512,752.0,,
753,2017-06-07 00:00:00,49.49,49.59,49.93,49.43,7929,753.0,,
754,2017-06-08 00:00:00,49.69,49.68,49.84,49.62,1516,754.0,,
755,2017-06-09 00:00:00,49.79,49.98,50.05,49.73,8645,755.0,,
756,2017-06-12 00:00:00,49.86,49.47,49.86,49.47,1680,756.0,,
757,2017-06-13 00:00:00,49.59,49.72,49.79,49.59,1555,757.0,,
758,2017-06-14 00:00:00,49.93,49.64,50.1,49.64,7512,758.0,,
759,2017-06-15 00:00:00,49.57,49.35,49.57,49.12,7781,759.0,,
760,2017-06-16 00:00:00,49.71,49.55,49.71,49.5,14406,760.0,,
761,2017-06-19 00:00:00,50.12,50.12,50.2,50.04,3959,761.0,,
762,2017-06-20 00:00:00,50.34,49.81,50.34,49.81,37039,762.0,,
763,2017-06-21 00:00:00,49.49,49.74,49.74,49.34,3649,763.0,,
764,2017-06-22 00:00:00,49.53,49.69,49.72,49.47,693,764.0,,
765,2017-06-23 00:00:00,49.73,49.48,49.73,49.34,5941,765.0,,
766,2017-06-26 00:00:00,49.84,49.69,49.97,49.69,1265,766.0,,
767,2017-06-27 00:00:00,49.55,49.34,49.55,49.34,1196,767.0,,
768,2017-06-28 00:00:00,48.98,49.33,49.34,48.96,2057,768.0,,
769,2017-06-29 00:00:00,49.6,48.43,49.6,48.34,41107,769.0,,
770,2017-06-30 00:00:00,48.52,48.21,48.78,48.21,15078,770.0,,
771,2017-07-03 00:00:00,48.59,48.86,48.86,48.59,203,771.0,,
772,2017-07-04 00:00:00,48.81,48.7,48.89,48.7,1631,772.0,,
773,2017-07-05 00:00:00,48.67,48.75,48.85,48.67,20326,773.0,,
774,2017-07-06 00:00:00,48.82,48.53,48.82,48.38,22981,774.0,,
775,2017-07-07 00:00:00,48.54,48.54,48.54,48.38,742,775.0,,
776,2017-07-10 00:00:00,48.59,48.76,48.76,48.59,10163,776.0,,
777,2017-07-11 00:00:00,48.9,48.56,48.9,48.56,463,777.0,,
778,2017-07-12 00:00:00,47.63,48.06,48.15,47.49,4468,778.0,,
779,2017-07-13 00:00:00,48.15,48.24,48.32,48.07,78607,779.0,,
780,2017-07-14 00:00:00,48.24,48.26,48.31,48.23,5734,780.0,,
781,2017-07-17 00:00:00,48.34,48.2,48.34,48.14,6499,781.0,,
782,2017-07-18 00:00:00,48.13,47.71,48.17,47.63,12955,782.0,,
783,2017-07-19 00:00:00,47.89,47.98,47.98,47.7,983,783.0,,
784,2017-07-20 00:00:00,48.21,47.92,48.25,47.89,4127,784.0,,
785,2017-07-21 00:00:00,47.89,47.27,47.93,47.13,10738,785.0,,
786,2017-07-24 00:00:00,47.31,47.27,47.31,47.07,12090,786.0,,
787,2017-07-25 00:00:00,47.36,47.5,47.65,47.36,12849,787.0,,
788,2017-07-26 00:00:00,47.56,47.78,47.83,47.56,7835,788.0,,
789,2017-07-27 00:00:00,47.84,47.81,47.89,47.77,2010,789.0,,
790,2017-07-28 00:00:00,47.5,47.36,47.5,47.32,8519,790.0,,
791,2017-07-31 00:00:00,47.46,47.19,47.49,47.18,3523,791.0,,
792,2017-08-01 00:00:00,47.35,47.54,47.67,47.2,14883,792.0,,
793,2017-08-02 00:00:00,47.58,47.4,47.61,47.37,58337,793.0,,
794,2017-08-03 00:00:00,47.28,47.51,47.54,47.28,3,794.0,,
795,2017-08-04 00:00:00,47.52,48.06,48.06,47.52,477,795.0,,
796,2017-08-07 00:00:00,48.16,48.02,48.16,47.94,21955,796.0,,
797,2017-08-08 00:00:00,47.98,48.18,48.28,47.98,817,797.0,,
798,2017-08-09 00:00:00,47.84,47.61,47.9,47.45,11545,798.0,,
799,2017-08-10 00:00:00,47.51,47.18,47.51,47.09,16278,799.0,,
800,2017-08-11 00:00:00,46.88,46.77,46.9,46.68,25660,800.0,,
801,2017-08-14 00:00:00,47.05,47.38,47.43,47.05,14025,801.0,,
802,2017-08-15 00:00:00,47.62,47.51,47.64,47.51,19467,802.0,,
803,2017-08-16 00:00:00,47.77,47.84,47.94,47.77,82,803.0,,
804,2017-08-17 00:00:00,47.7,47.58,47.81,47.58,367,804.0,,
805,2017-08-18 00:00:00,47.16,47.27,47.27,47.06,22664,805.0,,
806,2017-08-21 00:00:00,47.17,47.04,47.19,46.98,10459,806.0,,
807,2017-08-22 00:00:00,47.34,47.5,47.5,47.25,26409,807.0,,
808,2017-08-23 00:00:00,47.47,47.22,47.55,47.18,20817,808.0,,
809,2017-08-24 00:00:00,47.31,47.22,47.44,47.22,5742,809.0,,
810,2017-08-25 00:00:00,47.35,47.19,47.36,47.19,15956,810.0,,
811,2017-08-28 00:00:00,47.0,46.99,47.15,46.91,10871,811.0,,
812,2017-08-29 00:00:00,46.57,46.47,46.57,46.21,14141,812.0,,
813,2017-08-30 00:00:00,46.76,46.74,46.81,46.74,3793,813.0,,
814,2017-08-31 00:00:00,47.0,47.02,47.16,47.0,3,814.0,,
815,2017-09-01 00:00:00,47.29,47.31,47.42,47.27,413,815.0,,
816,2017-09-04 00:00:00,47.06,47.11,47.18,47.06,31814,816.0,,
817,2017-09-05 00:00:00,47.18,47.03,47.38,47.03,200,817.0,,
818,2017-09-06 00:00:00,46.9,47.15,47.15,46.9,10020,818.0,,
819,2017-09-07 00:00:00,47.33,47.28,47.46,47.28,94,819.0,,
820,2017-09-08 00:00:00,47.12,47.32,47.32,47.12,100,820.0,,
821,2017-09-11 00:00:00,47.67,47.94,47.95,47.67,3151,821.0,,
822,2017-09-12 00:00:00,48.13,48.16,48.2,48.1,574,822.0,,
823,2017-09-13 00:00:00,48.14,48.24,48.24,48.14,7484,823.0,,
824,2017-09-14 00:00:00,48.17,48.26,48.28,48.15,3113,824.0,,
825,2017-09-15 00:00:00,48.19,48.08,48.24,48.08,24211,825.0,,
826,2017-09-18 00:00:00,48.35,48.32,48.36,48.29,25506,826.0,,
827,2017-09-19 00:00:00,48.27,48.41,48.41,48.26,6268,827.0,,
828,2017-09-20 00:00:00,48.31,48.24,48.37,48.24,15674,828.0,,
829,2017-09-21 00:00:00,48.45,48.42,48.49,48.42,2651,829.0,,
830,2017-09-22 00:00:00,48.39,48.46,48.46,48.39,6306,830.0,,
831,2017-09-25 00:00:00,48.37,48.39,48.5,48.34,3827,831.0,,
832,2017-09-26 00:00:00,48.31,48.41,48.47,48.31,2998,832.0,,
833,2017-09-27 00:00:00,48.54,48.65,48.73,48.54,3886,833.0,,
834,2017-09-28 00:00:00,48.73,48.73,48.81,48.73,2462,834.0,,
835,2017-09-29 00:00:00,48.83,49.1,49.1,48.77,16881,835.0,,
836,2017-10-02 00:00:00,49.09,49.25,49.25,49.06,579,836.0,,
837,2017-10-03 00:00:00,49.32,49.36,49.36,49.14,21477,837.0,,
838,2017-10-04 00:00:00,49.33,49.14,49.36,49.08,4566,838.0,,
839,2017-10-05 00:00:00,49.11,49.4,49.4,49.11,11858,839.0,,
840,2017-10-06 00:00:00,49.35,49.21,49.35,49.18,26655,840.0,,
841,2017-10-09 00:00:00,49.45,49.31,49.45,49.27,200,841.0,,
842,2017-10-10 00:00:00,49.21,49.21,49.25,49.17,14879,842.0,,
843,2017-10-11 00:00:00,49.19,49.35,49.35,49.19,1130,843.0,,
844,2017-10-12 00:00:00,49.36,49.37,49.37,49.26,49756,844.0,,
845,2017-10-13 00:00:00,49.25,49.38,49.49,49.25,6680,845.0,,
846,2017-10-16 00:00:00,49.4,49.4,49.45,49.39,1923,846.0,,
847,2017-10-17 00:00:00,49.41,49.4,49.52,49.39,67969,847.0,,
848,2017-10-18 00:00:00,49.45,49.6,49.62,49.45,112,848.0,,
849,2017-10-19 00:00:00,49.54,49.33,49.54,49.19,1219,849.0,,
850,2017-10-20 00:00:00,49.5,49.43,49.5,49.39,19058,850.0,,
851,2017-10-23 00:00:00,49.42,49.45,49.6,49.42,3837,851.0,,
852,2017-10-24 00:00:00,49.49,49.51,49.56,49.49,445,852.0,,
853,2017-10-25 00:00:00,49.49,49.26,49.56,49.26,627,853.0,,
854,2017-10-26 00:00:00,49.24,49.88,49.88,49.21,40246,854.0,,
855,2017-10-27 00:00:00,50.12,50.03,50.2,49.96,15346,855.0,,
856,2017-10-30 00:00:00,50.08,50.15,50.19,50.08,399,856.0,,
857,2017-10-31 00:00:00,50.2,50.39,50.39,50.2,5722,857.0,,
858,2017-11-01 00:00:00,50.59,50.63,50.73,50.59,3990,858.0,,
859,2017-11-02 00:00:00,50.64,50.55,50.64,50.48,934,859.0,,
860,2017-11-03 00:00:00,50.53,50.55,50.55,50.46,18525,860.0,,
861,2017-11-06 00:00:00,50.5,50.49,50.5,50.34,1068,861.0,,
862,2017-11-07 00:00:00,50.62,50.19,50.62,50.19,5317,862.0,,
863,2017-11-08 00:00:00,50.3,50.17,50.3,50.05,15958,863.0,,
864,2017-11-09 00:00:00,50.19,49.64,50.22,49.64,780,864.0,,
865,2017-11-10 00:00:00,49.71,49.44,49.71,49.44,3404,865.0,,
866,2017-11-13 00:00:00,49.49,49.17,49.49,48.86,21698,866.0,,
867,2017-11-14 00:00:00,49.26,48.97,49.26,48.97,15270,867.0,,
868,2017-11-15 00:00:00,48.68,48.77,48.77,48.43,17113,868.0,,
869,2017-11-16 00:00:00,48.99,49.08,49.14,48.99,3065,869.0,,
870,2017-11-17 00:00:00,49.09,48.85,49.09,48.85,361,870.0,,
871,2017-11-20 00:00:00,48.82,49.04,49.05,48.82,2333,871.0,,
872,2017-11-21 00:00:00,48.99,49.31,49.43,48.99,13201,872.0,,
873,2017-11-22 00:00:00,49.33,49.1,49.48,49.1,3066,873.0,,
874,2017-11-23 00:00:00,48.89,49.07,49.18,48.89,19405,874.0,,
875,2017-11-24 00:00:00,49.24,49.28,49.33,49.24,22060,875.0,,
876,2017-11-27 00:00:00,49.08,49.09,49.4,49.02,33143,876.0,,
877,2017-11-28 00:00:00,49.16,49.28,49.28,49.09,2600,877.0,,
878,2017-11-29 00:00:00,49.62,49.38,49.7,49.38,26824,878.0,,
879,2017-11-30 00:00:00,49.38,49.22,49.69,49.22,17995,879.0,,
880,2017-12-01 00:00:00,49.13,48.61,49.24,48.61,23771,880.0,,
881,2017-12-04 00:00:00,49.24,49.25,49.49,49.16,4122,881.0,,
882,2017-12-05 00:00:00,49.27,49.25,49.4,49.18,62033,882.0,,
883,2017-12-06 00:00:00,48.82,49.15,49.15,48.82,1624,883.0,,
884,2017-12-07 00:00:00,49.34,49.34,49.34,49.34,0,884.0,,
885,2017-12-11 00:00:00,49.69,49.51,49.74,49.48,14497,885.0,,
886,2017-12-12 00:00:00,49.58,49.77,49.77,49.48,2805,886.0,,
887,2017-12-13 00:00:00,49.53,49.32,49.57,49.32,1000,887.0,,
888,2017-12-14 00:00:00,49.28,49.03,49.28,49.03,38533,888.0,,
889,2017-12-15 00:00:00,48.9,49.02,49.04,48.9,17958,889.0,,
890,2017-12-18 00:00:00,49.38,49.65,49.69,49.38,118059,890.0,,
891,2017-12-19 00:00:00,49.68,49.44,49.68,49.44,621,891.0,,
892,2017-12-20 00:00:00,49.58,49.08,49.58,49.06,14375,892.0,,
893,2017-12-21 00:00:00,48.98,49.29,49.29,48.86,2187,893.0,,
894,2017-12-22 00:00:00,49.15,49.13,49.18,49.13,6179,894.0,,
895,2017-12-27 00:00:00,49.15,49.11,49.17,49.08,9244,895.0,,
896,2017-12-28 00:00:00,49.07,48.86,49.1,48.86,29718,896.0,,
897,2017-12-29 00:00:00,48.82,48.54,48.82,48.54,22532,897.0,,
898,2018-01-02 00:00:00,48.59,48.51,48.59,48.28,20533,898.0,,
899,2018-01-03 00:00:00,48.49,48.81,48.81,48.49,4673,899.0,,
900,2018-01-04 00:00:00,49.2,49.63,49.63,49.2,3326,900.0,,
901,2018-01-05 00:00:00,49.76,50.11,50.11,49.76,4686,901.0,,
902,2018-01-08 00:00:00,50.34,50.25,50.36,50.25,132,902.0,,
903,2018-01-09 00:00:00,50.37,50.48,50.55,50.37,20721,903.0,,
904,2018-01-10 00:00:00,50.32,50.26,50.44,50.17,11361,904.0,,
905,2018-01-11 00:00:00,50.3,50.12,50.3,50.1,473,905.0,,
906,2018-01-12 00:00:00,50.2,50.29,50.29,50.15,5130,906.0,,
907,2018-01-15 00:00:00,50.28,50.27,50.31,50.22,477,907.0,,
908,2018-01-16 00:00:00,50.36,50.41,50.56,50.3,13378,908.0,,
909,2018-01-17 00:00:00,50.26,50.31,50.47,50.26,22543,909.0,,
910,2018-01-18 00:00:00,50.47,50.44,50.47,50.34,1105,910.0,,
911,2018-01-19 00:00:00,50.5,50.82,50.82,50.5,6352,911.0,,
912,2018-01-22 00:00:00,50.81,51.0,51.0,50.79,624,912.0,,
913,2018-01-23 00:00:00,51.22,51.06,51.31,51.05,5497,913.0,,
914,2018-01-24 00:00:00,51.03,50.6,51.03,50.6,1955,914.0,,
915,2018-01-25 00:00:00,50.63,50.39,50.8,50.32,1540,915.0,,
916,2018-01-26 00:00:00,50.43,50.7,50.72,50.43,1757,916.0,,
917,2018-01-29 00:00:00,50.79,50.58,50.79,50.58,6415,917.0,,
918,2018-01-30 00:00:00,50.34,50.1,50.42,50.1,226,918.0,,
919,2018-01-31 00:00:00,50.27,50.17,50.27,50.14,182,919.0,,
920,2018-02-01 00:00:00,50.43,49.935,50.43,49.885,10326,920.0,,
921,2018-02-02 00:00:00,49.74,49.21,49.74,49.21,4051,921.0,,
922,2018-02-05 00:00:00,48.89,48.54,48.89,48.54,24592,922.0,,
923,2018-02-06 00:00:00,46.975,47.375,47.85,46.975,33869,923.0,,
924,2018-02-07 00:00:00,47.8,48.355,48.355,47.8,2504,924.0,,
925,2018-02-08 00:00:00,48.125,47.34,48.125,47.34,1045,925.0,,
926,2018-02-09 00:00:00,47.195,46.705,47.195,46.52,7782,926.0,,
927,2018-02-12 00:00:00,47.09,47.245,47.245,47.09,0,927.0,,
928,2018-02-13 00:00:00,47.31,46.9,47.31,46.9,18762,928.0,,
929,2018-02-14 00:00:00,47.22,47.35,47.35,47.22,4299,929.0,,
930,2018-02-15 00:00:00,47.76,47.68,47.855,47.63,3750,930.0,,
931,2018-02-16 00:00:00,48.01,48.195,48.195,47.955,23211,931.0,,
932,2018-02-19 00:00:00,48.265,47.9,48.265,47.9,2652,932.0,,
933,2018-02-20 00:00:00,48.04,48.215,48.215,48.02,756,933.0,,
934,2018-02-21 00:00:00,48.1,48.25,48.25,47.945,3112,934.0,,
935,2018-02-22 00:00:00,47.835,48.215,48.215,47.835,4250,935.0,,
936,2018-02-23 00:00:00,48.315,48.36,48.365,48.235,4877,936.0,,
937,2018-02-26 00:00:00,48.665,48.59,48.665,48.59,3,937.0,,
938,2018-02-27 00:00:00,48.73,48.53,48.73,48.495,2952,938.0,,
939,2018-02-28 00:00:00,48.385,48.3,48.395,48.3,2541,939.0,,
940,2018-03-01 00:00:00,48.24,47.73,48.24,47.73,200,940.0,,
941,2018-03-02 00:00:00,47.23,46.735,47.23,46.735,0,941.0,,
942,2018-03-05 00:00:00,46.55,47.125,47.125,46.55,16291,942.0,,
943,2018-03-06 00:00:00,47.54,47.28,47.54,47.28,0,943.0,,
944,2018-03-07 00:00:00,47.105,47.57,47.585,47.105,2602,944.0,,
945,2018-03-08 00:00:00,47.575,48.08,48.17,47.575,53,945.0,,
946,2018-03-09 00:00:00,48.065,48.2,48.2,48.02,7390,946.0,,
947,2018-03-12 00:00:00,48.445,48.32,48.48,48.32,5216,947.0,,
948,2018-03-13 00:00:00,48.355,47.905,48.4,47.905,519,948.0,,
949,2018-03-14 00:00:00,47.83,47.77,48.05,47.67,1426,949.0,,
950,2018-03-15 00:00:00,47.895,48.06,48.06,47.895,0,950.0,,
951,2018-03-16 00:00:00,48.04,48.21,48.23,48.04,683,951.0,,
952,2018-03-19 00:00:00,48.08,47.715,48.08,47.715,734,952.0,,
953,2018-03-20 00:00:00,47.825,47.975,48.01,47.6,5218,953.0,,
954,2018-03-21 00:00:00,48.03,47.89,48.03,47.88,441,954.0,,
955,2018-03-22 00:00:00,47.555,47.16,47.555,46.91,5360,955.0,,
956,2018-03-23 00:00:00,46.715,46.55,46.76,46.32,14721,956.0,,
957,2018-03-26 00:00:00,46.64,46.245,46.75,46.115,12289,957.0,,
958,2018-03-27 00:00:00,47.035,46.825,47.035,46.825,2804,958.0,,
959,2018-03-28 00:00:00,46.43,47.03,47.03,46.19,9216,959.0,,
960,2018-03-29 00:00:00,47.145,47.31,47.32,47.145,8,960.0,,
961,2018-04-03 00:00:00,47.005,47.115,47.215,46.985,45147,961.0,,
962,2018-04-04 00:00:00,47.12,46.935,47.12,46.595,758,962.0,,
963,2018-04-05 00:00:00,47.61,48.105,48.11,47.61,733,963.0,,
964,2018-04-06 00:00:00,47.93,47.94,47.94,47.91,6803,964.0,,
965,2018-04-09 00:00:00,48.01,48.0,48.085,47.87,1201,965.0,,
966,2018-04-10 00:00:00,48.245,48.36,48.36,48.185,6308,966.0,,
967,2018-04-11 00:00:00,48.215,48.03,48.215,48.005,4183,967.0,,
968,2018-04-12 00:00:00,48.06,48.355,48.355,48.06,0,968.0,,
969,2018-04-13 00:00:00,48.485,48.435,48.555,48.435,11387,969.0,,
970,2018-04-16 00:00:00,48.5,48.42,48.5,48.32,6,970.0,,
971,2018-04-17 00:00:00,48.48,48.865,48.87,48.48,115,971.0,,
972,2018-04-18 00:00:00,48.97,49.025,49.025,48.91,41,972.0,,
973,2018-04-19 00:00:00,49.105,48.985,49.105,48.95,21835,973.0,,
974,2018-04-20 00:00:00,49.005,49.03,49.125,48.93,5042,974.0,,
975,2018-04-23 00:00:00,49.21,49.21,49.21,49.21,3545,975.0,,
976,2018-04-24 00:00:00,49.19,49.16,49.325,48.985,3608,976.0,,
977,2018-04-25 00:00:00,48.87,48.81,48.975,48.58,10825,977.0,,
978,2018-04-26 00:00:00,48.78,49.205,49.205,48.78,15399,978.0,,
979,2018-04-27 00:00:00,49.34,49.465,49.465,49.265,209,979.0,,
980,2018-04-30 00:00:00,49.465,49.64,49.64,49.455,8,980.0,,
981,2018-05-02 00:00:00,49.56,49.935,49.995,49.56,1795,981.0,,
982,2018-05-03 00:00:00,49.925,49.65,49.925,49.65,54,982.0,,
983,2018-05-04 00:00:00,49.785,49.965,49.965,49.665,114,983.0,,
984,2018-05-07 00:00:00,50.04,50.29,50.29,50.04,40,984.0,,
985,2018-05-08 00:00:00,50.28,50.24,50.28,50.09,492,985.0,,
986,2018-05-09 00:00:00,50.3,50.38,50.38,50.22,23519,986.0,,
987,2018-05-10 00:00:00,50.39,50.46,50.47,50.35,6900,987.0,,
988,2018-05-11 00:00:00,50.51,50.51,50.51,50.38,685,988.0,,
989,2018-05-14 00:00:00,50.6,50.54,50.6,50.39,2978,989.0,,
990,2018-05-15 00:00:00,50.44,50.54,50.55,50.44,318,990.0,,
991,2018-05-16 00:00:00,50.52,50.48,50.52,50.39,211,991.0,,
992,2018-05-17 00:00:00,50.49,50.84,50.84,50.49,1247,992.0,,
993,2018-05-18 00:00:00,50.77,50.64,50.77,50.64,2200,993.0,,
994,2018-05-21 00:00:00,50.81,50.82,50.82,50.79,10,994.0,,
995,2018-05-22 00:00:00,50.91,51.03,51.09,50.91,10000,995.0,,
996,2018-05-23 00:00:00,50.94,50.41,50.94,50.41,4040,996.0,,
997,2018-05-24 00:00:00,50.53,50.16,50.53,50.0,6089,997.0,,
998,2018-05-25 00:00:00,50.31,50.11,50.5,50.11,169,998.0,,
999,2018-05-28 00:00:00,50.5,49.84,50.5,49.72,770,999.0,,
1000,2018-05-29 00:00:00,49.495,49.105,49.495,48.75,16374,1000.0,,
1001,2018-05-30 00:00:00,49.215,49.38,49.38,49.215,0,1001.0,,
1002,2018-05-31 00:00:00,49.515,48.96,49.6,48.96,9338,1002.0,,
1003,2018-06-01 00:00:00,49.405,49.595,49.595,49.405,19,1003.0,,
1004,2018-06-04 00:00:00,49.92,49.74,49.965,49.74,1439,1004.0,,
1005,2018-06-05 00:00:00,49.695,49.645,50.0,49.645,8387,1005.0,,
1006,2018-06-06 00:00:00,49.765,49.79,49.79,49.7,1,1006.0,,
1007,2018-06-07 00:00:00,49.975,49.71,49.99,49.595,2468,1007.0,,
1008,2018-06-08 00:00:00,49.275,49.54,49.58,49.25,7980,1008.0,,
1009,2018-06-11 00:00:00,49.885,50.0,50.0,49.8,125,1009.0,,
1010,2018-06-12 00:00:00,50.23,49.95,50.23,49.95,683,1010.0,,
1011,2018-06-13 00:00:00,50.02,50.06,50.06,50.02,0,1011.0,,
1012,2018-06-14 00:00:00,49.8,50.64,50.64,49.695,32,1012.0,,
1013,2018-06-15 00:00:00,50.72,50.24,50.72,50.24,9974,1013.0,,
1014,2018-06-18 00:00:00,50.15,49.825,50.15,49.7,765,1014.0,,
1015,2018-06-19 00:00:00,49.16,49.385,49.45,49.12,4872,1015.0,,
1016,2018-06-20 00:00:00,49.66,49.38,49.66,49.38,10364,1016.0,,
1017,2018-06-21 00:00:00,49.475,48.88,49.575,48.88,503,1017.0,,
1018,2018-06-22 00:00:00,49.01,49.325,49.325,49.01,0,1018.0,,
1019,2018-06-25 00:00:00,49.04,48.275,49.175,48.275,158,1019.0,,
1020,2018-06-26 00:00:00,48.58,48.315,48.58,48.315,0,1020.0,,
1021,2018-06-27 00:00:00,48.38,48.695,48.695,48.18,2704,1021.0,,
1022,2018-06-28 00:00:00,48.575,48.205,48.71,48.195,1164,1022.0,,
1023,2018-06-29 00:00:00,48.795,48.575,48.805,48.575,1245,1023.0,,
1024,2018-07-02 00:00:00,48.05,48.24,48.24,48.05,0,1024.0,,
1025,2018-07-03 00:00:00,48.54,48.68,48.79,48.54,3405,1025.0,,
1026,2018-07-04 00:00:00,48.615,48.675,48.675,48.615,0,1026.0,,
1027,2018-07-05 00:00:00,48.785,49.09,49.09,48.785,490,1027.0,,
1028,2018-07-06 00:00:00,49.275,49.26,49.275,49.14,18,1028.0,,
1029,2018-07-09 00:00:00,49.59,49.475,49.59,49.4,2559,1029.0,,
1030,2018-07-10 00:00:00,49.54,49.675,49.675,49.54,2500,1030.0,,
1031,2018-07-11 00:00:00,48.005,47.725,48.005,47.725,40,1031.0,,
1032,2018-07-12 00:00:00,47.78,48.045,48.045,47.78,13,1032.0,,
1033,2018-07-13 00:00:00,48.24,48.16,48.24,48.14,2000,1033.0,,
1034,2018-07-16 00:00:00,48.145,48.12,48.145,48.12,0,1034.0,,
1035,2018-07-17 00:00:00,48.065,48.305,48.305,48.04,21,1035.0,,
1036,2018-07-18 00:00:00,48.505,48.615,48.615,48.505,275,1036.0,,
1037,2018-07-19 00:00:00,48.54,48.405,48.54,48.405,0,1037.0,,
1038,2018-07-20 00:00:00,48.355,48.255,48.5,48.1,138680,1038.0,,
1039,2018-07-23 00:00:00,48.015,48.12,48.12,48.015,10000,1039.0,,
1040,2018-07-24 00:00:00,48.44,48.575,48.575,48.35,688,1040.0,,
1041,2018-07-25 00:00:00,48.585,48.365,48.585,48.365,40000,1041.0,,
1042,2018-07-26 00:00:00,48.645,48.825,48.825,48.545,62753,1042.0,,
1043,2018-07-27 00:00:00,48.92,49.04,49.08,48.92,5040,1043.0,,
1044,2018-07-30 00:00:00,48.965,48.835,48.965,48.835,2530,1044.0,,
1045,2018-07-31 00:00:00,48.84,49.005,49.005,48.84,0,1045.0,,
1046,2018-08-01 00:00:00,49.025,48.76,49.025,48.76,12000,1046.0,,
1047,2018-08-02 00:00:00,48.455,48.345,48.455,48.295,815,1047.0,,
1048,2018-08-03 00:00:00,48.4,48.595,48.635,48.4,21799,1048.0,,
1049,2018-08-06 00:00:00,48.695,48.55,48.695,48.55,18951,1049.0,,
1050,2018-08-07 00:00:00,48.725,48.795,48.91,48.725,130,1050.0,,
1051,2018-08-08 00:00:00,48.745,48.685,48.745,48.685,10,1051.0,,
1052,2018-08-09 00:00:00,48.585,48.71,48.71,48.585,0,1052.0,,
1053,2018-08-10 00:00:00,48.32,47.9,48.32,47.88,821,1053.0,,
1054,2018-08-13 00:00:00,47.665,47.775,47.79,47.595,1262,1054.0,,
1055,2018-08-14 00:00:00,47.98,47.735,47.98,47.735,0,1055.0,,
1056,2018-08-15 00:00:00,47.78,46.975,47.78,46.975,6300,1056.0,,
1057,2018-08-16 00:00:00,47.14,47.32,47.32,47.14,138,1057.0,,
1058,2018-08-17 00:00:00,47.345,47.29,47.345,47.055,218,1058.0,,
1059,2018-08-20 00:00:00,47.335,47.62,47.64,47.335,21512,1059.0,,
1060,2018-08-21 00:00:00,47.645,47.82,47.895,47.645,4646,1060.0,,
1061,2018-08-22 00:00:00,47.83,47.865,47.9,47.83,166,1061.0,,
1062,2018-08-23 00:00:00,47.935,47.83,47.935,47.83,0,1062.0,,
1063,2018-08-24 00:00:00,47.93,47.95,47.955,47.93,3585,1063.0,,
1064,2018-08-27 00:00:00,48.08,48.345,48.345,48.08,6164,1064.0,,
1065,2018-08-28 00:00:00,48.51,48.36,48.51,48.36,20,1065.0,,
1066,2018-08-29 00:00:00,48.4,48.46,48.46,48.265,6221,1066.0,,
1067,2018-08-30 00:00:00,48.355,48.145,48.355,48.115,1639,1067.0,,
1068,2018-08-31 00:00:00,47.975,47.66,47.975,47.66,20,1068.0,,
1069,2018-09-03 00:00:00,47.645,47.675,47.675,47.58,1082,1069.0,,
1070,2018-09-04 00:00:00,47.87,47.265,47.87,47.265,10632,1070.0,,
1071,2018-09-05 00:00:00,47.1,46.685,47.1,46.685,3,1071.0,,
1072,2018-09-06 00:00:00,46.575,46.42,46.575,46.42,86,1072.0,,
1073,2018-09-07 00:00:00,46.405,46.435,46.495,46.35,5529,1073.0,,
1074,2018-09-10 00:00:00,46.365,46.675,46.675,46.365,773,1074.0,,
1075,2018-09-11 00:00:00,46.75,46.67,46.75,46.43,5066,1075.0,,
1076,2018-09-12 00:00:00,46.69,46.88,46.88,46.69,0,1076.0,,
1077,2018-09-13 00:00:00,46.835,46.89,47.065,46.835,3253,1077.0,,
1078,2018-09-14 00:00:00,47.08,47.075,47.08,47.0,307,1078.0,,
1079,2018-09-17 00:00:00,46.985,47.085,47.085,46.94,21284,1079.0,,
1080,2018-09-18 00:00:00,47.11,47.24,47.25,47.11,240,1080.0,,
1081,2018-09-19 00:00:00,47.335,47.415,47.45,47.335,2778,1081.0,,
1082,2018-09-20 00:00:00,47.45,47.79,47.79,47.45,5700,1082.0,,
1083,2018-09-21 00:00:00,48.04,48.07,48.18,47.985,3249,1083.0,,
1084,2018-09-24 00:00:00,47.965,47.78,47.965,47.78,0,1084.0,,
1085,2018-09-25 00:00:00,47.85,47.89,48.0,47.85,1964,1085.0,,
1086,2018-09-26 00:00:00,47.89,47.99,47.99,47.875,91,1086.0,,
1087,2018-09-27 00:00:00,47.825,48.145,48.145,47.585,460,1087.0,,
1088,2018-09-28 00:00:00,47.87,47.525,47.87,47.5,198,1088.0,,
1089,2018-10-01 00:00:00,47.645,47.68,47.73,47.645,251,1089.0,,
1090,2018-10-02 00:00:00,47.33,47.41,47.41,47.31,255,1090.0,,
1091,2018-10-03 00:00:00,47.44,47.67,47.67,47.44,1490,1091.0,,
1092,2018-10-04 00:00:00,47.52,47.14,47.52,47.14,107,1092.0,,
1093,2018-10-05 00:00:00,47.095,46.73,47.095,46.73,55,1093.0,,
1094,2018-10-08 00:00:00,46.605,46.175,46.605,46.175,27,1094.0,,
1095,2018-10-09 00:00:00,46.28,46.3,46.3,45.915,566,1095.0,,
1096,2018-10-10 00:00:00,46.265,45.39,46.265,45.35,9221,1096.0,,
1097,2018-10-11 00:00:00,45.115,44.605,45.115,44.605,22147,1097.0,,
1098,2018-10-12 00:00:00,45.035,44.475,45.06,44.475,451,1098.0,,
1099,2018-10-15 00:00:00,44.46,44.6,44.6,44.365,132,1099.0,,
1100,2018-10-16 00:00:00,44.605,45.365,45.365,44.605,750,1100.0,,
1101,2018-10-17 00:00:00,45.56,45.155,45.56,45.155,12537,1101.0,,
1102,2018-10-18 00:00:00,45.135,44.78,45.135,44.78,12537,1102.0,,
1103,2018-10-19 00:00:00,44.75,44.63,44.75,44.47,6000,1103.0,,
1104,2018-10-22 00:00:00,45.075,44.4,45.075,44.37,384,1104.0,,
1105,2018-10-23 00:00:00,43.825,43.615,43.825,43.55,14852,1105.0,,
1106,2018-10-24 00:00:00,43.815,43.365,44.15,43.365,85541,1106.0,,
1107,2018-10-25 00:00:00,43.145,43.915,43.915,43.145,647,1107.0,,
1108,2018-10-26 00:00:00,43.45,43.565,43.565,43.25,118,1108.0,,
1109,2018-10-29 00:00:00,43.51,43.855,44.055,43.51,9,1109.0,,
1110,2018-10-30 00:00:00,43.975,43.785,43.975,43.61,45901,1110.0,,
1111,2018-10-31 00:00:00,44.365,44.495,44.555,44.365,12504,1111.0,,
1112,2018-11-01 00:00:00,44.51,44.67,44.78,44.51,15545,1112.0,,
1113,2018-11-02 00:00:00,45.315,44.885,45.315,44.885,5000,1113.0,,
1114,2018-11-05 00:00:00,44.88,44.79,44.905,44.79,14,1114.0,,
1115,2018-11-06 00:00:00,44.875,44.67,44.875,44.67,0,1115.0,,
1116,2018-11-07 00:00:00,44.91,45.225,45.225,44.91,0,1116.0,,
1117,2018-11-08 00:00:00,45.345,45.1,45.42,45.1,3500,1117.0,,
1118,2018-11-09 00:00:00,44.88,44.92,44.92,44.76,5200,1118.0,,
1119,2018-11-12 00:00:00,45.185,44.435,45.185,44.425,411,1119.0,,
1120,2018-11-13 00:00:00,44.62,44.9,44.9,44.62,1140,1120.0,,
1121,2018-11-14 00:00:00,44.475,44.675,45.035,44.475,2013,1121.0,,
1122,2018-11-15 00:00:00,44.865,44.375,44.865,44.095,11513,1122.0,,
1123,2018-11-16 00:00:00,44.675,44.31,44.675,44.31,0,1123.0,,
1124,2018-11-19 00:00:00,44.485,43.95,44.485,43.95,110,1124.0,,
1125,2018-11-20 00:00:00,43.685,43.28,43.685,43.28,237,1125.0,,
1126,2018-11-21 00:00:00,43.515,43.79,43.79,43.515,78,1126.0,,
1127,2018-11-22 00:00:00,43.645,43.44,43.645,43.44,6856,1127.0,,
1128,2018-11-23 00:00:00,43.465,43.625,43.625,43.45,11250,1128.0,,
1129,2018-11-26 00:00:00,43.97,44.17,44.17,43.97,4180,1129.0,,
1130,2018-11-27 00:00:00,44.2,44.08,44.2,43.91,263,1130.0,,
1131,2018-11-28 00:00:00,44.255,44.055,44.255,44.055,16565,1131.0,,
1132,2018-11-29 00:00:00,44.425,44.17,44.425,44.13,4150,1132.0,,
1133,2018-11-30 00:00:00,44.18,44.05,44.18,43.92,12,1133.0,,
1134,2018-12-03 00:00:00,45.15,44.63,45.15,44.63,552,1134.0,,
1135,2018-12-04 00:00:00,44.59,44.195,44.59,44.195,51,1135.0,,
1136,2018-12-05 00:00:00,43.665,43.705,43.84,43.665,28,1136.0,,
1137,2018-12-06 00:00:00,43.29,42.25,43.29,42.25,9669,1137.0,,
1138,2018-12-07 00:00:00,42.645,42.495,42.645,42.495,0,1138.0,,
1139,2018-12-10 00:00:00,42.33,41.78,42.33,41.78,2288,1139.0,,
1140,2018-12-11 00:00:00,42.125,42.31,42.57,42.125,4297,1140.0,,
1141,2018-12-12 00:00:00,42.345,42.87,42.935,42.345,62869,1141.0,,
1142,2018-12-13 00:00:00,43.13,42.875,43.13,42.82,16405,1142.0,,
1143,2018-12-14 00:00:00,42.54,42.595,42.745,42.54,1837,1143.0,,
1144,2018-12-17 00:00:00,42.435,42.145,42.455,42.145,322,1144.0,,
1145,2018-12-18 00:00:00,41.92,41.875,42.185,41.875,14522,1145.0,,
1146,2018-12-19 00:00:00,41.96,42.075,42.135,41.96,3004,1146.0,,
1147,2018-12-20 00:00:00,41.415,41.335,41.545,41.335,12252,1147.0,,
1148,2018-12-21 00:00:00,41.13,41.33,41.33,40.87,94481,1148.0,,
1149,2018-12-24 00:00:00,40.885,40.6,40.885,40.6,2,1149.0,,
1150,2018-12-27 00:00:00,40.625,40.425,40.63,40.285,2552,1150.0,,
1151,2018-12-28 00:00:00,40.66,41.04,41.14,40.66,16434,1151.0,,
1152,2018-12-31 00:00:00,41.345,41.48,41.48,41.345,0,1152.0,,
1153,2019-01-02 00:00:00,40.88,41.22,41.22,40.765,391,1153.0,,
1154,2019-01-03 00:00:00,40.875,40.735,41.065,40.735,5344,1154.0,,
1155,2019-01-04 00:00:00,41.175,41.93,41.93,41.175,282,1155.0,,
1156,2019-01-07 00:00:00,42.045,41.905,42.045,41.76,96,1156.0,,
1157,2019-01-08 00:00:00,41.985,42.235,42.37,41.985,3499,1157.0,,
1158,2019-01-09 00:00:00,42.565,42.52,42.71,42.465,24204,1158.0,,
1159,2019-01-10 00:00:00,42.295,42.59,42.59,42.255,4023,1159.0,,
1160,2019-01-11 00:00:00,42.68,42.51,42.68,42.405,1613,1160.0,,
1161,2019-01-14 00:00:00,42.37,42.285,42.37,42.07,1513,1161.0,,
1162,2019-01-15 00:00:00,42.83,42.46,42.83,42.365,1029,1162.0,,
1163,2019-01-16 00:00:00,42.64,42.71,42.71,42.505,701,1163.0,,
1164,2019-01-17 00:00:00,42.43,42.68,42.68,42.43,1632,1164.0,,
1165,2019-01-18 00:00:00,42.925,43.465,43.465,42.925,24036,1165.0,,
1166,2019-01-21 00:00:00,43.395,43.38,43.42,43.345,949,1166.0,,
1167,2019-01-22 00:00:00,43.215,43.205,43.25,43.08,7036,1167.0,,
1168,2019-01-23 00:00:00,42.97,43.24,43.495,42.96,93,1168.0,,
1169,2019-01-24 00:00:00,43.25,43.465,43.5,43.25,15088,1169.0,,
1170,2019-01-25 00:00:00,43.75,43.935,43.97,43.75,10744,1170.0,,
1171,2019-01-28 00:00:00,43.79,43.585,43.815,43.585,149,1171.0,,
1172,2019-01-29 00:00:00,43.545,43.79,43.965,43.545,1242,1172.0,,
1173,2019-01-30 00:00:00,43.845,43.93,43.93,43.805,61,1173.0,,
1174,2019-01-31 00:00:00,44.125,43.89,44.125,43.585,5137,1174.0,,
1175,2019-02-01 00:00:00,43.935,43.955,44.01,43.79,4683,1175.0,,
1176,2019-02-04 00:00:00,44.03,43.925,44.03,43.71,966,1176.0,,
1177,2019-02-05 00:00:00,43.95,44.66,44.66,43.95,22816,1177.0,,
1178,2019-02-06 00:00:00,44.59,44.715,44.74,44.505,1756,1178.0,,
1179,2019-02-07 00:00:00,44.57,43.82,44.57,43.82,10672,1179.0,,
1180,2019-02-08 00:00:00,43.77,43.485,43.915,43.485,5911,1180.0,,
1181,2019-02-11 00:00:00,43.68,43.9,43.965,43.68,339,1181.0,,
1182,2019-02-12 00:00:00,44.235,44.235,44.235,44.235,0,1182.0,,
1183,2019-02-13 00:00:00,44.38,44.425,44.45,44.35,684,1183.0,,
1184,2019-02-14 00:00:00,44.73,44.235,44.73,44.235,5993,1184.0,,
1185,2019-02-15 00:00:00,44.22,44.975,44.975,44.22,1238,1185.0,,
1186,2019-02-18 00:00:00,45.0,45.11,45.11,45.0,23827,1186.0,,
1187,2019-02-19 00:00:00,45.075,45.01,45.075,44.86,2337,1187.0,,
1188,2019-02-20 00:00:00,45.23,45.305,45.305,45.055,938,1188.0,,
1189,2019-02-21 00:00:00,45.36,45.27,45.36,45.21,9200,1189.0,,
1190,2019-02-22 00:00:00,45.265,45.355,45.48,45.265,18149,1190.0,,
1191,2019-02-25 00:00:00,45.6,45.495,45.6,45.46,56,1191.0,,
1192,2019-02-26 00:00:00,45.29,45.555,45.615,45.29,272,1192.0,,
1193,2019-02-27 00:00:00,45.42,45.405,45.42,45.315,5126,1193.0,,
1194,2019-02-28 00:00:00,45.24,45.61,45.62,45.24,11955,1194.0,,
1195,2019-03-01 00:00:00,45.88,45.885,46.025,45.88,2689,1195.0,,
1196,2019-03-04 00:00:00,46.14,45.98,46.14,45.98,4200,1196.0,,
1197,2019-03-05 00:00:00,45.965,46.025,46.11,45.825,27417,1197.0,,
1198,2019-03-06 00:00:00,45.97,45.945,46.12,45.865,28077,1198.0,,
1199,2019-03-07 00:00:00,45.94,45.685,45.94,45.535,418,1199.0,,
1200,2019-03-08 00:00:00,45.445,45.335,45.455,45.18,19467,1200.0,,
1201,2019-03-11 00:00:00,45.55,45.655,45.68,45.38,15266,1201.0,,
1202,2019-03-12 00:00:00,45.88,45.655,45.88,45.655,7,1202.0,,
1203,2019-03-13 00:00:00,45.615,45.875,45.91,45.615,148,1203.0,,
1204,2019-03-14 00:00:00,45.965,46.17,46.19,45.965,797,1204.0,,
1205,2019-03-15 00:00:00,46.065,46.64,46.64,46.065,30196,1205.0,,
1206,2019-03-18 00:00:00,46.67,46.71,46.78,46.65,160,1206.0,,
1207,2019-03-19 00:00:00,46.835,47.06,47.125,46.835,1729,1207.0,,
1208,2019-03-20 00:00:00,46.915,46.555,46.915,46.555,905,1208.0,,
1209,2019-03-21 00:00:00,46.52,46.545,46.545,46.23,1724,1209.0,,
1210,2019-03-22 00:00:00,46.69,45.72,46.69,45.72,2368,1210.0,,
1211,2019-03-25 00:00:00,45.655,45.585,45.655,45.53,6609,1211.0,,
1212,2019-03-26 00:00:00,45.64,45.87,45.87,45.485,259,1212.0,,
1213,2019-03-27 00:00:00,45.99,45.935,46.105,45.775,4125,1213.0,,
1214,2019-03-28 00:00:00,45.965,45.84,46.09,45.82,6460,1214.0,,
1215,2019-03-29 00:00:00,46.135,46.225,46.225,45.95,1960,1215.0,,
1216,2019-04-01 00:00:00,46.595,46.77,46.77,46.575,461,1216.0,,
1217,2019-04-02 00:00:00,46.93,46.945,46.945,46.835,549,1217.0,,
1218,2019-04-03 00:00:00,47.335,47.505,47.525,47.31,6454,1218.0,,
1219,2019-04-04 00:00:00,47.485,47.545,47.6,47.44,20077,1219.0,,
1220,2019-04-05 00:00:00,47.61,47.63,47.63,47.57,6439,1220.0,,
1221,2019-04-08 00:00:00,47.57,47.49,47.58,47.455,845,1221.0,,
1222,2019-04-09 00:00:00,47.395,47.205,47.395,47.205,37,1222.0,,
1223,2019-04-10 00:00:00,47.255,47.32,47.42,47.255,13047,1223.0,,
1224,2019-04-11 00:00:00,47.425,47.52,47.52,47.425,10,1224.0,,
1225,2019-04-12 00:00:00,47.475,47.755,47.755,47.38,1305,1225.0,,
1226,2019-04-15 00:00:00,47.915,47.845,47.915,47.785,2664,1226.0,,
1227,2019-04-16 00:00:00,47.91,48.035,48.035,47.91,3066,1227.0,,
1228,2019-04-17 00:00:00,48.105,48.2,48.29,47.99,15715,1228.0,,
1229,2019-04-18 00:00:00,48.235,48.345,48.37,47.93,6931,1229.0,,
1230,2019-04-23 00:00:00,48.4,48.46,48.46,48.23,2326,1230.0,,
1231,2019-04-24 00:00:00,48.335,48.385,48.385,48.305,60,1231.0,,
1232,2019-04-25 00:00:00,48.445,48.26,48.445,48.215,565,1232.0,,
1233,2019-04-26 00:00:00,48.305,48.4,48.4,48.23,2469,1233.0,,
1234,2019-04-29 00:00:00,48.39,48.51,48.51,48.255,2199,1234.0,,
1235,2019-04-30 00:00:00,48.425,48.615,48.615,48.41,3,1235.0,,
1236,2019-05-02 00:00:00,48.495,48.395,48.58,48.395,2430,1236.0,,
1237,2019-05-03 00:00:00,48.405,48.49,48.57,48.405,1221,1237.0,,
1238,2019-05-06 00:00:00,47.49,47.99,47.99,47.49,101,1238.0,,
1239,2019-05-07 00:00:00,48.045,47.34,48.045,47.34,102,1239.0,,
1240,2019-05-08 00:00:00,47.41,47.5,47.5,47.255,297,1240.0,,
1241,2019-05-09 00:00:00,47.15,46.675,47.15,46.65,2612,1241.0,,
1242,2019-05-10 00:00:00,47.13,46.84,47.19,46.84,13282,1242.0,,
1243,2019-05-13 00:00:00,46.915,46.2,46.915,46.145,779,1243.0,,
1244,2019-05-14 00:00:00,46.425,46.78,46.78,46.425,5506,1244.0,,
1245,2019-05-15 00:00:00,46.985,47.05,47.05,46.585,530,1245.0,,
1246,2019-05-16 00:00:00,46.98,47.705,47.705,46.93,13836,1246.0,,
1247,2019-05-17 00:00:00,47.525,47.525,47.525,47.245,7125,1247.0,,
1248,2019-05-20 00:00:00,47.45,46.9,47.56,46.865,2925,1248.0,,
1249,2019-05-21 00:00:00,47.105,47.23,47.255,46.995,433,1249.0,,
1250,2019-05-22 00:00:00,47.165,47.205,47.38,46.92,8855,1250.0,,
1251,2019-05-23 00:00:00,46.885,46.505,46.885,46.4,498,1251.0,,
1252,2019-05-24 00:00:00,46.66,46.705,46.825,46.66,4724,1252.0,,
1253,2019-05-27 00:00:00,47.045,46.89,47.045,46.845,162,1253.0,,
1254,2019-05-28 00:00:00,46.965,46.745,46.965,46.62,5599,1254.0,,
1255,2019-05-29 00:00:00,46.15,46.05,46.185,46.0,991,1255.0,,
1256,2019-05-30 00:00:00,46.315,46.36,46.36,46.315,104,1256.0,,
1257,2019-05-31 00:00:00,45.96,45.89,45.96,45.6,105,1257.0,,
1258,2019-06-03 00:00:00,45.6,46.095,46.095,45.56,13792,1258.0,,
1259,2019-06-04 00:00:00,45.795,46.51,46.51,45.795,473,1259.0,,
1260,2019-06-05 00:00:00,46.52,46.62,46.73,46.485,15626,1260.0,,
1261,2019-06-06 00:00:00,46.655,46.535,47.01,46.535,10202,1261.0,,
1262,2019-06-07 00:00:00,46.73,47.05,47.09,46.73,575,1262.0,,
1263,2019-06-10 00:00:00,47.22,47.28,47.28,47.2,7,1263.0,,
1264,2019-06-11 00:00:00,47.32,47.515,47.68,47.32,2182,1264.0,,
1265,2019-06-12 00:00:00,47.325,47.31,47.38,47.21,173,1265.0,,
1266,2019-06-13 00:00:00,47.21,47.36,47.455,47.21,3947,1266.0,,
1267,2019-06-14 00:00:00,47.17,47.155,47.195,47.05,1332,1267.0,,
1268,2019-06-17 00:00:00,47.195,47.165,47.27,47.165,6496,1268.0,,
1269,2019-06-18 00:00:00,47.095,48.06,48.08,46.945,21728,1269.0,,
1270,2019-06-19 00:00:00,48.105,48.14,48.15,48.03,1419,1270.0,,
1271,2019-06-20 00:00:00,48.48,48.265,48.535,48.265,10244,1271.0,,
1272,2019-06-21 00:00:00,48.395,48.195,48.45,48.155,27365,1272.0,,
1273,2019-06-24 00:00:00,48.205,48.04,48.205,48.04,407,1273.0,,
1274,2019-06-25 00:00:00,47.86,47.9,47.945,47.855,1821,1274.0,,
1275,2019-06-26 00:00:00,47.86,47.85,48.05,47.85,360,1275.0,,
1276,2019-06-27 00:00:00,47.905,47.855,47.945,47.84,12611,1276.0,,
1277,2019-06-28 00:00:00,47.91,48.24,48.24,47.91,6099,1277.0,,
1278,2019-07-01 00:00:00,48.88,48.625,48.88,48.625,872,1278.0,,
1279,2019-07-02 00:00:00,48.665,48.685,48.71,48.555,16669,1279.0,,
1280,2019-07-03 00:00:00,48.81,49.2,49.2,48.81,11001,1280.0,,
1281,2019-07-04 00:00:00,49.33,49.305,49.33,49.225,9923,1281.0,,
1282,2019-07-05 00:00:00,49.28,49.015,49.28,48.89,17515,1282.0,,
1283,2019-07-08 00:00:00,48.95,48.905,49.05,48.81,6601,1283.0,,
1284,2019-07-09 00:00:00,48.635,48.655,48.655,48.445,5131,1284.0,,
1285,2019-07-10 00:00:00,47.32,47.175,47.32,47.0,11442,1285.0,,
1286,2019-07-11 00:00:00,47.33,47.12,47.33,47.12,6524,1286.0,,
1287,2019-07-12 00:00:00,47.145,47.185,47.185,47.12,3389,1287.0,,
1288,2019-07-15 00:00:00,47.315,47.315,47.35,47.125,1907,1288.0,,
1289,2019-07-16 00:00:00,47.335,47.545,47.55,47.315,768,1289.0,,
1290,2019-07-17 00:00:00,47.54,47.275,47.58,47.205,125843,1290.0,,
1291,2019-07-18 00:00:00,46.905,47.025,47.195,46.905,11676,1291.0,,
1292,2019-07-19 00:00:00,47.275,47.02,47.275,46.93,2327,1292.0,,
1293,2019-07-22 00:00:00,47.175,47.15,47.21,47.025,5738,1293.0,,
1294,2019-07-23 00:00:00,47.42,47.74,47.855,47.42,1062,1294.0,,
1295,2019-07-24 00:00:00,47.775,47.91,47.91,47.66,5876,1295.0,,
1296,2019-07-25 00:00:00,48.115,47.605,48.32,47.53,7419,1296.0,,
1297,2019-07-26 00:00:00,47.605,47.73,47.73,47.595,5919,1297.0,,
1298,2019-07-29 00:00:00,47.6,47.665,47.775,47.59,6643,1298.0,,
1299,2019-07-30 00:00:00,47.755,46.84,47.755,46.84,654,1299.0,,
1300,2019-07-31 00:00:00,46.82,46.97,47.065,46.79,105428,1300.0,,
1301,2019-08-01 00:00:00,46.8,47.27,47.27,46.8,4294,1301.0,,
1302,2019-08-02 00:00:00,46.31,45.935,46.365,45.935,4483,1302.0,,
1303,2019-08-05 00:00:00,45.56,44.935,45.56,44.845,68559,1303.0,,
1304,2019-08-06 00:00:00,45.02,44.745,45.295,44.745,33148,1304.0,,
1305,2019-08-07 00:00:00,44.92,44.96,45.31,44.92,9289,1305.0,,
1306,2019-08-08 00:00:00,45.58,45.785,45.785,45.38,19738,1306.0,,
1307,2019-08-09 00:00:00,45.635,45.245,45.635,45.245,1897,1307.0,,
1308,2019-08-12 00:00:00,45.77,45.075,45.77,45.055,154,1308.0,,
1309,2019-08-13 00:00:00,44.915,45.375,45.385,44.655,9508,1309.0,,
1310,2019-08-14 00:00:00,45.32,44.455,45.32,44.455,2472,1310.0,,
1311,2019-08-15 00:00:00,44.59,44.275,44.59,44.03,7113,1311.0,,
1312,2019-08-16 00:00:00,44.44,44.925,44.925,44.44,15085,1312.0,,
1313,2019-08-19 00:00:00,45.375,45.52,45.52,45.27,2691,1313.0,,
1314,2019-08-20 00:00:00,45.55,45.185,45.55,45.185,16283,1314.0,,
1315,2019-08-21 00:00:00,45.44,45.84,45.84,45.44,0,1315.0,,
1316,2019-08-22 00:00:00,45.675,45.585,46.0,45.585,22875,1316.0,,
1317,2019-08-23 00:00:00,45.82,45.09,45.82,45.09,14974,1317.0,,
1318,2019-08-26 00:00:00,44.965,45.26,45.26,44.935,4731,1318.0,,
1319,2019-08-27 00:00:00,45.155,45.565,45.59,45.15,40,1319.0,,
1320,2019-08-28 00:00:00,45.385,45.44,45.44,45.125,1220,1320.0,,
1321,2019-08-29 00:00:00,45.395,46.055,46.055,45.395,1255,1321.0,,
1322,2019-08-30 00:00:00,46.11,46.36,46.5,46.11,406,1322.0,,
1323,2019-09-02 00:00:00,46.465,46.435,46.465,46.435,0,1323.0,,
1324,2019-09-03 00:00:00,46.36,46.27,46.36,46.27,4782,1324.0,,
1325,2019-09-04 00:00:00,46.68,46.77,46.795,46.68,37,1325.0,,
1326,2019-09-05 00:00:00,47.165,47.24,47.285,47.085,286,1326.0,,
1327,2019-09-06 00:00:00,47.32,47.365,47.38,47.235,5789,1327.0,,
1328,2019-09-09 00:00:00,47.45,47.385,47.45,47.305,7685,1328.0,,
1329,2019-09-10 00:00:00,47.335,47.45,47.45,47.165,10213,1329.0,,
1330,2019-09-11 00:00:00,47.61,47.67,47.71,47.61,1377,1330.0,,
1331,2019-09-12 00:00:00,47.835,47.94,48.05,47.405,8157,1331.0,,
1332,2019-09-13 00:00:00,47.995,48.085,48.145,47.995,1149,1332.0,,
1333,2019-09-16 00:00:00,47.825,47.69,47.825,47.69,310,1333.0,,
1334,2019-09-17 00:00:00,47.7,47.63,47.7,47.61,30,1334.0,,
1335,2019-09-18 00:00:00,47.62,47.685,47.71,47.62,54,1335.0,,
1336,2019-09-19 00:00:00,47.675,48.0,48.0,47.675,146,1336.0,,
1337,2019-09-20 00:00:00,48.01,48.115,48.2,48.01,851,1337.0,,
1338,2019-09-23 00:00:00,48.115,47.655,48.115,47.575,1217,1338.0,,
1339,2019-09-24 00:00:00,47.79,47.625,47.79,47.625,1415,1339.0,,
1340,2019-09-25 00:00:00,47.405,47.345,47.405,46.925,10746,1340.0,,
1341,2019-09-26 00:00:00,47.34,47.645,47.645,47.34,216,1341.0,,
1342,2019-09-27 00:00:00,47.805,47.865,47.865,47.79,18,1342.0,,
1343,2019-09-30 00:00:00,47.81,48.1,48.1,47.81,429,1343.0,,
1344,2019-10-01 00:00:00,48.31,47.515,48.37,47.515,173,1344.0,,
1345,2019-10-02 00:00:00,47.44,46.22,47.44,46.22,12658,1345.0,,
1346,2019-10-03 00:00:00,46.255,46.29,46.505,46.255,2010,1346.0,,
1347,2019-10-04 00:00:00,46.365,46.685,46.685,46.365,371,1347.0,,
1348,2019-10-07 00:00:00,46.6,47.025,47.025,46.6,112,1348.0,,
1349,2019-10-08 00:00:00,46.99,46.465,46.99,46.465,7799,1349.0,,
1350,2019-10-09 00:00:00,46.365,46.795,46.845,46.365,5313,1350.0,,
1351,2019-10-10 00:00:00,46.835,47.18,47.18,46.695,157,1351.0,,
1352,2019-10-11 00:00:00,47.305,48.155,48.155,47.305,215,1352.0,,
1353,2019-10-14 00:00:00,47.915,48.005,48.03,47.82,3079,1353.0,,
1354,2019-10-15 00:00:00,48.365,48.54,48.54,48.215,50,1354.0,,
1355,2019-10-16 00:00:00,48.54,48.51,48.585,48.38,14308,1355.0,,
1356,2019-10-17 00:00:00,48.475,48.425,48.97,48.425,12967,1356.0,,
1357,2019-10-18 00:00:00,48.305,48.215,48.455,48.165,245,1357.0,,
1358,2019-10-21 00:00:00,48.345,48.54,48.645,48.345,27325,1358.0,,
1359,2019-10-22 00:00:00,48.565,48.585,48.605,48.425,2468,1359.0,,
1360,2019-10-23 00:00:00,48.315,48.53,48.585,48.315,4885,1360.0,,
1361,2019-10-24 00:00:00,48.685,48.76,48.795,48.685,1985,1361.0,,
1362,2019-10-25 00:00:00,48.86,48.8,48.905,48.8,339,1362.0,,
1363,2019-10-28 00:00:00,48.8,48.925,49.0,48.755,753,1363.0,,
1364,2019-10-29 00:00:00,48.845,48.855,48.855,48.715,8586,1364.0,,
1365,2019-10-30 00:00:00,48.87,48.86,48.875,48.6,9829,1365.0,,
1366,2019-10-31 00:00:00,48.875,48.66,48.875,48.64,8155,1366.0,,
1367,2019-11-01 00:00:00,48.82,49.01,49.025,48.82,278,1367.0,,
1368,2019-11-04 00:00:00,49.255,49.55,49.55,49.255,0,1368.0,,
1369,2019-11-05 00:00:00,49.56,49.71,49.71,49.56,893,1369.0,,
1370,2019-11-06 00:00:00,49.7,49.81,49.835,49.635,4503,1370.0,,
1371,2019-11-07 00:00:00,50.04,50.06,50.06,50.04,4503,1371.0,,
1372,2019-11-08 00:00:00,49.905,49.945,49.96,49.905,17068,1372.0,,
1373,2019-11-11 00:00:00,49.855,49.795,49.925,49.76,902,1373.0,,
1374,2019-11-12 00:00:00,50.05,50.12,50.13,50.02,321,1374.0,,
1375,2019-11-13 00:00:00,49.98,49.875,49.98,49.65,51,1375.0,,
1376,2019-11-14 00:00:00,49.86,49.72,49.88,49.72,436,1376.0,,
1377,2019-11-15 00:00:00,49.965,50.04,50.04,49.785,4337,1377.0,,
1378,2019-11-18 00:00:00,50.07,49.945,50.12,49.745,3856,1378.0,,
1379,2019-11-19 00:00:00,50.08,49.845,50.32,49.845,4740,1379.0,,
1380,2019-11-20 00:00:00,49.515,49.705,49.705,49.435,223,1380.0,,
1381,2019-11-21 00:00:00,49.35,49.56,49.6,49.195,6316,1381.0,,
1382,2019-11-22 00:00:00,49.68,49.695,49.845,49.67,579,1382.0,,
1383,2019-11-25 00:00:00,49.97,50.01,50.01,49.915,1667,1383.0,,
1384,2019-11-26 00:00:00,49.97,50.08,50.08,49.94,1061,1384.0,,
1385,2019-11-27 00:00:00,50.21,50.18,50.26,50.09,725,1385.0,,
1386,2019-11-28 00:00:00,49.995,50.02,50.02,49.975,425,1386.0,,
1387,2019-11-29 00:00:00,49.87,49.935,50.03,49.87,1448,1387.0,,
1388,2019-12-02 00:00:00,50.04,49.015,50.24,49.015,10611,1388.0,,
1389,2019-12-03 00:00:00,49.125,48.805,49.28,48.78,1973,1389.0,,
1390,2019-12-04 00:00:00,48.915,49.41,49.41,48.915,549,1390.0,,
1391,2019-12-05 00:00:00,49.505,49.305,49.555,49.305,59,1391.0,,
1392,2019-12-06 00:00:00,49.455,49.84,49.84,49.44,5831,1392.0,,
1393,2019-12-09 00:00:00,50.0,49.625,50.0,49.625,2877,1393.0,,
1394,2019-12-10 00:00:00,49.44,49.575,49.575,49.15,733,1394.0,,
1395,2019-12-11 00:00:00,49.425,49.54,49.54,49.425,452,1395.0,,
1396,2019-12-12 00:00:00,49.675,49.805,50.03,49.49,56370,1396.0,,
1397,2019-12-13 00:00:00,50.4,50.02,50.41,50.02,9695,1397.0,,
1398,2019-12-16 00:00:00,50.27,50.63,50.8,50.27,5189,1398.0,,
1399,2019-12-17 00:00:00,50.52,50.38,50.52,50.35,12502,1399.0,,
1400,2019-12-18 00:00:00,50.33,50.31,50.49,50.31,18982,1400.0,,
1401,2019-12-19 00:00:00,50.38,50.34,50.41,50.13,1890,1401.0,,
1402,2019-12-20 00:00:00,50.43,50.77,50.77,50.43,3662,1402.0,,
1403,2019-12-23 00:00:00,50.8,50.78,50.8,50.7,1948,1403.0,,
1404,2019-12-24 00:00:00,50.73,50.78,50.84,50.73,15,1404.0,,
1405,2019-12-27 00:00:00,50.91,50.84,50.91,50.81,1375,1405.0,,
1406,2019-12-30 00:00:00,50.77,50.28,50.77,50.28,9538,1406.0,,
1407,2019-12-31 00:00:00,50.28,50.18,50.28,50.18,0,1407.0,,
1408,2020-01-02 00:00:00,50.58,50.95,51.0,50.58,263,1408.0,,
1409,2020-01-03 00:00:00,50.72,50.72,50.75,50.49,2028,1409.0,,
1410,2020-01-06 00:00:00,50.35,50.47,50.52,50.0,577,1410.0,,
1411,2020-01-07 00:00:00,50.72,50.62,50.89,50.62,1125,1411.0,,
1412,2020-01-08 00:00:00,50.41,50.77,50.81,50.41,4241,1412.0,,
1413,2020-01-09 00:00:00,51.2,51.06,51.2,51.06,1329,1413.0,,
1414,2020-01-10 00:00:00,51.12,50.99,51.15,50.99,136,1414.0,,
1415,2020-01-13 00:00:00,51.05,50.92,51.12,50.86,11351,1415.0,,
1416,2020-01-14 00:00:00,50.93,50.95,50.99,50.57,1298,1416.0,,
1417,2020-01-15 00:00:00,51.17,50.88,51.17,50.88,405,1417.0,,
1418,2020-01-16 00:00:00,51.02,51.0,51.02,50.88,119,1418.0,,
1419,2020-01-17 00:00:00,51.29,51.42,51.45,51.29,2491,1419.0,,
1420,2020-01-20 00:00:00,51.37,51.4,51.46,51.35,370,1420.0,,
1421,2020-01-21 00:00:00,51.01,51.24,51.24,50.95,1004,1421.0,,
1422,2020-01-22 00:00:00,51.32,51.04,51.32,51.04,254,1422.0,,
1423,2020-01-23 00:00:00,50.88,50.67,50.9,50.59,2262,1423.0,,
1424,2020-01-24 00:00:00,51.13,51.18,51.38,51.13,140,1424.0,,
1425,2020-01-27 00:00:00,50.51,49.9,50.51,49.9,928,1425.0,,
1426,2020-01-28 00:00:00,50.15,50.47,50.47,49.915,932,1426.0,,
1427,2020-01-29 00:00:00,50.45,50.67,50.67,50.45,16,1427.0,,
1428,2020-01-30 00:00:00,50.11,50.09,50.37,49.99,251,1428.0,,
1429,2020-01-31 00:00:00,50.27,49.47,50.27,49.47,428,1429.0,,
1430,2020-02-03 00:00:00,49.585,49.735,49.75,49.585,45,1430.0,,
1431,2020-02-04 00:00:00,50.03,50.58,50.58,50.03,1118,1431.0,,
1432,2020-02-05 00:00:00,50.44,51.23,51.24,50.44,607,1432.0,,
1433,2020-02-06 00:00:00,51.58,51.58,51.58,51.46,1021,1433.0,,
1434,2020-02-07 00:00:00,51.46,51.45,51.48,51.39,2390,1434.0,,
1435,2020-02-10 00:00:00,51.34,51.38,51.38,51.31,49,1435.0,,
1436,2020-02-11 00:00:00,51.75,51.84,51.89,51.75,193,1436.0,,
1437,2020-02-12 00:00:00,51.97,52.28,52.28,51.97,28969,1437.0,,
1438,2020-02-13 00:00:00,51.86,52.2,52.2,51.78,1774,1438.0,,
1439,2020-02-14 00:00:00,52.21,52.17,52.32,52.17,186,1439.0,,
1440,2020-02-17 00:00:00,52.27,52.3,52.33,52.23,1349,1440.0,,
1441,2020-02-18 00:00:00,52.11,52.06,52.11,51.99,2192,1441.0,,
1442,2020-02-19 00:00:00,52.27,52.41,52.51,52.27,291,1442.0,,
1443,2020-02-20 00:00:00,52.57,52.02,52.57,52.02,46,1443.0,,
1444,2020-02-21 00:00:00,51.71,51.69,51.93,51.6,402,1444.0,,
1445,2020-02-24 00:00:00,50.47,49.665,50.47,49.425,2061,1445.0,,
1446,2020-02-25 00:00:00,49.76,48.72,49.85,48.72,1319,1446.0,,
1447,2020-02-26 00:00:00,48.52,48.815,49.02,47.87,3807,1447.0,,
1448,2020-02-27 00:00:00,48.02,47.17,48.02,46.87,1257,1448.0,,
1449,2020-02-28 00:00:00,46.04,45.505,46.04,45.0,1768,1449.0,,
1450,2020-03-02 00:00:00,46.17,45.61,46.38,45.03,4329,1450.0,,
1451,2020-03-03 00:00:00,46.255,46.085,46.935,46.085,1144,1451.0,,
1452,2020-03-04 00:00:00,46.125,46.66,46.875,46.125,951,1452.0,,
1453,2020-03-05 00:00:00,46.755,45.84,46.755,45.795,330,1453.0,,
1454,2020-03-06 00:00:00,45.01,44.19,45.09,43.985,2081,1454.0,,
1455,2020-03-09 00:00:00,41.35,40.655,41.72,40.655,1780,1455.0,,
1456,2020-03-10 00:00:00,41.08,39.97,42.175,39.895,5254,1456.0,,
1457,2020-03-11 00:00:00,40.545,39.78,40.82,39.755,380,1457.0,,
1458,2020-03-12 00:00:00,37.775,34.92,37.775,34.92,5941,1458.0,,
1459,2020-03-13 00:00:00,36.645,35.455,37.8,35.04,2126,1459.0,,
1460,2020-03-16 00:00:00,34.14,33.295,34.15,31.445,7009,1460.0,,
1461,2020-03-17 00:00:00,34.7,34.005,34.7,32.915,88403,1461.0,,
1462,2020-03-18 00:00:00,33.48,32.4,33.48,32.4,5039,1462.0,,
1463,2020-03-19 00:00:00,33.28,32.22,33.555,32.22,2126,1463.0,,
1464,2020-03-20 00:00:00,35.35,34.7,35.35,34.7,250,1464.0,,
1465,2020-03-23 00:00:00,33.6,33.72,34.425,33.6,726,1465.0,,
1466,2020-03-24 00:00:00,35.725,36.595,36.595,35.725,5000,1466.0,,
1467,2020-03-25 00:00:00,37.84,37.72,37.985,36.645,719,1467.0,,
1468,2020-03-26 00:00:00,37.04,38.4,38.4,36.96,940,1468.0,,
1469,2020-03-27 00:00:00,37.675,36.95,37.71,36.645,382,1469.0,,
1470,2020-03-30 00:00:00,37.06,37.25,37.25,36.32,190,1470.0,,
1471,2020-03-31 00:00:00,37.715,37.725,38.09,37.24,5837,1471.0,,
1472,2020-04-01 00:00:00,36.755,36.38,36.755,36.38,96,1472.0,,
1473,2020-04-02 00:00:00,36.89,36.535,36.89,36.005,679,1473.0,,
1474,2020-04-03 00:00:00,36.22,36.175,36.4,36.175,445,1474.0,,
1475,2020-04-06 00:00:00,37.39,37.81,37.815,37.37,207,1475.0,,
1476,2020-04-07 00:00:00,38.965,38.67,38.965,38.67,0,1476.0,,
1477,2020-04-08 00:00:00,38.47,38.675,38.675,38.1,157,1477.0,,
1478,2020-04-09 00:00:00,39.2,39.32,39.43,38.71,1219,1478.0,,
1479,2020-04-14 00:00:00,39.505,39.56,39.96,39.49,1343,1479.0,,
1480,2020-04-15 00:00:00,39.755,38.16,39.755,38.12,4486,1480.0,,
1481,2020-04-16 00:00:00,38.6,38.18,38.695,38.04,1299,1481.0,,
1482,2020-04-17 00:00:00,39.265,39.195,39.53,39.12,1204,1482.0,,
1483,2020-04-20 00:00:00,39.33,39.37,39.37,38.77,1170,1483.0,,
1484,2020-04-21 00:00:00,38.895,38.045,38.895,38.045,895,1484.0,,
1485,2020-04-22 00:00:00,38.25,38.66,38.66,38.25,1979,1485.0,,
1486,2020-04-23 00:00:00,38.835,38.985,38.985,38.57,11,1486.0,,
1487,2020-04-24 00:00:00,38.365,38.5,38.76,38.365,143,1487.0,,
1488,2020-04-27 00:00:00,39.3,39.415,39.415,39.2,2741,1488.0,,
1489,2020-04-28 00:00:00,39.475,40.03,40.24,39.47,706,1489.0,,
1490,2020-04-29 00:00:00,40.38,40.965,40.965,40.05,305,1490.0,,
1491,2020-04-30 00:00:00,41.03,40.18,41.03,40.18,928,1491.0,,
1492,2020-05-04 00:00:00,38.93,38.715,38.97,38.715,472,1492.0,,
1493,2020-05-05 00:00:00,39.33,39.565,39.565,39.33,119,1493.0,,
1494,2020-05-06 00:00:00,39.535,39.25,39.63,39.25,1024,1494.0,,
1495,2020-05-07 00:00:00,39.535,39.8,39.8,39.44,1676,1495.0,,
1496,2020-05-08 00:00:00,40.195,40.25,40.25,40.135,630,1496.0,,
1497,2020-05-11 00:00:00,40.475,39.96,40.515,39.755,1993,1497.0,,
1498,2020-05-12 00:00:00,39.91,39.99,40.015,39.895,5539,1498.0,,
1499,2020-05-13 00:00:00,39.52,39.065,39.52,39.065,22,1499.0,,
1500,2020-05-14 00:00:00,38.45,38.315,38.66,37.84,6166,1500.0,,
1501,2020-05-15 00:00:00,38.85,38.445,38.85,38.405,398,1501.0,,
1502,2020-05-18 00:00:00,39.31,40.285,40.335,39.31,13827,1502.0,,
1503,2020-05-19 00:00:00,40.55,40.01,40.55,39.96,3362,1503.0,,
1504,2020-05-20 00:00:00,39.825,40.545,40.545,39.735,1115,1504.0,,
1505,2020-05-21 00:00:00,39.97,40.1,40.1,39.97,1115,1505.0,,
1506,2020-05-22 00:00:00,39.6,40.235,40.37,39.6,20325,1506.0,,
1507,2020-05-25 00:00:00,40.52,41.095,41.095,40.52,585,1507.0,,
1508,2020-05-26 00:00:00,41.58,41.675,41.675,41.4,11859,1508.0,,
1509,2020-05-27 00:00:00,41.805,42.15,42.305,41.805,9509,1509.0,,
1510,2020-05-28 00:00:00,42.46,42.775,42.775,42.46,15008,1510.0,,
1511,2020-05-29 00:00:00,42.32,42.155,42.57,42.155,66,1511.0,,
1512,2020-06-01 00:00:00,42.835,42.83,42.92,42.425,927,1512.0,,
1513,2020-06-02 00:00:00,43.14,43.495,43.64,43.0,5220,1513.0,,
1514,2020-06-03 00:00:00,43.91,44.905,44.905,43.91,12739,1514.0,,
1515,2020-06-04 00:00:00,44.64,44.835,44.965,44.53,1380,1515.0,,
1516,2020-06-05 00:00:00,45.355,46.105,46.115,45.355,1836,1516.0,,
1517,2020-06-08 00:00:00,45.635,45.935,46.1,45.635,4623,1517.0,,
1518,2020-06-09 00:00:00,46.0,45.315,46.0,45.12,1006,1518.0,,
1519,2020-06-10 00:00:00,45.705,44.975,45.705,44.975,8,1519.0,,
1520,2020-06-11 00:00:00,43.96,42.995,44.09,42.995,625,1520.0,,
1521,2020-06-12 00:00:00,42.655,43.21,43.71,42.595,11194,1521.0,,
1522,2020-06-15 00:00:00,42.255,43.08,43.08,42.115,669,1522.0,,
1523,2020-06-16 00:00:00,44.04,44.41,44.855,43.99,663,1523.0,,
1524,2020-06-17 00:00:00,44.51,44.685,44.725,44.48,726,1524.0,,
1525,2020-06-18 00:00:00,44.575,44.42,44.84,44.155,1024,1525.0,,
1526,2020-06-19 00:00:00,44.865,44.61,44.865,44.61,2942,1526.0,,
1527,2020-06-22 00:00:00,44.105,44.545,44.62,44.105,1030,1527.0,,
1528,2020-06-23 00:00:00,44.565,45.0,45.175,44.565,5112,1528.0,,
1529,2020-06-24 00:00:00,44.765,43.62,44.765,43.62,11208,1529.0,,
1530,2020-06-25 00:00:00,43.48,43.98,43.98,43.48,4334,1530.0,,
1531,2020-06-26 00:00:00,44.395,44.49,44.49,44.085,606,1531.0,,
1532,2020-06-29 00:00:00,43.765,44.11,44.11,43.765,6011,1532.0,,
1533,2020-06-30 00:00:00,44.19,44.21,44.29,44.19,12186,1533.0,,
1534,2020-07-01 00:00:00,44.65,44.17,44.65,43.88,378,1534.0,,
1535,2020-07-02 00:00:00,44.57,45.265,45.265,44.57,1,1535.0,,
1536,2020-07-03 00:00:00,45.31,44.975,45.38,44.93,17370,1536.0,,
1537,2020-07-06 00:00:00,45.655,45.72,45.72,45.625,6426,1537.0,,
1538,2020-07-07 00:00:00,45.45,45.38,45.45,45.345,2,1538.0,,
1539,2020-07-08 00:00:00,44.47,44.24,44.525,44.24,897,1539.0,,
1540,2020-07-09 00:00:00,44.49,43.865,44.545,43.865,3441,1540.0,,
1541,2020-07-10 00:00:00,43.67,44.305,44.305,43.67,138,1541.0,,
1542,2020-07-13 00:00:00,44.795,44.93,44.93,44.715,2139,1542.0,,
1543,2020-07-14 00:00:00,44.355,44.565,44.565,44.17,45,1543.0,,
1544,2020-07-15 00:00:00,44.92,45.225,45.225,44.86,38,1544.0,,
1545,2020-07-16 00:00:00,44.965,45.105,45.14,44.965,5031,1545.0,,
1546,2020-07-17 00:00:00,45.255,45.07,45.255,44.955,5389,1546.0,,
1547,2020-07-20 00:00:00,44.91,45.465,45.465,44.91,0,1547.0,,
1548,2020-07-21 00:00:00,45.865,45.67,46.145,45.67,8289,1548.0,,
1549,2020-07-22 00:00:00,45.505,45.295,45.505,45.295,37,1549.0,,
1550,2020-07-23 00:00:00,45.54,45.33,45.54,45.3,50,1550.0,,
1551,2020-07-24 00:00:00,44.72,44.495,44.72,44.395,81,1551.0,,
1552,2020-07-27 00:00:00,44.465,44.38,44.495,44.38,303,1552.0,,
1553,2020-07-28 00:00:00,44.465,44.405,44.465,44.405,315,1553.0,,
1554,2020-07-29 00:00:00,44.445,44.4,44.445,44.395,5042,1554.0,,
1555,2020-07-30 00:00:00,44.325,43.23,44.325,43.0,5033,1555.0,,
1556,2020-07-31 00:00:00,43.345,42.85,43.345,42.85,7150,1556.0,,
1557,2020-08-03 00:00:00,43.02,43.74,43.87,42.995,9479,1557.0,,
1558,2020-08-04 00:00:00,44.075,43.775,44.075,43.65,111,1558.0,,
1559,2020-08-05 00:00:00,44.085,44.03,44.215,43.905,2037,1559.0,,
1560,2020-08-06 00:00:00,43.9,43.72,44.175,43.72,10,1560.0,,
1561,2020-08-07 00:00:00,43.7,43.885,43.94,43.61,491,1561.0,,
1562,2020-08-10 00:00:00,43.995,44.005,44.005,43.975,300,1562.0,,
1563,2020-08-11 00:00:00,44.435,44.9,44.935,44.435,2226,1563.0,,
1564,2020-08-12 00:00:00,44.785,45.345,45.345,44.785,2,1564.0,,
1565,2020-08-13 00:00:00,45.27,45.115,45.27,45.06,242,1565.0,,
1566,2020-08-14 00:00:00,44.89,44.575,44.89,44.575,119,1566.0,,
1567,2020-08-17 00:00:00,44.735,44.65,44.735,44.55,716,1567.0,,
1568,2020-08-18 00:00:00,44.38,44.42,44.805,44.38,248,1568.0,,
1569,2020-08-19 00:00:00,44.285,44.705,44.705,44.285,49,1569.0,,
1570,2020-08-20 00:00:00,44.115,44.16,44.33,44.0,14153,1570.0,,
1571,2020-08-21 00:00:00,44.315,44.04,44.315,43.925,332,1571.0,,
1572,2020-08-24 00:00:00,44.565,44.935,44.935,44.565,8340,1572.0,,
1573,2020-08-25 00:00:00,45.31,44.925,45.33,44.925,695,1573.0,,
1574,2020-08-26 00:00:00,44.765,45.33,45.33,44.765,21583,1574.0,,
1575,2020-08-27 00:00:00,45.325,44.965,45.335,44.965,1887,1575.0,,
1576,2020-08-28 00:00:00,45.035,44.825,45.035,44.635,220,1576.0,,
1577,2020-08-31 00:00:00,45.42,44.35,45.42,44.35,428,1577.0,,
1578,2020-09-01 00:00:00,44.605,44.38,44.605,44.38,865,1578.0,,
1579,2020-09-02 00:00:00,44.735,45.22,45.22,44.735,252,1579.0,,
1580,2020-09-03 00:00:00,45.59,44.56,45.59,44.56,16020,1580.0,,
1581,2020-09-04 00:00:00,44.17,44.045,44.92,44.045,5646,1581.0,,
1582,2020-09-07 00:00:00,44.335,44.775,44.775,44.335,180,1582.0,,
1583,2020-09-08 00:00:00,44.79,44.175,44.79,44.175,3,1583.0,,
1584,2020-09-09 00:00:00,44.32,44.945,44.945,44.32,0,1584.0,,
1585,2020-09-10 00:00:00,45.02,44.855,45.02,44.785,5965,1585.0,,
1586,2020-09-11 00:00:00,44.76,44.855,44.975,44.76,416,1586.0,,
1587,2020-09-14 00:00:00,45.145,44.905,45.155,44.79,12225,1587.0,,
1588,2020-09-15 00:00:00,45.0,45.1,45.21,44.925,2414,1588.0,,
1589,2020-09-16 00:00:00,45.195,45.24,45.33,44.91,8428,1589.0,,
1590,2020-09-17 00:00:00,44.475,44.98,45.05,44.475,3966,1590.0,,
1591,2020-09-18 00:00:00,44.98,44.59,44.99,44.59,2441,1591.0,,
1592,2020-09-21 00:00:00,44.185,42.98,44.185,42.965,322,1592.0,,
1593,2020-09-22 00:00:00,43.265,43.035,43.29,43.035,101,1593.0,,
1594,2020-09-23 00:00:00,43.445,43.245,43.445,43.245,101,1594.0,,
1595,2020-09-24 00:00:00,42.805,42.985,43.245,42.805,3077,1595.0,,
1596,2020-09-25 00:00:00,42.875,42.755,42.925,42.295,14982,1596.0,,
1597,2020-09-28 00:00:00,43.41,43.86,43.86,43.345,7537,1597.0,,
1598,2020-09-29 00:00:00,43.715,43.69,43.73,43.69,25,1598.0,,
1599,2020-09-30 00:00:00,43.485,43.515,43.68,43.365,848,1599.0,,
1600,2020-10-01 00:00:00,43.925,43.64,43.925,43.64,113,1600.0,,
1601,2020-10-02 00:00:00,43.145,43.635,43.635,43.145,52,1601.0,,
1602,2020-10-05 00:00:00,44.11,44.13,44.13,43.985,89,1602.0,,
1603,2020-10-06 00:00:00,44.25,44.31,44.31,44.215,6,1603.0,,
1604,2020-10-07 00:00:00,44.325,44.32,44.325,44.32,0,1604.0,,
1605,2020-10-08 00:00:00,44.645,44.67,44.715,44.645,737,1605.0,,
1606,2020-10-09 00:00:00,44.83,44.85,44.85,44.67,2594,1606.0,,
1607,2020-10-12 00:00:00,44.9,45.185,45.225,44.9,5515,1607.0,,
1608,2020-10-13 00:00:00,45.135,44.9,45.135,44.9,777,1608.0,,
1609,2020-10-14 00:00:00,44.91,44.94,44.94,44.91,29,1609.0,,
1610,2020-10-15 00:00:00,44.36,43.965,44.36,43.82,271,1610.0,,
1611,2020-10-16 00:00:00,44.315,44.59,44.685,44.26,3411,1611.0,,
1612,2020-10-19 00:00:00,44.995,44.64,44.995,44.51,209,1612.0,,
1613,2020-10-20 00:00:00,44.675,44.425,44.71,44.425,564,1613.0,,
1614,2020-10-21 00:00:00,44.425,43.735,44.425,43.735,3130,1614.0,,
1615,2020-10-22 00:00:00,43.33,43.685,43.685,43.33,408,1615.0,,
1616,2020-10-23 00:00:00,43.71,43.925,44.22,43.71,183,1616.0,,
1617,2020-10-26 00:00:00,43.255,43.0,43.58,43.0,714,1617.0,,
1618,2020-10-27 00:00:00,42.985,42.47,42.985,42.47,119,1618.0,,
1619,2020-10-28 00:00:00,41.49,41.085,41.63,41.0,1128,1619.0,,
1620,2020-10-29 00:00:00,41.385,41.045,41.385,40.905,665,1620.0,,
1621,2020-10-30 00:00:00,40.73,41.08,41.14,40.65,140,1621.0,,
1622,2020-11-02 00:00:00,41.135,41.73,41.835,41.1,8131,1622.0,,
1623,2020-11-03 00:00:00,42.21,42.805,42.805,42.095,170,1623.0,,
1624,2020-11-04 00:00:00,42.255,43.64,43.64,42.255,19968,1624.0,,
1625,2020-11-05 00:00:00,44.04,44.29,44.36,44.04,360,1625.0,,
1626,2020-11-06 00:00:00,44.235,44.195,44.235,44.195,22,1626.0,,
1627,2020-11-09 00:00:00,44.73,46.45,46.71,44.73,4707,1627.0,,
1628,2020-11-10 00:00:00,46.565,46.98,47.06,46.555,3696,1628.0,,
1629,2020-11-11 00:00:00,47.17,47.305,47.305,47.0,13888,1629.0,,
1630,2020-11-12 00:00:00,46.98,46.885,47.105,46.885,655,1630.0,,
1631,2020-11-13 00:00:00,46.755,47.0,47.145,46.755,1819,1631.0,,
1632,2020-11-16 00:00:00,47.39,47.57,47.84,47.39,311,1632.0,,
1633,2020-11-17 00:00:00,47.57,47.57,47.585,47.3,2530,1633.0,,
1634,2020-11-18 00:00:00,47.395,47.78,47.78,47.395,2371,1634.0,,
1635,2020-11-19 00:00:00,47.6,47.44,47.6,47.33,369,1635.0,,
1636,2020-11-20 00:00:00,47.49,47.67,47.67,47.49,0,1636.0,,
1637,2020-11-23 00:00:00,47.985,47.595,48.085,47.595,533,1637.0,,
1638,2020-11-24 00:00:00,48.095,48.195,48.195,47.965,12613,1638.0,,
1639,2020-11-25 00:00:00,48.38,48.27,48.38,48.1,12334,1639.0,,
1640,2020-11-26 00:00:00,48.345,48.245,48.345,48.245,845,1640.0,,
1641,2020-11-27 00:00:00,48.205,48.525,48.595,48.205,431,1641.0,,
1642,2020-11-30 00:00:00,48.23,48.07,48.61,48.07,2189,1642.0,,
1643,2020-12-01 00:00:00,48.355,48.465,48.495,48.355,120,1643.0,,
1644,2020-12-02 00:00:00,48.325,48.38,48.435,48.21,1688,1644.0,,
1645,2020-12-03 00:00:00,48.375,48.345,48.4,48.345,67,1645.0,,
1646,2020-12-04 00:00:00,48.42,48.68,48.68,48.42,3333,1646.0,,
1647,2020-12-07 00:00:00,48.57,48.515,48.57,48.21,3889,1647.0,,
1648,2020-12-08 00:00:00,48.44,48.52,48.535,48.295,1490,1648.0,,
1649,2020-12-09 00:00:00,48.52,48.36,48.52,48.36,1589,1649.0,,
1650,2020-12-10 00:00:00,48.44,48.265,48.455,47.92,20927,1650.0,,
1651,2020-12-11 00:00:00,48.115,47.84,48.115,47.43,2782,1651.0,,
1652,2020-12-14 00:00:00,48.26,48.08,48.405,48.08,22816,1652.0,,
1653,2020-12-15 00:00:00,48.075,48.32,48.35,48.075,7688,1653.0,,
1654,2020-12-16 00:00:00,48.49,48.62,48.805,48.49,6495,1654.0,,
1655,2020-12-17 00:00:00,48.965,48.785,48.965,48.75,5055,1655.0,,
1656,2020-12-18 00:00:00,48.695,48.655,48.895,48.655,3234,1656.0,,
1657,2020-12-21 00:00:00,47.625,47.465,47.68,46.81,8725,1657.0,,
1658,2020-12-22 00:00:00,47.74,48.115,48.115,47.74,816,1658.0,,
1659,2020-12-23 00:00:00,48.28,48.645,48.645,48.28,1566,1659.0,,
1660,2020-12-24 00:00:00,48.745,48.715,48.87,48.715,4015,1660.0,,
1661,2020-12-28 00:00:00,49.26,49.16,49.305,49.065,358,1661.0,,
1662,2020-12-29 00:00:00,49.36,49.255,49.465,49.255,4441,1662.0,,
1663,2020-12-30 00:00:00,49.32,49.13,49.34,49.13,15397,1663.0,,
1664,2020-12-31 00:00:00,48.9,48.675,48.9,48.675,60,1664.0,,
1665,2021-01-04 00:00:00,49.48,49.22,49.925,49.22,868,1665.0,,
1666,2021-01-05 00:00:00,49.11,49.04,49.11,48.905,514,1666.0,,
1667,2021-01-06 00:00:00,49.335,49.755,49.755,49.335,376,1667.0,,
1668,2021-01-07 00:00:00,49.94,49.96,50.07,49.75,284,1668.0,,
1669,2021-01-08 00:00:00,50.41,50.29,50.41,50.2,2212,1669.0,,
1670,2021-01-11 00:00:00,50.21,49.925,50.21,49.85,481,1670.0,,
1671,2021-01-12 00:00:00,50.07,49.875,50.13,49.875,2194,1671.0,,
1672,2021-01-13 00:00:00,49.845,49.995,50.07,49.83,2029,1672.0,,
1673,2021-01-14 00:00:00,50.12,50.27,50.27,50.1,1910,1673.0,,
1674,2021-01-15 00:00:00,50.01,49.675,50.08,49.6,2041,1674.0,,
1675,2021-01-18 00:00:00,49.575,49.78,49.78,49.535,2005,1675.0,,
1676,2021-01-19 00:00:00,50.04,49.675,50.12,49.675,689,1676.0,,
1677,2021-01-20 00:00:00,49.855,50.05,50.12,49.855,2298,1677.0,,
1678,2021-01-21 00:00:00,50.44,50.03,50.44,50.03,1215,1678.0,,
1679,2021-01-22 00:00:00,49.875,49.745,49.88,49.475,308,1679.0,,
1680,2021-01-25 00:00:00,50.01,49.105,50.01,49.105,10,1680.0,,
1681,2021-01-26 00:00:00,49.11,49.495,49.725,49.11,8116,1681.0,,
1682,2021-01-27 00:00:00,49.22,48.82,49.52,48.82,47,1682.0,,
1683,2021-01-28 00:00:00,48.61,49.08,49.13,48.61,470,1683.0,,
1684,2021-01-29 00:00:00,48.42,48.24,48.64,48.195,298,1684.0,,
1685,2021-02-01 00:00:00,48.615,48.86,48.925,48.615,3802,1685.0,,
1686,2021-02-02 00:00:00,49.23,49.605,49.605,49.23,564,1686.0,,
1687,2021-02-03 00:00:00,49.765,49.875,49.955,49.68,639,1687.0,,
1688,2021-02-04 00:00:00,49.965,50.29,50.33,49.965,2122,1688.0,,
1689,2021-02-05 00:00:00,50.38,50.47,50.64,50.13,445,1689.0,,
1690,2021-02-08 00:00:00,50.75,50.62,50.76,50.59,600,1690.0,,
1691,2021-02-09 00:00:00,50.6,50.5,50.6,50.39,856,1691.0,,
1692,2021-02-10 00:00:00,50.7,50.33,50.7,50.33,1227,1692.0,,
1693,2021-02-11 00:00:00,50.4,50.59,50.59,50.4,204,1693.0,,
1694,2021-02-12 00:00:00,50.48,50.84,50.84,50.25,740,1694.0,,
1695,2021-02-15 00:00:00,51.08,51.33,51.39,51.08,958,1695.0,,
1696,2021-02-16 00:00:00,51.35,51.26,51.4,51.26,3651,1696.0,,
1697,2021-02-17 00:00:00,50.99,50.85,51.14,50.84,703,1697.0,,
1698,2021-02-18 00:00:00,50.93,50.53,50.95,50.5,223,1698.0,,
1699,2021-02-19 00:00:00,50.69,50.94,50.94,50.69,532,1699.0,,
1700,2021-02-22 00:00:00,50.54,50.66,50.69,50.39,5633,1700.0,,
1701,2021-02-23 00:00:00,50.76,50.45,50.76,50.12,2151,1701.0,,
1702,2021-02-24 00:00:00,50.51,50.65,50.65,50.51,729,1702.0,,
1703,2021-02-25 00:00:00,50.95,50.57,50.95,50.57,309,1703.0,,
1704,2021-02-26 00:00:00,49.925,49.915,50.39,49.755,1716,1704.0,,
1705,2021-03-01 00:00:00,50.71,50.78,50.82,50.55,1487,1705.0,,
1706,2021-03-02 00:00:00,50.69,50.76,50.93,50.69,444,1706.0,,
1707,2021-03-03 00:00:00,51.07,50.82,51.09,50.68,303,1707.0,,
1708,2021-03-04 00:00:00,50.61,50.67,50.7,50.48,8003,1708.0,,
1709,2021-03-05 00:00:00,50.3,50.21,50.56,50.21,10228,1709.0,,
1710,2021-03-08 00:00:00,50.52,51.37,51.37,50.49,494,1710.0,,
1711,2021-03-09 00:00:00,51.3,51.67,51.67,51.3,1271,1711.0,,
1712,2021-03-10 00:00:00,51.61,52.0,52.06,51.61,1455,1712.0,,
1713,2021-03-11 00:00:00,52.29,52.35,52.35,52.13,1874,1713.0,,
1714,2021-03-12 00:00:00,52.13,52.23,52.23,52.07,730,1714.0,,
1715,2021-03-15 00:00:00,52.43,52.2,52.59,52.17,497,1715.0,,
1716,2021-03-16 00:00:00,52.45,52.48,52.52,52.42,834,1716.0,,
1717,2021-03-17 00:00:00,52.52,52.44,52.52,52.37,2338,1717.0,,
1718,2021-03-18 00:00:00,52.72,52.71,52.76,52.55,487,1718.0,,
1719,2021-03-19 00:00:00,52.58,52.27,52.58,52.05,906,1719.0,,
1720,2021-03-22 00:00:00,51.94,52.26,52.26,51.94,657,1720.0,,
1721,2021-03-23 00:00:00,52.04,52.17,52.32,52.04,911,1721.0,,
1722,2021-03-24 00:00:00,51.86,52.23,52.23,51.86,160,1722.0,,
1723,2021-03-25 00:00:00,51.92,52.16,52.16,51.72,2924,1723.0,,
1724,2021-03-26 00:00:00,52.57,52.66,52.66,52.45,44,1724.0,,
1725,2021-03-29 00:00:00,52.83,52.8,52.83,52.76,217,1725.0,,
1726,2021-03-30 00:00:00,53.12,53.3,53.3,52.99,542,1726.0,,
1727,2021-03-31 00:00:00,53.32,53.18,53.35,53.17,652,1727.0,,
1728,2021-04-01 00:00:00,53.37,53.61,53.61,53.37,1071,1728.0,,
1729,2021-04-06 00:00:00,53.74,53.89,54.01,53.74,407,1729.0,,
1730,2021-04-07 00:00:00,53.93,53.79,53.95,53.77,1714,1730.0,,
1731,2021-04-08 00:00:00,54.0,54.03,54.03,53.88,348,1731.0,,
1732,2021-04-09 00:00:00,54.04,54.07,54.13,54.04,366,1732.0,,
1733,2021-04-12 00:00:00,54.02,53.86,54.08,53.86,575,1733.0,,
1734,2021-04-13 00:00:00,54.01,53.99,54.12,53.9,1460,1734.0,,
1735,2021-04-14 00:00:00,54.13,54.09,54.2,54.09,689,1735.0,,
1736,2021-04-15 00:00:00,54.25,54.25,54.3,54.2,799,1736.0,,
1737,2021-04-16 00:00:00,54.36,54.78,54.78,54.36,2209,1737.0,,
1738,2021-04-19 00:00:00,54.87,54.7,54.91,54.7,4158,1738.0,,
1739,2021-04-20 00:00:00,54.7,53.7,54.74,53.7,613,1739.0,,
1740,2021-04-21 00:00:00,54.03,54.07,54.07,53.87,1237,1740.0,,
1741,2021-04-22 00:00:00,54.35,54.6,54.6,54.35,48,1741.0,,
1742,2021-04-23 00:00:00,54.51,54.58,54.64,54.29,390,1742.0,,
1743,2021-04-26 00:00:00,54.61,54.74,54.74,54.55,835,1743.0,,
1744,2021-04-27 00:00:00,54.76,54.68,54.76,54.65,26,1744.0,,
1745,2021-04-28 00:00:00,54.87,54.79,54.89,54.71,469,1745.0,,
1746,2021-04-29 00:00:00,54.96,54.61,55.0,54.61,383,1746.0,,
1747,2021-04-30 00:00:00,54.67,54.37,54.71,54.37,370,1747.0,,
1748,2021-05-03 00:00:00,54.49,54.72,54.78,54.43,929,1748.0,,
1749,2021-05-04 00:00:00,54.79,53.79,54.89,53.79,557,1749.0,,
1750,2021-05-05 00:00:00,54.28,54.84,54.84,54.19,2402,1750.0,,
1751,2021-05-06 00:00:00,55.01,54.83,55.01,54.58,6181,1751.0,,
1752,2021-05-07 00:00:00,55.23,55.36,55.36,55.04,4661,1752.0,,
1753,2021-05-10 00:00:00,55.48,55.29,55.48,55.18,3466,1753.0,,
1754,2021-05-11 00:00:00,54.76,54.29,54.76,53.96,1213,1754.0,,
1755,2021-05-12 00:00:00,54.36,54.31,54.36,54.22,1338,1755.0,,
1756,2021-05-13 00:00:00,53.7,54.39,54.39,53.3,3448,1756.0,,
1757,2021-05-14 00:00:00,54.83,55.19,55.19,54.66,362,1757.0,,
1758,2021-05-17 00:00:00,55.38,55.13,55.42,55.08,2075,1758.0,,
1759,2021-05-18 00:00:00,55.51,55.2,55.54,55.2,190,1759.0,,
1760,2021-05-19 00:00:00,54.63,54.36,54.63,54.36,3,1760.0,,
1761,2021-05-20 00:00:00,54.7,55.12,55.12,54.54,5304,1761.0,,
1762,2021-05-21 00:00:00,55.29,55.46,55.48,55.22,3496,1762.0,,
1763,2021-05-24 00:00:00,55.55,55.73,55.73,55.52,138,1763.0,,
1764,2021-05-25 00:00:00,55.76,55.72,55.87,55.72,693,1764.0,,
1765,2021-05-26 00:00:00,55.94,55.68,55.94,55.68,11760,1765.0,,
1766,2021-05-27 00:00:00,55.65,55.76,55.96,55.56,8450,1766.0,,
1767,2021-05-28 00:00:00,55.95,56.19,56.19,55.95,4,1767.0,,
1768,2021-05-31 00:00:00,56.16,55.84,56.21,55.84,3052,1768.0,,
1769,2021-06-01 00:00:00,56.19,56.28,56.64,56.19,555,1769.0,,
1770,2021-06-02 00:00:00,56.39,56.45,56.45,56.31,65,1770.0,,
1771,2021-06-03 00:00:00,56.42,56.38,56.44,56.18,243,1771.0,,
1772,2021-06-04 00:00:00,56.44,56.54,56.54,56.37,682,1772.0,,
1773,2021-06-07 00:00:00,56.7,56.78,56.79,56.55,5265,1773.0,,
1774,2021-06-08 00:00:00,56.82,56.75,56.94,56.75,672,1774.0,,
1775,2021-06-09 00:00:00,56.82,56.76,56.82,56.76,368,1775.0,,
1776,2021-06-10 00:00:00,56.81,56.7,56.85,56.65,833,1776.0,,
1777,2021-06-11 00:00:00,56.73,57.12,57.12,56.73,244,1777.0,,
1778,2021-06-14 00:00:00,57.46,57.23,57.47,57.23,5352,1778.0,,
1779,2021-06-15 00:00:00,57.48,57.31,57.48,57.31,69,1779.0,,
1780,2021-06-16 00:00:00,57.43,57.39,57.48,57.32,1161,1780.0,,
1781,2021-06-17 00:00:00,57.17,57.43,57.46,57.17,257,1781.0,,
1782,2021-06-18 00:00:00,57.43,56.49,57.43,56.49,548,1782.0,,
1783,2021-06-21 00:00:00,56.41,56.82,56.82,56.08,1473,1783.0,,
1784,2021-06-22 00:00:00,56.88,56.96,56.96,56.66,1099,1784.0,,
1785,2021-06-23 00:00:00,57.11,56.42,57.11,56.42,990,1785.0,,
1786,2021-06-24 00:00:00,56.71,57.14,57.14,56.71,1135,1786.0,,
1787,2021-06-25 00:00:00,57.26,57.21,57.26,57.13,2618,1787.0,,
1788,2021-06-28 00:00:00,57.11,56.76,57.13,56.76,646,1788.0,,
1789,2021-06-29 00:00:00,56.91,57.02,57.2,56.91,508,1789.0,,
1790,2021-06-30 00:00:00,57.02,56.47,57.02,56.27,2552,1790.0,,
1791,2021-07-01 00:00:00,56.96,56.8,56.96,56.42,9128,1791.0,,
1792,2021-07-02 00:00:00,56.91,56.86,56.95,56.81,467,1792.0,,
1793,2021-07-05 00:00:00,56.84,56.95,57.0,56.81,391,1793.0,,
1794,2021-07-06 00:00:00,56.84,56.57,56.87,56.53,2895,1794.0,,
1795,2021-07-07 00:00:00,55.78,55.95,55.96,55.78,515,1795.0,,
1796,2021-07-08 00:00:00,55.48,54.89,55.48,54.69,249,1796.0,,
1797,2021-07-09 00:00:00,55.25,55.79,55.79,55.25,422,1797.0,,
1798,2021-07-12 00:00:00,55.92,56.13,56.13,55.58,2632,1798.0,,
1799,2021-07-13 00:00:00,56.13,56.18,56.2,56.1,482,1799.0,,
1800,2021-07-14 00:00:00,56.08,56.21,56.21,56.08,204,1800.0,,
1801,2021-07-15 00:00:00,55.97,55.57,55.97,55.46,15292,1801.0,,
1802,2021-07-16 00:00:00,55.65,55.39,55.77,55.2,64,1802.0,,
1803,2021-07-19 00:00:00,54.89,54.03,54.89,54.0,505,1803.0,,
1804,2021-07-20 00:00:00,54.46,54.37,54.63,54.31,361,1804.0,,
1805,2021-07-21 00:00:00,54.76,55.32,55.32,54.76,161,1805.0,,
1806,2021-07-22 00:00:00,55.66,55.75,55.83,55.65,780,1806.0,,
1807,2021-07-23 00:00:00,56.03,56.41,56.41,55.89,125,1807.0,,
1808,2021-07-26 00:00:00,56.15,56.36,56.38,56.15,30,1808.0,,
1809,2021-07-27 00:00:00,56.15,55.9,56.15,55.9,1647,1809.0,,
1810,2021-07-28 00:00:00,55.98,56.37,56.37,55.98,77,1810.0,,
1811,2021-07-29 00:00:00,56.62,56.63,56.71,56.62,204,1811.0,,
1812,2021-07-30 00:00:00,56.3,56.27,56.5,56.22,3596,1812.0,,
1813,2021-08-02 00:00:00,56.76,56.64,56.76,56.64,436,1813.0,,
1814,2021-08-03 00:00:00,56.67,56.73,56.85,56.53,790,1814.0,,
1815,2021-08-04 00:00:00,56.98,57.09,57.09,56.98,101,1815.0,,
1816,2021-08-05 00:00:00,57.13,57.35,57.35,57.13,3416,1816.0,,
1817,2021-08-06 00:00:00,57.37,57.51,57.51,57.3,22,1817.0,,
1818,2021-08-09 00:00:00,57.61,57.57,57.63,57.57,20,1818.0,,
1819,2021-08-10 00:00:00,57.67,57.75,57.87,57.67,270,1819.0,,
1820,2021-08-11 00:00:00,57.88,57.96,57.98,57.88,1,1820.0,,
1821,2021-08-12 00:00:00,57.98,58.2,58.2,57.98,1130,1821.0,,
1822,2021-08-13 00:00:00,58.18,58.26,58.27,58.16,489,1822.0,,
1823,2021-08-16 00:00:00,57.81,57.9,58.06,57.8,1777,1823.0,,
1824,2021-08-17 00:00:00,57.62,57.78,57.78,57.62,207,1824.0,,
1825,2021-08-18 00:00:00,57.83,57.84,57.84,57.69,43,1825.0,,
1826,2021-08-19 00:00:00,57.0,56.96,57.03,56.57,1481,1826.0,,
1827,2021-08-20 00:00:00,56.99,57.16,57.16,56.75,758,1827.0,,
1828,2021-08-23 00:00:00,57.64,57.54,57.64,57.5,149,1828.0,,
1829,2021-08-24 00:00:00,57.8,57.61,57.84,57.56,1366,1829.0,,
1830,2021-08-25 00:00:00,57.66,57.64,57.8,57.64,6079,1830.0,,
1831,2021-08-26 00:00:00,57.32,57.42,57.42,57.32,156,1831.0,,
1832,2021-08-27 00:00:00,57.31,57.67,57.69,57.31,2008,1832.0,,
1833,2021-08-30 00:00:00,57.69,57.74,57.77,57.69,137,1833.0,,
1834,2021-08-31 00:00:00,57.86,57.65,58.08,57.57,3150,1834.0,,
1835,2021-09-01 00:00:00,58.09,58.08,58.27,57.94,3414,1835.0,,
1836,2021-09-02 00:00:00,58.09,58.19,58.19,58.09,0,1836.0,,
1837,2021-09-03 00:00:00,58.11,57.79,58.11,57.67,75,1837.0,,
1838,2021-09-06 00:00:00,57.94,58.21,58.27,57.94,13898,1838.0,,
1839,2021-09-07 00:00:00,58.19,58.04,58.19,58.04,3151,1839.0,,
1840,2021-09-08 00:00:00,57.61,57.49,57.8,57.37,8827,1840.0,,
1841,2021-09-09 00:00:00,57.11,57.46,57.57,57.0,5982,1841.0,,
1842,2021-09-10 00:00:00,57.64,57.28,57.69,57.23,679,1842.0,,
1843,2021-09-13 00:00:00,57.55,57.45,57.77,57.45,2137,1843.0,,
1844,2021-09-14 00:00:00,57.42,57.51,57.62,57.36,1115,1844.0,,
1845,2021-09-15 00:00:00,57.54,56.93,57.54,56.91,695,1845.0,,
1846,2021-09-16 00:00:00,57.2,57.19,57.34,57.15,1022,1846.0,,
1847,2021-09-17 00:00:00,57.66,56.75,57.67,56.75,343,1847.0,,
1848,2021-09-20 00:00:00,55.84,55.67,55.84,55.53,10232,1848.0,,
1849,2021-09-21 00:00:00,56.03,56.32,56.41,55.81,915,1849.0,,
1850,2021-09-22 00:00:00,56.83,56.94,56.94,56.83,3712,1850.0,,
1851,2021-09-23 00:00:00,57.39,57.49,57.61,57.35,4536,1851.0,,
1852,2021-09-24 00:00:00,57.25,56.99,57.25,56.99,2263,1852.0,,
1853,2021-09-27 00:00:00,57.47,57.01,57.47,57.0,1713,1853.0,,
1854,2021-09-28 00:00:00,56.89,55.72,56.89,55.72,145,1854.0,,
1855,2021-09-29 00:00:00,55.95,55.99,56.13,55.95,187,1855.0,,
1856,2021-09-30 00:00:00,56.37,55.61,56.37,55.61,5398,1856.0,,
1857,2021-10-01 00:00:00,54.87,55.45,55.45,54.81,1272,1857.0,,
1858,2021-10-04 00:00:00,55.21,55.06,55.4,55.06,234,1858.0,,
1859,2021-10-05 00:00:00,55.24,55.82,55.82,55.24,39,1859.0,,
1860,2021-10-06 00:00:00,55.24,55.15,55.24,54.6,360,1860.0,,
1861,2021-10-07 00:00:00,55.88,56.12,56.12,55.83,556,1861.0,,
1862,2021-10-08 00:00:00,56.14,55.86,56.14,55.86,530,1862.0,,
1863,2021-10-11 00:00:00,55.79,55.82,55.82,55.62,101,1863.0,,
1864,2021-10-12 00:00:00,55.16,55.71,55.71,55.16,0,1864.0,,
1865,2021-10-13 00:00:00,55.64,56.03,56.03,55.64,2660,1865.0,,
1866,2021-10-14 00:00:00,56.4,56.8,56.8,56.4,564,1866.0,,
1867,2021-10-15 00:00:00,57.01,57.21,57.21,57.01,81,1867.0,,
1868,2021-10-18 00:00:00,56.95,56.87,56.95,56.72,104,1868.0,,
1869,2021-10-19 00:00:00,56.99,57.09,57.1,56.99,737,1869.0,,
1870,2021-10-20 00:00:00,56.91,57.22,57.22,56.91,240,1870.0,,
1871,2021-10-21 00:00:00,56.9,57.13,57.2,56.9,443,1871.0,,
1872,2021-10-22 00:00:00,57.28,57.45,57.69,57.28,1954,1872.0,,
1873,2021-10-25 00:00:00,57.5,57.43,57.5,57.43,208,1873.0,,
1874,2021-10-26 00:00:00,57.63,57.85,57.88,57.55,559,1874.0,,
1875,2021-10-27 00:00:00,57.89,57.73,57.89,57.72,162,1875.0,,
1876,2021-10-28 00:00:00,57.73,57.95,57.95,57.73,69,1876.0,,
1877,2021-10-29 00:00:00,57.63,58.0,58.0,57.61,283,1877.0,,
1878,2021-11-01 00:00:00,58.24,58.47,58.52,58.24,14,1878.0,,
1879,2021-11-02 00:00:00,58.39,58.68,58.68,58.39,5513,1879.0,,
1880,2021-11-03 00:00:00,58.67,58.91,58.91,58.67,1502,1880.0,,
1881,2021-11-04 00:00:00,59.17,59.18,59.18,59.11,1277,1881.0,,
1882,2021-11-05 00:00:00,59.21,59.47,59.61,59.21,3011,1882.0,,
1883,2021-11-08 00:00:00,59.52,59.4,59.52,59.39,11788,1883.0,,
1884,2021-11-09 00:00:00,59.22,59.29,59.52,59.22,4875,1884.0,,
1885,2021-11-10 00:00:00,59.36,59.33,59.36,59.12,2276,1885.0,,
1886,2021-11-11 00:00:00,59.21,59.45,59.45,59.21,3289,1886.0,,
1887,2021-11-12 00:00:00,59.49,59.63,59.63,59.49,1,1887.0,,
1888,2021-11-15 00:00:00,59.65,59.85,59.85,59.51,7816,1888.0,,
1889,2021-11-16 00:00:00,60.0,59.97,60.0,59.88,548,1889.0,,
1890,2021-11-17 00:00:00,59.97,60.02,60.07,59.97,4662,1890.0,,
1891,2021-11-18 00:00:00,60.01,59.85,60.09,59.85,1408,1891.0,,
1892,2021-11-19 00:00:00,60.02,59.46,60.02,59.28,3524,1892.0,,
1893,2021-11-22 00:00:00,59.71,59.34,59.71,59.33,27871,1893.0,,
1894,2021-11-23 00:00:00,58.78,58.57,58.8,58.45,1676,1894.0,,
1895,2021-11-24 00:00:00,58.72,58.53,58.82,58.53,1399,1895.0,,
1896,2021-11-25 00:00:00,58.77,58.76,58.79,58.65,7065,1896.0,,
1897,2021-11-26 00:00:00,56.58,56.38,57.2,56.38,2865,1897.0,,
1898,2021-11-29 00:00:00,57.04,56.64,57.08,56.61,3446,1898.0,,
1899,2021-11-30 00:00:00,56.16,56.06,56.16,56.06,909,1899.0,,
1900,2021-12-01 00:00:00,56.71,57.39,57.39,56.71,108,1900.0,,
1901,2021-12-02 00:00:00,56.7,56.47,56.7,56.38,14118,1901.0,,
1902,2021-12-03 00:00:00,56.94,56.12,56.94,56.12,6708,1902.0,,
1903,2021-12-06 00:00:00,56.59,56.86,56.98,56.37,87,1903.0,,
1904,2021-12-07 00:00:00,57.56,58.49,58.49,57.56,2,1904.0,,
1905,2021-12-08 00:00:00,58.14,57.7,58.14,57.7,869,1905.0,,
1906,2021-12-09 00:00:00,57.85,57.5,57.85,57.45,320,1906.0,,
1907,2021-12-10 00:00:00,57.23,57.33,57.4,57.18,2030,1907.0,,
1908,2021-12-13 00:00:00,57.41,57.02,57.75,56.97,34011,1908.0,,
1909,2021-12-14 00:00:00,57.31,56.57,57.31,56.57,4,1909.0,,
1910,2021-12-15 00:00:00,56.8,56.73,56.86,56.63,20109,1910.0,,
1911,2021-12-16 00:00:00,57.6,57.22,57.68,57.22,10057,1911.0,,
1912,2021-12-17 00:00:00,56.99,56.74,56.99,56.74,1153,1912.0,,
1913,2021-12-20 00:00:00,55.65,56.07,56.11,55.41,1044,1913.0,,
1914,2021-12-21 00:00:00,56.67,56.97,56.97,56.67,32,1914.0,,
1915,2021-12-22 00:00:00,57.09,57.55,57.55,57.05,152,1915.0,,
1916,2021-12-23 00:00:00,57.83,58.17,58.25,57.72,4715,1916.0,,
1917,2021-12-24 00:00:00,58.14,58.21,58.21,58.14,0,1917.0,,
1918,2021-12-27 00:00:00,57.9,58.47,58.53,57.67,7434,1918.0,,
1919,2021-12-28 00:00:00,58.53,58.84,58.84,58.53,677,1919.0,,
1920,2021-12-29 00:00:00,58.83,58.6,58.92,58.4,13685,1920.0,,
1921,2021-12-30 00:00:00,58.71,58.79,58.91,58.71,80,1921.0,,
1922,2021-12-31 00:00:00,58.63,58.55,58.82,58.55,2003,1922.0,,
1923,2022-01-03 00:00:00,59.06,59.22,59.38,59.06,14789,1923.0,,
1924,2022-01-04 00:00:00,59.5,59.59,59.77,59.45,629,1924.0,,
1925,2022-01-05 00:00:00,59.67,59.76,59.85,59.67,5701,1925.0,,
1926,2022-01-06 00:00:00,59.12,58.89,59.13,58.8,210,1926.0,,
1927,2022-01-07 00:00:00,58.88,58.75,58.91,58.57,9800,1927.0,,
1928,2022-01-10 00:00:00,58.92,57.88,58.92,57.86,1745,1928.0,,
1929,2022-01-11 00:00:00,58.49,58.46,58.49,58.36,2566,1929.0,,
1930,2022-01-12 00:00:00,58.83,58.82,58.83,58.71,1323,1930.0,,
1931,2022-01-13 00:00:00,58.72,58.84,58.9,58.72,326,1931.0,,
1932,2022-01-14 00:00:00,58.26,58.28,58.28,58.26,0,1932.0,,
1933,2022-01-17 00:00:00,58.45,58.65,58.71,58.45,20,1933.0,,
1934,2022-01-18 00:00:00,58.35,58.04,58.35,57.96,72,1934.0,,
1935,2022-01-19 00:00:00,57.76,58.06,58.12,57.76,18,1935.0,,
1936,2022-01-20 00:00:00,58.24,58.44,58.44,57.95,2749,1936.0,,
1937,2022-01-21 00:00:00,57.67,57.39,57.74,57.33,13391,1937.0,,
1938,2022-01-24 00:00:00,57.11,55.05,57.11,54.95,10800,1938.0,,
1939,2022-01-25 00:00:00,55.59,55.35,55.59,55.32,5469,1939.0,,
1940,2022-01-26 00:00:00,55.96,56.42,56.7,55.96,125,1940.0,,
1941,2022-01-27 00:00:00,55.65,56.66,56.71,55.65,38,1941.0,,
1942,2022-01-28 00:00:00,56.56,56.09,56.56,55.67,2784,1942.0,,
1943,2022-01-31 00:00:00,56.71,56.64,56.75,56.34,134,1943.0,,
1944,2022-02-01 00:00:00,57.17,57.32,57.32,57.17,945,1944.0,,
1945,2022-02-02 00:00:00,57.59,57.43,57.69,57.43,1953,1945.0,,
1946,2022-02-03 00:00:00,57.33,56.48,57.33,56.48,2661,1946.0,,
1947,2022-02-04 00:00:00,56.78,55.85,56.78,55.7,8824,1947.0,,
1948,2022-02-07 00:00:00,56.24,56.17,56.24,56.17,0,1948.0,,
1949,2022-02-08 00:00:00,56.22,56.31,56.62,56.1,129,1949.0,,
1950,2022-02-09 00:00:00,56.89,57.29,57.29,56.89,102,1950.0,,
1951,2022-02-10 00:00:00,57.58,57.14,57.58,57.02,576,1951.0,,
1952,2022-02-11 00:00:00,56.65,56.62,56.8,56.6,282,1952.0,,
1953,2022-02-14 00:00:00,55.32,55.44,55.49,54.73,10225,1953.0,,
1954,2022-02-15 00:00:00,55.47,56.45,56.45,55.47,69,1954.0,,
1955,2022-02-16 00:00:00,56.62,56.41,56.77,56.41,15,1955.0,,
1956,2022-02-17 00:00:00,56.64,56.09,56.64,56.09,956,1956.0,,
1957,2022-02-18 00:00:00,56.15,55.57,56.15,55.47,19,1957.0,,
1958,2022-02-21 00:00:00,55.92,54.45,56.13,54.29,435,1958.0,,
1959,2022-02-22 00:00:00,53.38,54.43,54.43,53.38,1265,1959.0,,
1960,2022-02-23 00:00:00,54.7,54.28,55.09,54.19,18133,1960.0,,
1961,2022-02-24 00:00:00,51.84,52.25,52.7,51.43,12147,1961.0,,
1962,2022-02-25 00:00:00,52.97,54.06,54.06,52.62,1391,1962.0,,
1963,2022-02-28 00:00:00,53.01,53.47,53.47,52.5,510,1963.0,,
1964,2022-03-01 00:00:00,53.5,51.55,53.61,51.55,134,1964.0,,
1965,2022-03-02 00:00:00,51.18,52.04,52.04,51.0,48,1965.0,,
1966,2022-03-03 00:00:00,52.23,50.92,52.24,50.92,615,1966.0,,
1967,2022-03-04 00:00:00,50.27,48.505,50.27,48.505,21682,1967.0,,
1968,2022-03-07 00:00:00,47.245,47.795,48.75,46.325,8072,1968.0,,
1969,2022-03-08 00:00:00,47.54,47.6,48.97,47.54,12054,1969.0,,
1970,2022-03-09 00:00:00,49.045,50.96,50.96,49.045,7956,1970.0,,
1971,2022-03-10 00:00:00,50.69,49.655,50.69,49.655,3651,1971.0,,
1972,2022-03-11 00:00:00,49.81,50.17,50.82,49.71,4984,1972.0,,
1973,2022-03-14 00:00:00,50.6,50.96,51.31,50.6,905,1973.0,,
1974,2022-03-15 00:00:00,50.35,50.88,51.13,50.35,787,1974.0,,
1975,2022-03-16 00:00:00,52.13,52.83,53.24,52.13,940,1975.0,,
1976,2022-03-17 00:00:00,53.23,52.87,53.23,52.71,1106,1976.0,,
1977,2022-03-18 00:00:00,52.8,53.13,53.13,52.46,762,1977.0,,
1978,2022-03-21 00:00:00,53.13,52.94,53.18,52.94,109,1978.0,,
1979,2022-03-22 00:00:00,53.07,53.57,53.57,53.07,28425,1979.0,,
1980,2022-03-23 00:00:00,53.6,52.81,53.6,52.81,235,1980.0,,
1981,2022-03-24 00:00:00,52.94,52.63,52.94,52.63,0,1981.0,,
1982,2022-03-25 00:00:00,52.72,52.65,52.86,52.65,568,1982.0,,
1983,2022-03-28 00:00:00,52.99,52.9,53.45,52.9,1515,1983.0,,
1984,2022-03-29 00:00:00,53.58,54.45,54.45,53.58,5805,1984.0,,
1985,2022-03-30 00:00:00,54.13,53.91,54.13,53.76,286,1985.0,,
1986,2022-03-31 00:00:00,54.1,53.23,54.1,53.23,359,1986.0,,
1987,2022-04-01 00:00:00,53.23,53.41,53.48,53.23,50,1987.0,,
1988,2022-04-04 00:00:00,53.64,53.82,53.9,53.57,7665,1988.0,,
1989,2022-04-05 00:00:00,53.85,53.44,53.85,53.23,129,1989.0,,
1990,2022-04-06 00:00:00,53.23,52.3,53.23,52.15,30,1990.0,,
1991,2022-04-07 00:00:00,52.51,52.05,52.82,52.05,188,1991.0,,
1992,2022-04-08 00:00:00,52.7,52.78,52.96,52.61,1558,1992.0,,
1993,2022-04-11 00:00:00,52.63,52.51,52.63,52.51,705,1993.0,,
1994,2022-04-12 00:00:00,51.63,52.37,52.43,51.63,216,1994.0,,
1995,2022-04-13 00:00:00,52.18,52.41,52.41,51.89,15706,1995.0,,
1996,2022-04-14 00:00:00,52.57,52.69,52.75,52.57,18,1996.0,,
1997,2022-04-19 00:00:00,52.4,52.54,52.59,52.13,6982,1997.0,,
1998,2022-04-20 00:00:00,52.61,53.32,53.32,52.61,0,1998.0,,
1999,2022-04-21 00:00:00,53.42,53.72,54.05,53.42,301,1999.0,,
2000,2022-04-22 00:00:00,53.09,52.64,53.29,52.64,419,2000.0,,
2001,2022-04-25 00:00:00,51.69,51.7,52.05,51.5,397,2001.0,,
2002,2022-04-26 00:00:00,52.35,51.23,52.35,51.23,3606,2002.0,,
2003,2022-04-27 00:00:00,51.22,51.42,51.42,50.81,103,2003.0,,
2004,2022-04-28 00:00:00,51.99,51.95,52.34,51.95,7424,2004.0,,
2005,2022-04-29 00:00:00,52.34,52.23,52.5,52.23,470,2005.0,,
2006,2022-05-02 00:00:00,51.78,51.44,51.78,50.55,19608,2006.0,,
2007,2022-05-03 00:00:00,51.61,51.94,51.94,51.57,152,2007.0,,
2008,2022-05-04 00:00:00,52.08,51.45,52.08,51.45,21,2008.0,,
2009,2022-05-05 00:00:00,52.63,51.12,52.63,51.12,0,2009.0,,
2010,2022-05-06 00:00:00,50.86,50.31,50.86,50.0,104,2010.0,,
2011,2022-05-09 00:00:00,50.06,48.925,50.06,48.925,235,2011.0,,
2012,2022-05-10 00:00:00,49.38,49.3,49.51,49.3,20,2012.0,,
2013,2022-05-11 00:00:00,49.735,50.45,50.45,49.575,2060,2013.0,,
2014,2022-05-12 00:00:00,49.4,49.97,50.03,49.2,761,2014.0,,
2015,2022-05-13 00:00:00,50.35,51.13,51.13,50.35,3862,2015.0,,
2016,2022-05-16 00:00:00,51.1,51.03,51.1,51.03,35,2016.0,,
2017,2022-05-17 00:00:00,51.53,51.8,51.8,51.53,179,2017.0,,
2018,2022-05-18 00:00:00,51.89,51.17,51.89,51.17,62,2018.0,,
2019,2022-05-19 00:00:00,50.59,50.58,50.59,50.06,739,2019.0,,
2020,2022-05-20 00:00:00,50.82,50.82,50.82,50.76,101,2020.0,,
2021,2022-05-23 00:00:00,51.41,51.6,51.6,51.41,0,2021.0,,
2022,2022-05-24 00:00:00,51.09,50.88,51.27,50.88,99,2022.0,,
2023,2022-05-25 00:00:00,51.2,51.3,51.3,50.91,4,2023.0,,
2024,2022-05-26 00:00:00,51.36,52.11,52.11,51.36,51,2024.0,,
2025,2022-05-27 00:00:00,52.37,52.83,52.83,52.37,960,2025.0,,
2026,2022-05-30 00:00:00,53.35,53.34,53.35,53.28,3176,2026.0,,
2027,2022-05-31 00:00:00,53.11,52.62,53.11,52.58,271,2027.0,,
2028,2022-06-01 00:00:00,52.93,52.17,52.93,52.17,723,2028.0,,
2029,2022-06-02 00:00:00,52.46,52.63,52.63,52.46,0,2029.0,,
2030,2022-06-03 00:00:00,52.97,52.47,52.97,52.47,0,2030.0,,
2031,2022-06-06 00:00:00,52.95,53.13,53.13,52.94,375,2031.0,,
2032,2022-06-07 00:00:00,52.88,52.8,52.88,52.78,27002,2032.0,,
2033,2022-06-08 00:00:00,52.9,52.57,52.9,52.5,199,2033.0,,
2034,2022-06-09 00:00:00,52.28,51.74,52.35,51.74,591,2034.0,,
2035,2022-06-10 00:00:00,51.31,50.16,51.31,50.16,4749,2035.0,,
2036,2022-06-13 00:00:00,49.5,48.815,49.5,48.815,114,2036.0,,
2037,2022-06-14 00:00:00,49.255,48.32,49.255,48.32,6226,2037.0,,
2038,2022-06-15 00:00:00,48.97,49.12,49.12,48.89,2,2038.0,,
2039,2022-06-16 00:00:00,48.92,47.685,48.92,47.645,207,2039.0,,
2040,2022-06-17 00:00:00,47.8,47.88,48.43,47.8,343,2040.0,,
2041,2022-06-20 00:00:00,48.01,48.325,48.325,47.95,24,2041.0,,
2042,2022-06-21 00:00:00,48.605,48.54,48.605,48.54,0,2042.0,,
2043,2022-06-22 00:00:00,47.71,48.105,48.265,47.5,228,2043.0,,
2044,2022-06-23 00:00:00,47.885,47.585,48.135,47.585,10,2044.0,,
2045,2022-06-24 00:00:00,47.715,48.88,48.88,47.715,77,2045.0,,
2046,2022-06-27 00:00:00,49.245,49.03,49.245,49.01,3,2046.0,,
2047,2022-06-28 00:00:00,49.405,49.19,49.465,49.19,3,2047.0,,
2048,2022-06-29 00:00:00,48.79,48.62,48.79,48.35,3513,2048.0,,
2049,2022-06-30 00:00:00,47.765,47.845,47.845,47.41,14777,2049.0,,
2050,2022-07-01 00:00:00,47.26,47.87,47.87,47.26,0,2050.0,,
2051,2022-07-04 00:00:00,48.12,47.91,48.12,47.91,271,2051.0,,
2052,2022-07-05 00:00:00,48.155,46.67,48.155,46.67,5035,2052.0,,
2053,2022-07-06 00:00:00,45.915,46.165,46.165,45.915,553,2053.0,,
2054,2022-07-07 00:00:00,46.8,47.165,47.165,46.675,68003,2054.0,,
2055,2022-07-08 00:00:00,47.09,47.565,47.58,46.955,2034,2055.0,,
2056,2022-07-11 00:00:00,46.835,47.08,47.225,46.835,12665,2056.0,,
2057,2022-07-12 00:00:00,46.845,47.19,47.245,46.845,6087,2057.0,,
2058,2022-07-13 00:00:00,47.045,46.79,47.045,46.79,8,2058.0,,
2059,2022-07-14 00:00:00,46.62,46.045,46.62,45.825,37,2059.0,,
2060,2022-07-15 00:00:00,46.155,47.045,47.045,46.155,29,2060.0,,
2061,2022-07-18 00:00:00,47.475,47.505,47.67,47.475,971,2061.0,,
2062,2022-07-19 00:00:00,47.135,48.465,48.465,47.135,119,2062.0,,
2063,2022-07-20 00:00:00,48.5,48.4,48.55,48.4,790,2063.0,,
2064,2022-07-21 00:00:00,48.275,48.555,48.555,48.145,8335,2064.0,,
2065,2022-07-22 00:00:00,48.44,48.605,48.71,48.44,354,2065.0,,
2066,2022-07-25 00:00:00,48.43,48.695,48.805,48.43,173,2066.0,,
2067,2022-07-26 00:00:00,48.56,48.325,48.61,48.325,778,2067.0,,
2068,2022-07-27 00:00:00,48.51,48.745,48.745,48.51,2000,2068.0,,
2069,2022-07-28 00:00:00,49.04,49.265,49.265,48.865,652,2069.0,,
2070,2022-07-29 00:00:00,49.67,50.04,50.04,49.67,105,2070.0,,
2071,2022-08-01 00:00:00,50.06,50.02,50.27,50.0,256,2071.0,,
2072,2022-08-02 00:00:00,50.03,49.76,50.03,49.76,1,2072.0,,
2073,2022-08-03 00:00:00,49.695,50.31,50.31,49.695,0,2073.0,,
2074,2022-08-04 00:00:00,50.46,50.56,50.78,50.46,83,2074.0,,
2075,2022-08-05 00:00:00,50.57,50.19,50.57,50.17,4021,2075.0,,
2076,2022-08-08 00:00:00,50.63,50.61,50.63,50.55,3,2076.0,,
2077,2022-08-09 00:00:00,50.53,50.15,50.56,50.15,264,2077.0,,
2078,2022-08-10 00:00:00,49.985,50.59,50.59,49.985,2,2078.0,,
2079,2022-08-11 00:00:00,50.86,50.74,50.86,50.6,85,2079.0,,
2080,2022-08-12 00:00:00,50.84,50.91,50.94,50.84,224,2080.0,,
2081,2022-08-15 00:00:00,51.15,51.05,51.15,50.86,312,2081.0,,
2082,2022-08-16 00:00:00,51.23,51.25,51.25,51.08,1,2082.0,,
2083,2022-08-17 00:00:00,51.34,50.57,51.38,50.57,8,2083.0,,
2084,2022-08-18 00:00:00,50.54,50.8,50.8,50.54,342,2084.0,,
2085,2022-08-19 00:00:00,50.58,50.23,50.58,50.23,2,2085.0,,
2086,2022-08-22 00:00:00,50.01,49.295,50.01,49.25,7218,2086.0,,
2087,2022-08-23 00:00:00,49.09,49.205,49.27,49.09,403,2087.0,,
2088,2022-08-24 00:00:00,49.185,49.37,49.37,48.875,100,2088.0,,
2089,2022-08-25 00:00:00,49.71,49.455,49.71,49.435,1000,2089.0,,
2090,2022-08-26 00:00:00,49.67,48.52,49.67,48.52,53,2090.0,,
2091,2022-08-29 00:00:00,48.0,48.095,48.095,47.935,23,2091.0,,
2092,2022-08-30 00:00:00,48.33,48.02,48.75,48.02,105,2092.0,,
2093,2022-08-31 00:00:00,48.26,47.51,48.26,47.51,0,2093.0,,
2094,2022-09-01 00:00:00,47.14,46.71,47.14,46.67,53,2094.0,,
2095,2022-09-02 00:00:00,47.075,47.885,47.885,47.075,252,2095.0,,
2096,2022-09-05 00:00:00,46.875,47.195,47.195,46.875,9,2096.0,,
2097,2022-09-06 00:00:00,47.345,47.4,47.4,47.345,21905,2097.0,,
2098,2022-09-07 00:00:00,46.96,47.35,47.35,46.96,0,2098.0,,
2099,2022-09-08 00:00:00,47.665,47.535,47.665,47.535,2,2099.0,,
2100,2022-09-09 00:00:00,47.705,48.3,48.3,47.705,0,2100.0,,
2101,2022-09-12 00:00:00,48.595,49.255,49.35,48.595,2830,2101.0,,
2102,2022-09-13 00:00:00,49.475,48.435,49.475,48.435,0,2102.0,,
2103,2022-09-14 00:00:00,48.31,48.13,48.31,48.025,75,2103.0,,
2104,2022-09-15 00:00:00,48.19,47.8,48.19,47.8,2,2104.0,,
2105,2022-09-16 00:00:00,47.28,47.16,47.28,47.05,5,2105.0,,
2106,2022-09-19 00:00:00,46.785,47.17,47.37,46.66,57,2106.0,,
2107,2022-09-20 00:00:00,47.365,46.575,47.365,46.575,193,2107.0,,
2108,2022-09-21 00:00:00,46.175,46.895,46.895,46.175,10,2108.0,,
2109,2022-09-22 00:00:00,46.115,46.035,46.72,46.035,548,2109.0,,
2110,2022-09-23 00:00:00,45.945,44.965,45.945,44.76,1503,2110.0,,
2111,2022-09-26 00:00:00,44.845,44.865,44.875,44.67,244,2111.0,,
2112,2022-09-27 00:00:00,45.23,44.675,45.23,44.675,0,2112.0,,
2113,2022-09-28 00:00:00,44.42,44.7,44.7,43.735,30059,2113.0,,
2114,2022-09-29 00:00:00,44.32,43.895,44.32,43.54,650,2114.0,,
2115,2022-09-30 00:00:00,44.195,44.485,44.485,44.175,202,2115.0,,
2116,2022-10-03 00:00:00,44.06,44.89,44.925,43.925,22941,2116.0,,
2117,2022-10-04 00:00:00,45.475,46.67,46.67,45.475,7388,2117.0,,
2118,2022-10-05 00:00:00,46.565,46.115,46.565,46.115,7,2118.0,,
2119,2022-10-06 00:00:00,46.42,45.885,46.42,45.805,270,2119.0,,
2120,2022-10-07 00:00:00,45.75,45.105,45.75,45.105,602,2120.0,,
2121,2022-10-10 00:00:00,44.84,44.9,45.1,44.775,44,2121.0,,
2122,2022-10-11 00:00:00,44.565,44.65,44.65,44.31,23,2122.0,,
2123,2022-10-12 00:00:00,44.625,44.415,44.625,44.395,5511,2123.0,,
2124,2022-10-13 00:00:00,44.1,44.875,44.875,43.54,12,2124.0,,
2125,2022-10-14 00:00:00,45.575,45.14,45.575,45.14,54,2125.0,,
2126,2022-10-17 00:00:00,45.365,46.03,46.03,45.365,0,2126.0,,
2127,2022-10-18 00:00:00,46.47,46.37,46.72,46.37,2,2127.0,,
2128,2022-10-19 00:00:00,46.53,46.235,46.53,46.235,0,2128.0,,
2129,2022-10-20 00:00:00,46.15,46.52,46.555,46.15,2304,2129.0,,
2130,2022-10-21 00:00:00,46.09,46.25,46.25,46.09,10,2130.0,,
2131,2022-10-24 00:00:00,46.755,46.945,47.09,46.7,495,2131.0,,
2132,2022-10-25 00:00:00,47.235,47.825,47.825,47.235,12433,2132.0,,
2133,2022-10-26 00:00:00,47.62,48.06,48.06,47.62,0,2133.0,,
2134,2022-10-27 00:00:00,47.895,48.005,48.005,47.71,61,2134.0,,
2135,2022-10-28 00:00:00,47.585,47.985,47.985,47.5,31,2135.0,,
2136,2022-10-31 00:00:00,48.02,48.055,48.125,47.98,625,2136.0,,
2137,2022-11-01 00:00:00,48.695,48.435,48.81,48.435,424,2137.0,,
2138,2022-11-02 00:00:00,48.57,48.075,48.57,48.075,22050,2138.0,,
2139,2022-11-03 00:00:00,47.58,47.615,47.615,47.33,5177,2139.0,,
2140,2022-11-04 00:00:00,47.935,48.775,48.825,47.935,1568,2140.0,,
2141,2022-11-07 00:00:00,48.575,49.03,49.065,48.575,1072,2141.0,,
2142,2022-11-08 00:00:00,48.82,49.455,49.455,48.82,3051,2142.0,,
2143,2022-11-09 00:00:00,49.415,49.34,49.415,49.18,226,2143.0,,
2144,2022-11-10 00:00:00,49.025,50.79,50.79,49.025,1092,2144.0,,
2145,2022-11-11 00:00:00,51.14,51.11,51.18,51.11,11,2145.0,,
2146,2022-11-14 00:00:00,51.32,51.33,51.35,51.18,39,2146.0,,
2147,2022-11-15 00:00:00,51.54,51.62,51.62,51.54,0,2147.0,,
2148,2022-11-16 00:00:00,51.6,51.1,51.6,51.1,11,2148.0,,
2149,2022-11-17 00:00:00,51.34,50.98,51.34,50.7,41,2149.0,,
2150,2022-11-18 00:00:00,51.17,51.51,51.51,51.17,6,2150.0,,
2151,2022-11-21 00:00:00,51.36,51.41,51.41,51.34,2559,2151.0,,
2152,2022-11-22 00:00:00,51.45,51.63,51.63,51.45,9644,2152.0,,
2153,2022-11-23 00:00:00,51.71,51.79,51.8,51.62,5344,2153.0,,
2154,2022-11-24 00:00:00,51.89,52.09,52.15,51.89,44,2154.0,,
2155,2022-11-25 00:00:00,52.08,52.12,52.12,52.08,0,2155.0,,
2156,2022-11-28 00:00:00,51.8,51.85,51.85,51.79,402,2156.0,,
2157,2022-11-29 00:00:00,51.82,51.76,51.82,51.65,693,2157.0,,
2158,2022-11-30 00:00:00,51.94,52.05,52.08,51.94,6,2158.0,,
2159,2022-12-01 00:00:00,52.59,52.59,52.59,52.59,0,2159.0,,
2160,2022-12-02 00:00:00,52.23,52.12,52.23,52.1,39,2160.0,,
2161,2022-12-05 00:00:00,52.24,52.17,52.24,52.17,68,2161.0,,
2162,2022-12-06 00:00:00,52.05,51.9,52.05,51.9,1304,2162.0,,
2163,2022-12-07 00:00:00,51.5,51.5,51.5,51.5,9,2163.0,,
2164,2022-12-08 00:00:00,51.19,51.0,51.19,51.0,117,2164.0,,
2165,2022-12-09 00:00:00,51.25,51.11,51.25,51.11,19,2165.0,,
2166,2022-12-12 00:00:00,51.23,51.23,51.23,51.23,20,2166.0,,
2167,2022-12-13 00:00:00,51.38,52.51,52.51,51.38,22,2167.0,,
2168,2022-12-14 00:00:00,51.79,51.76,51.79,51.76,5000,2168.0,,
2169,2022-12-15 00:00:00,51.38,50.28,51.38,50.28,1805,2169.0,,
2170,2022-12-16 00:00:00,50.25,49.69,50.25,49.69,2565,2170.0,,
2171,2022-12-19 00:00:00,49.94,49.98,50.05,49.94,98,2171.0,,
2172,2022-12-20 00:00:00,49.39,49.66,49.66,49.39,52,2172.0,,
2173,2022-12-21 00:00:00,49.96,50.2,50.2,49.96,1690,2173.0,,
2174,2022-12-22 00:00:00,50.68,50.04,50.68,50.0,147,2174.0,,
2175,2022-12-23 00:00:00,50.08,49.925,50.08,49.925,28,2175.0,,
2176,2022-12-27 00:00:00,50.42,50.24,50.42,50.24,41,2176.0,,
2177,2022-12-28 00:00:00,50.25,49.95,50.25,49.95,71,2177.0,,
2178,2022-12-29 00:00:00,49.75,50.03,50.05,49.75,15,2178.0,,
2179,2022-12-30 00:00:00,50.16,50.2,50.2,50.16,2,2179.0,,
2180,2023-01-02 00:00:00,50.14,50.27,50.27,50.14,4,2180.0,,
2181,2023-01-03 00:00:00,50.64,51.0,51.0,50.64,9,2181.0,,
2182,2023-01-04 00:00:00,51.29,51.77,51.77,51.29,10,2182.0,,
2183,2023-01-05 00:00:00,51.9,51.92,51.92,51.9,2,2183.0,,
2184,2023-01-06 00:00:00,52.08,52.35,52.35,52.03,134,2184.0,,
2185,2023-01-09 00:00:00,52.81,52.95,52.95,52.81,32,2185.0,,
2186,2023-01-10 00:00:00,52.93,52.87,52.93,52.87,2,2186.0,,
2187,2023-01-11 00:00:00,53.19,53.4,53.4,53.19,328,2187.0,,
2188,2023-01-12 00:00:00,53.69,53.84,53.91,53.69,109,2188.0,,
2189,2023-01-13 00:00:00,54.06,54.13,54.24,54.06,243,2189.0,,
2190,2023-01-16 00:00:00,54.27,54.14,54.27,54.14,1600,2190.0,,
2191,2023-01-17 00:00:00,54.31,54.56,54.56,54.14,818,2191.0,,
2192,2023-01-18 00:00:00,54.55,54.66,54.69,54.55,62,2192.0,,
2193,2023-01-19 00:00:00,54.24,54.24,54.24,54.24,6000,2193.0,,
2194,2023-01-20 00:00:00,53.97,53.75,53.97,53.75,11002,2194.0,,
2195,2023-01-23 00:00:00,54.15,54.01,54.15,54.01,6335,2195.0,,
2196,2023-01-24 00:00:00,54.49,54.49,54.49,54.49,35,2196.0,,
2197,2023-01-25 00:00:00,54.32,54.32,54.32,54.32,1500,2197.0,,
2198,2023-01-26 00:00:00,54.53,54.5,54.67,54.47,1815,2198.0,,
2199,2023-01-27 00:00:00,54.51,54.42,54.51,54.42,240,2199.0,,
2200,2023-01-30 00:00:00,54.45,54.33,54.45,54.14,109,2200.0,,
2201,2023-01-31 00:00:00,54.47,54.47,54.47,54.47,0,2201.0,,
2202,2023-02-01 00:00:00,54.6,54.7,54.7,54.6,137,2202.0,,
2203,2023-02-02 00:00:00,55.01,55.56,55.56,55.01,256,2203.0,,
2204,2023-02-03 00:00:00,55.43,55.43,55.43,55.43,91,2204.0,,
2205,2023-02-06 00:00:00,55.48,55.21,55.48,55.07,165,2205.0,,
2206,2023-02-07 00:00:00,55.23,55.23,55.23,55.23,7,2206.0,,
2207,2023-02-08 00:00:00,55.62,55.62,55.62,55.62,16,2207.0,,
2208,2023-02-09 00:00:00,55.72,55.75,55.89,55.68,98024,2208.0,,
2209,2023-02-10 00:00:00,55.34,55.34,55.34,55.34,0,2209.0,,
2210,2023-02-13 00:00:00,55.15,55.37,55.4,55.15,224,2210.0,,
2211,2023-02-14 00:00:00,55.65,55.64,55.65,55.64,40,2211.0,,
2212,2023-02-15 00:00:00,55.53,55.87,56.0,55.53,12535,2212.0,,
2213,2023-02-16 00:00:00,56.4,56.39,56.46,56.38,12723,2213.0,,
2214,2023-02-17 00:00:00,55.85,56.06,56.06,55.85,105,2214.0,,
2215,2023-02-20 00:00:00,56.23,56.08,56.23,56.08,17890,2215.0,,
2216,2023-02-21 00:00:00,55.96,55.72,55.96,55.72,2,2216.0,,
2217,2023-02-22 00:00:00,55.49,55.42,55.49,55.42,5,2217.0,,
2218,2023-02-23 00:00:00,55.75,55.75,55.76,55.75,141,2218.0,,
2219,2023-02-24 00:00:00,56.0,55.0,56.0,55.0,5035,2219.0,,
2220,2023-02-27 00:00:00,55.39,55.52,55.52,55.39,18000,2220.0,,
2221,2023-02-28 00:00:00,55.35,55.57,55.58,55.35,386,2221.0,,
2222,2023-03-01 00:00:00,55.73,55.71,55.73,55.7,136,2222.0,,
2223,2023-03-02 00:00:00,54.97,55.05,55.05,54.84,116,2223.0,,
2224,2023-03-03 00:00:00,55.9,55.96,55.96,55.9,5,2224.0,,
2225,2023-03-06 00:00:00,56.34,56.34,56.34,56.34,0,2225.0,,
2226,2023-03-07 00:00:00,56.15,56.39,56.46,56.15,835,2226.0,,
2227,2023-03-08 00:00:00,55.75,55.86,55.86,55.75,20,2227.0,,
2228,2023-03-09 00:00:00,55.91,55.91,55.91,55.91,0,2228.0,,
2229,2023-03-10 00:00:00,54.78,54.78,54.78,54.78,0,2229.0,,
2230,2023-03-13 00:00:00,54.82,53.97,54.82,53.21,862,2230.0,,
2231,2023-03-14 00:00:00,53.57,54.46,54.46,53.57,204,2231.0,,
2232,2023-03-15 00:00:00,54.28,52.96,54.28,52.76,807,2232.0,,
2233,2023-03-16 00:00:00,53.54,53.72,53.72,53.1,2501,2233.0,,
2234,2023-03-17 00:00:00,54.04,53.0,54.04,53.0,1151,2234.0,,
2235,2023-03-20 00:00:00,52.61,53.5,53.5,52.61,119,2235.0,,
2236,2023-03-21 00:00:00,54.07,54.07,54.07,54.07,0,2236.0,,
2237,2023-03-22 00:00:00,54.25,54.48,54.54,54.25,17842,2237.0,,
2238,2023-03-23 00:00:00,54.32,54.32,54.32,54.32,0,2238.0,,
2239,2023-03-24 00:00:00,54.18,53.52,54.18,53.21,71575,2239.0,,
2240,2023-03-27 00:00:00,54.39,54.27,54.39,53.9,16226,2240.0,,
2241,2023-03-28 00:00:00,54.53,54.12,54.53,54.0,7051,2241.0,,
2242,2023-03-29 00:00:00,54.43,54.43,54.43,54.43,3,2242.0,,
2243,2023-03-30 00:00:00,55.23,55.44,55.54,55.23,751,2243.0,,
2244,2023-03-31 00:00:00,55.68,55.68,55.68,55.68,2,2244.0,,
2245,2023-04-03 00:00:00,55.92,55.96,55.98,55.92,46,2245.0,,
2246,2023-04-04 00:00:00,56.05,56.05,56.05,56.05,0,2246.0,,
2247,2023-04-05 00:00:00,55.82,55.82,55.82,55.82,0,2247.0,,
2248,2023-04-06 00:00:00,55.64,55.77,55.77,55.64,209,2248.0,,
2249,2023-04-11 00:00:00,56.27,56.27,56.27,56.27,0,2249.0,,
2250,2023-04-12 00:00:00,56.16,56.56,56.56,56.16,16351,2250.0,,
2251,2023-04-13 00:00:00,56.41,56.41,56.41,56.41,0,2251.0,,
2252,2023-04-14 00:00:00,56.61,56.74,56.76,56.61,62,2252.0,,
2253,2023-04-17 00:00:00,56.77,56.84,57.0,56.77,611,2253.0,,
2254,2023-04-18 00:00:00,56.76,57.05,57.05,56.76,979,2254.0,,
2255,2023-04-19 00:00:00,56.74,56.72,56.74,56.72,6,2255.0,,
2256,2023-04-20 00:00:00,56.92,56.79,56.92,56.65,9,2256.0,,
2257,2023-04-21 00:00:00,56.8,56.8,56.8,56.8,18,2257.0,,
2258,2023-04-24 00:00:00,56.87,57.1,57.1,56.87,153,2258.0,,
2259,2023-04-25 00:00:00,56.69,56.73,56.73,56.69,11,2259.0,,
2260,2023-04-26 00:00:00,56.39,56.34,56.39,56.22,487,2260.0,,
2261,2023-04-27 00:00:00,56.27,56.57,56.6,56.27,10,2261.0,,
2262,2023-04-28 00:00:00,56.78,56.47,56.78,56.47,109,2262.0,,
2263,2023-05-02 00:00:00,56.89,56.52,56.89,56.52,91,2263.0,,
2264,2023-05-03 00:00:00,56.22,56.24,56.35,56.22,16,2264.0,,
2265,2023-05-04 00:00:00,56.05,55.89,56.05,55.67,1687,2265.0,,
2266,2023-05-05 00:00:00,56.18,56.63,56.63,56.18,16,2266.0,,
2267,2023-05-08 00:00:00,56.72,56.83,56.83,56.72,142,2267.0,,
2268,2023-05-09 00:00:00,56.74,56.54,56.74,56.54,62,2268.0,,
2269,2023-05-10 00:00:00,56.71,56.71,56.71,56.71,2,2269.0,,
2270,2023-05-11 00:00:00,56.75,56.75,56.75,56.75,2,2270.0,,
2271,2023-05-12 00:00:00,56.78,56.59,56.78,56.58,10007,2271.0,,
2272,2023-05-15 00:00:00,56.8,56.61,56.8,56.61,3540,2272.0,,
2273,2023-05-16 00:00:00,56.59,56.5,56.69,56.5,2162,2273.0,,
2274,2023-05-17 00:00:00,56.44,56.66,56.66,56.44,1417,2274.0,,
2275,2023-05-18 00:00:00,56.89,57.22,57.22,56.89,290,2275.0,,
2276,2023-05-19 00:00:00,57.25,57.56,57.56,57.25,1231,2276.0,,
2277,2023-05-22 00:00:00,57.39,57.39,57.47,57.39,21244,2277.0,,
2278,2023-05-23 00:00:00,57.33,57.11,57.41,57.11,24685,2278.0,,
2279,2023-05-24 00:00:00,56.51,56.0,56.51,56.0,2680,2279.0,,
2280,2023-05-25 00:00:00,56.12,56.07,56.17,56.07,1852,2280.0,,
2281,2023-05-26 00:00:00,56.2,56.86,56.86,55.91,359,2281.0,,
2282,2023-05-29 00:00:00,57.08,56.64,57.08,56.64,901,2282.0,,
2283,2023-05-30 00:00:00,56.53,56.3,56.79,56.3,2492,2283.0,,
2284,2023-05-31 00:00:00,55.79,55.5,56.1,55.5,127,2284.0,,
2285,2023-06-01 00:00:00,56.04,55.93,56.05,55.93,0,2285.0,,
2286,2023-06-02 00:00:00,56.3,56.66,56.71,56.3,19130,2286.0,,
2287,2023-06-05 00:00:00,56.86,56.44,56.88,56.44,1090,2287.0,,
2288,2023-06-06 00:00:00,56.47,56.35,56.47,56.35,7472,2288.0,,
2289,2023-06-07 00:00:00,56.62,56.62,56.62,56.62,9,2289.0,,
2290,2023-06-08 00:00:00,56.43,56.62,56.62,56.43,5,2290.0,,
2291,2023-06-09 00:00:00,56.68,56.54,56.68,56.47,192,2291.0,,
2292,2023-06-12 00:00:00,56.79,56.91,56.91,56.79,8,2292.0,,
2293,2023-06-13 00:00:00,57.14,57.18,57.18,56.93,50,2293.0,,
2294,2023-06-14 00:00:00,57.21,57.29,57.29,57.21,20,2294.0,,
2295,2023-06-15 00:00:00,57.44,57.16,57.44,57.1,77479,2295.0,,
2296,2023-06-16 00:00:00,57.39,57.55,57.55,57.39,14,2296.0,,
2297,2023-06-19 00:00:00,57.37,57.29,57.37,57.29,3944,2297.0,,
2298,2023-06-20 00:00:00,56.92,57.07,57.07,56.8,6318,2298.0,,
2299,2023-06-21 00:00:00,56.72,56.72,56.72,56.72,0,2299.0,,
2300,2023-06-22 00:00:00,56.08,56.04,56.08,56.04,10,2300.0,,
2301,2023-06-23 00:00:00,56.03,56.03,56.03,56.03,0,2301.0,,
2302,2023-06-26 00:00:00,56.03,55.89,56.03,55.89,16,2302.0,,
2303,2023-06-27 00:00:00,56.28,55.99,56.28,55.99,8,2303.0,,
2304,2023-06-28 00:00:00,56.58,56.68,56.73,56.58,12,2304.0,,
2305,2023-06-29 00:00:00,56.86,56.92,56.92,56.86,6,2305.0,,
2306,2023-06-30 00:00:00,57.04,57.57,57.57,57.04,939,2306.0,,
2307,2023-07-03 00:00:00,57.68,57.6,57.68,57.6,2334,2307.0,,
2308,2023-07-04 00:00:00,57.58,57.58,57.58,57.58,0,2308.0,,
2309,2023-07-05 00:00:00,57.07,57.0,57.11,57.0,20,2309.0,,
2310,2023-07-06 00:00:00,56.44,55.46,56.44,55.45,130,2310.0,,
2311,2023-07-07 00:00:00,55.48,55.8,55.8,55.48,56900,2311.0,,
2312,2023-07-10 00:00:00,55.57,56.06,56.06,55.57,8,2312.0,,
2313,2023-07-11 00:00:00,56.15,56.47,56.59,56.08,48215,2313.0,,
2314,2023-07-12 00:00:00,56.61,56.61,56.61,56.61,0,2314.0,,
2315,2023-07-13 00:00:00,57.39,57.8,57.8,57.39,2696,2315.0,,
2316,2023-07-14 00:00:00,57.71,57.79,57.79,57.71,75,2316.0,,
2317,2023-07-17 00:00:00,57.4,57.39,57.6,57.21,1274,2317.0,,
2318,2023-07-18 00:00:00,57.29,57.29,57.29,57.29,0,2318.0,,
2319,2023-07-19 00:00:00,57.85,57.69,57.9,57.67,1696,2319.0,,
2320,2023-07-20 00:00:00,57.44,57.76,57.76,57.44,14665,2320.0,,
2321,2023-07-21 00:00:00,57.62,57.62,57.62,57.62,0,2321.0,,
2322,2023-07-24 00:00:00,57.71,57.94,57.94,57.71,13811,2322.0,,
2323,2023-07-25 00:00:00,57.94,57.94,57.98,57.82,14295,2323.0,,
2324,2023-07-26 00:00:00,57.75,57.46,57.75,57.13,12652,2324.0,,
2325,2023-07-27 00:00:00,57.9,58.61,58.61,57.9,188,2325.0,,
2326,2023-07-28 00:00:00,58.47,58.68,58.72,58.32,462,2326.0,,
2327,2023-07-31 00:00:00,58.61,58.78,58.78,58.61,61,2327.0,,
2328,2023-08-01 00:00:00,58.52,58.0,58.55,58.0,20,2328.0,,
2329,2023-08-02 00:00:00,57.21,57.29,57.56,57.0,460,2329.0,,
2330,2023-08-03 00:00:00,56.88,56.52,56.93,56.52,583,2330.0,,
2331,2023-08-04 00:00:00,56.92,56.98,56.99,56.92,944,2331.0,,
2332,2023-08-07 00:00:00,56.98,57.03,57.03,56.84,104,2332.0,,
2333,2023-08-08 00:00:00,56.78,56.49,56.91,56.39,3146,2333.0,,
2334,2023-08-09 00:00:00,57.16,57.13,57.16,57.13,13,2334.0,,
2335,2023-08-10 00:00:00,57.2,57.27,57.46,57.2,74,2335.0,,
2336,2023-08-11 00:00:00,57.27,56.95,57.27,56.89,7011,2336.0,,
2337,2023-08-14 00:00:00,56.87,56.98,57.08,56.87,1551,2337.0,,
2338,2023-08-15 00:00:00,57.08,56.47,57.08,56.47,483,2338.0,,
2339,2023-08-16 00:00:00,56.43,56.43,56.43,56.43,590,2339.0,,
2340,2023-08-17 00:00:00,56.23,55.83,56.41,55.83,6248,2340.0,,
2341,2023-08-18 00:00:00,55.59,55.38,55.6,55.34,333,2341.0,,
2342,2023-08-21 00:00:00,55.75,55.75,55.95,55.74,100,2342.0,,
2343,2023-08-22 00:00:00,56.08,56.08,56.08,56.08,0,2343.0,,
2344,2023-08-23 00:00:00,56.36,56.32,56.36,56.32,9,2344.0,,
2345,2023-08-24 00:00:00,56.87,55.98,56.87,55.98,265,2345.0,,
2346,2023-08-25 00:00:00,55.85,55.85,55.85,55.85,0,2346.0,,
2347,2023-08-28 00:00:00,56.45,56.73,56.73,56.41,22,2347.0,,
2348,2023-08-29 00:00:00,56.87,56.87,56.92,56.85,9899,2348.0,,
2349,2023-08-30 00:00:00,57.22,57.12,57.26,56.97,21,2349.0,,
2350,2023-08-31 00:00:00,57.05,57.13,57.25,57.05,10,2350.0,,
2351,2023-09-01 00:00:00,56.82,56.98,56.98,56.82,300,2351.0,,
2352,2023-09-04 00:00:00,57.0,56.82,57.05,56.82,646,2352.0,,
2353,2023-09-05 00:00:00,56.26,56.51,56.55,56.23,35409,2353.0,,
2354,2023-09-06 00:00:00,56.06,56.02,56.1,55.99,41,2354.0,,
2355,2023-09-07 00:00:00,55.81,55.81,55.81,55.81,2,2355.0,,
2356,2023-09-08 00:00:00,55.93,55.65,55.93,55.49,1643,2356.0,,
2357,2023-09-11 00:00:00,56.18,56.13,56.25,56.13,111,2357.0,,
2358,2023-09-12 00:00:00,56.23,56.23,56.23,56.23,0,2358.0,,
2359,2023-09-13 00:00:00,55.72,55.5,55.78,55.5,30,2359.0,,
2360,2023-09-14 00:00:00,55.74,56.23,56.23,55.71,1059,2360.0,,
2361,2023-09-15 00:00:00,56.9,56.84,56.94,56.83,253,2361.0,,
2362,2023-09-18 00:00:00,56.51,55.93,56.51,55.93,29,2362.0,,
2363,2023-09-19 00:00:00,55.89,55.91,55.91,55.89,102,2363.0,,
2364,2023-09-20 00:00:00,56.08,56.08,56.08,56.08,0,2364.0,,
2365,2023-09-21 00:00:00,56.02,55.74,56.02,55.74,1705,2365.0,,
2366,2023-09-22 00:00:00,55.22,55.42,55.46,55.22,18,2366.0,,
2367,2023-09-25 00:00:00,55.29,54.91,55.29,54.77,96,2367.0,,
2368,2023-09-26 00:00:00,54.61,54.6,54.61,54.6,2,2368.0,,
2369,2023-09-27 00:00:00,54.49,54.49,54.49,54.49,2,2369.0,,
2370,2023-09-28 00:00:00,54.41,54.41,54.41,54.41,0,2370.0,,
2371,2023-09-29 00:00:00,55.01,55.43,55.43,55.0,124,2371.0,,
2372,2023-10-02 00:00:00,55.14,54.43,55.15,54.27,35,2372.0,,
2373,2023-10-03 00:00:00,54.21,53.89,54.23,53.89,15,2373.0,,
2374,2023-10-04 00:00:00,53.47,53.65,53.95,53.47,292,2374.0,,
2375,2023-10-05 00:00:00,53.93,54.0,54.0,53.93,452,2375.0,,
2376,2023-10-06 00:00:00,53.95,54.12,54.12,53.95,23,2376.0,,
2377,2023-10-09 00:00:00,54.09,54.07,54.09,54.07,9,2377.0,,
2378,2023-10-10 00:00:00,54.55,55.1,55.1,54.55,506,2378.0,,
2379,2023-10-11 00:00:00,54.83,54.96,54.96,54.83,567,2379.0,,
2380,2023-10-12 00:00:00,55.29,55.33,55.33,55.29,2064,2380.0,,
2381,2023-10-13 00:00:00,54.87,54.49,54.87,54.49,39,2381.0,,
2382,2023-10-16 00:00:00,54.42,54.32,54.48,54.26,149,2382.0,,
2383,2023-10-17 00:00:00,54.27,54.1,54.27,54.1,40,2383.0,,
2384,2023-10-18 00:00:00,54.17,54.17,54.17,54.17,2,2384.0,,
2385,2023-10-19 00:00:00,53.57,53.43,53.59,53.29,4450,2385.0,,
2386,2023-10-20 00:00:00,52.85,52.7,52.89,52.7,25,2386.0,,
2387,2023-10-23 00:00:00,52.71,52.65,52.71,52.18,751,2387.0,,
2388,2023-10-24 00:00:00,52.88,53.0,53.0,52.64,3,2388.0,,
2389,2023-10-25 00:00:00,53.0,52.9,53.0,52.9,19,2389.0,,
2390,2023-10-26 00:00:00,52.57,52.9,52.9,52.57,1,2390.0,,
2391,2023-10-27 00:00:00,52.71,52.84,52.84,52.71,4,2391.0,,
2392,2023-10-30 00:00:00,52.72,52.87,52.93,52.72,215,2392.0,,
2393,2023-10-31 00:00:00,52.77,53.22,53.22,52.77,2000,2393.0,,
2394,2023-11-01 00:00:00,53.31,53.31,53.31,53.31,292,2394.0,,
2395,2023-11-02 00:00:00,53.97,54.68,54.68,53.97,178,2395.0,,
2396,2023-11-03 00:00:00,54.7,54.85,54.89,54.7,295,2396.0,,
2397,2023-11-06 00:00:00,54.89,54.64,54.89,54.64,110,2397.0,,
2398,2023-11-07 00:00:00,54.36,54.36,54.36,54.36,0,2398.0,,
2399,2023-11-08 00:00:00,54.2,54.2,54.2,54.2,0,2399.0,,
2400,2023-11-09 00:00:00,54.77,55.08,55.08,54.77,1000,2400.0,,
2401,2023-11-10 00:00:00,55.0,54.69,55.0,54.69,27,2401.0,,
2402,2023-11-13 00:00:00,55.08,55.08,55.08,55.08,0,2402.0,,
2403,2023-11-14 00:00:00,55.33,55.48,55.52,55.33,788,2403.0,,
2404,2023-11-15 00:00:00,56.32,56.46,56.53,56.32,268,2404.0,,
2405,2023-11-16 00:00:00,56.43,56.42,56.43,56.42,6,2405.0,,
2406,2023-11-17 00:00:00,56.43,56.61,56.61,56.43,64,2406.0,,
2407,2023-11-20 00:00:00,56.82,56.82,56.82,56.82,1,2407.0,,
2408,2023-11-21 00:00:00,56.81,56.63,56.81,56.63,246,2408.0,,
2409,2023-11-22 00:00:00,56.75,56.79,56.79,56.75,8,2409.0,,
2410,2023-11-23 00:00:00,56.89,56.93,56.93,56.89,125,2410.0,,
2411,2023-11-24 00:00:00,56.97,57.12,57.12,56.97,2149,2411.0,,
2412,2023-11-27 00:00:00,57.16,57.21,57.21,57.16,1128,2412.0,,
2413,2023-11-28 00:00:00,56.81,56.84,56.84,56.57,61,2413.0,,
2414,2023-11-29 00:00:00,56.92,57.23,57.23,56.92,274,2414.0,,
2415,2023-11-30 00:00:00,57.27,57.42,57.47,57.27,12564,2415.0,,
2416,2023-12-01 00:00:00,57.65,57.75,57.75,57.65,47,2416.0,,
2417,2023-12-04 00:00:00,57.79,57.81,57.87,57.79,444,2417.0,,
2418,2023-12-05 00:00:00,57.78,58.16,58.16,57.78,29,2418.0,,
2419,2023-12-06 00:00:00,58.33,58.69,58.69,58.33,50,2419.0,,
2420,2023-12-07 00:00:00,58.49,58.49,58.49,58.49,0,2420.0,,
2421,2023-12-08 00:00:00,58.49,58.71,58.71,58.49,789,2421.0,,
2422,2023-12-11 00:00:00,59.24,59.17,59.24,58.97,15946,2422.0,,
2423,2023-12-12 00:00:00,57.81,57.63,57.81,57.62,2969,2423.0,,
2424,2023-12-13 00:00:00,57.68,57.56,57.78,57.56,1799,2424.0,,
2425,2023-12-14 00:00:00,58.31,58.26,58.31,58.22,79,2425.0,,
2426,2023-12-15 00:00:00,58.17,58.08,58.17,57.98,2243,2426.0,,
2427,2023-12-18 00:00:00,57.85,57.91,57.91,57.79,105,2427.0,,
2428,2023-12-19 00:00:00,57.78,57.92,57.92,57.78,9,2428.0,,
2429,2023-12-20 00:00:00,58.01,57.72,58.01,57.72,3,2429.0,,
2430,2023-12-21 00:00:00,57.65,57.69,57.69,57.56,4,2430.0,,
2431,2023-12-22 00:00:00,57.64,57.75,57.76,57.64,2613,2431.0,,
2432,2023-12-27 00:00:00,58.0,57.96,58.0,57.96,15081,2432.0,,
2433,2023-12-28 00:00:00,58.04,57.76,58.04,57.76,670,2433.0,,
2434,2023-12-29 00:00:00,57.85,57.92,57.92,57.85,5,2434.0,,
2435,2024-01-02 00:00:00,58.14,57.77,58.14,57.46,503,2435.0,,
2436,2024-01-03 00:00:00,57.75,56.89,57.75,56.89,5039,2436.0,,
2437,2024-01-04 00:00:00,57.14,57.28,57.28,56.98,492,2437.0,,
2438,2024-01-05 00:00:00,56.87,56.74,56.87,56.66,124,2438.0,,
2439,2024-01-08 00:00:00,57.18,57.41,57.41,57.16,16,2439.0,,
2440,2024-01-09 00:00:00,57.5,57.25,57.5,57.25,136,2440.0,,
2441,2024-01-10 00:00:00,57.23,57.26,57.37,57.12,3511,2441.0,,
2442,2024-01-11 00:00:00,57.55,56.94,57.55,56.94,86808,2442.0,,
2443,2024-01-12 00:00:00,57.28,57.49,57.59,57.25,23519,2443.0,,
2444,2024-01-15 00:00:00,57.49,57.19,57.49,57.19,1739,2444.0,,
2445,2024-01-16 00:00:00,56.71,57.02,57.02,56.71,12670,2445.0,,
2446,2024-01-17 00:00:00,56.42,56.3,56.43,56.3,681,2446.0,,
2447,2024-01-18 00:00:00,56.64,57.05,57.05,56.58,2690,2447.0,,
2448,2024-01-19 00:00:00,57.34,56.98,57.34,56.87,12697,2448.0,,
2449,2024-01-22 00:00:00,57.52,57.45,57.52,57.32,6122,2449.0,,
2450,2024-01-23 00:00:00,57.6,57.37,57.6,57.3,11921,2450.0,,
2451,2024-01-24 00:00:00,58.04,58.3,58.3,57.84,27793,2451.0,,
2452,2024-01-25 00:00:00,58.21,58.45,58.47,58.17,12420,2452.0,,
2453,2024-01-26 00:00:00,58.66,59.04,59.1,58.59,32226,2453.0,,
2454,2024-01-29 00:00:00,58.99,59.0,59.0,58.82,26885,2454.0,,
2455,2024-01-30 00:00:00,59.14,59.24,59.26,59.14,1722,2455.0,,
2456,2024-01-31 00:00:00,59.25,59.18,59.37,59.18,4905,2456.0,,
2457,2024-02-01 00:00:00,58.82,58.78,59.13,58.78,2671,2457.0,,
2458,2024-02-02 00:00:00,59.23,58.98,59.27,58.98,7327,2458.0,,
2459,2024-02-05 00:00:00,59.04,58.88,59.04,58.86,726,2459.0,,
2460,2024-02-06 00:00:00,59.24,59.33,59.33,59.02,798,2460.0,,
2461,2024-02-07 00:00:00,59.32,59.27,59.32,59.16,6189,2461.0,,
2462,2024-02-08 00:00:00,59.3,59.45,59.6,59.3,12133,2462.0,,
2463,2024-02-09 00:00:00,59.42,59.51,59.51,59.42,58,2463.0,,
2464,2024-02-12 00:00:00,59.61,59.75,59.75,59.61,99,2464.0,,
2465,2024-02-13 00:00:00,59.64,59.15,59.64,59.14,2086,2465.0,,
2466,2024-02-14 00:00:00,59.21,59.39,59.39,59.21,1357,2466.0,,
2467,2024-02-15 00:00:00,59.74,59.88,59.95,59.74,64638,2467.0,,
2468,2024-02-16 00:00:00,60.15,60.08,60.24,59.97,5986,2468.0,,
2469,2024-02-19 00:00:00,60.0,60.1,60.1,59.93,5393,2469.0,,
2470,2024-02-20 00:00:00,59.96,59.97,59.97,59.93,685,2470.0,,
2471,2024-02-21 00:00:00,60.06,60.14,60.15,60.06,9160,2471.0,,
2472,2024-02-22 00:00:00,60.87,60.95,61.07,60.8,3313,2472.0,,
2473,2024-02-23 00:00:00,60.98,61.18,61.18,60.9,15487,2473.0,,
2474,2024-02-26 00:00:00,61.08,61.02,61.08,61.0,6756,2474.0,,
2475,2024-02-27 00:00:00,60.99,61.28,61.28,60.96,4403,2475.0,,
2476,2024-02-28 00:00:00,61.2,61.06,61.2,61.06,7574,2476.0,,
2477,2024-02-29 00:00:00,61.22,61.22,61.22,61.22,0,2477.0,,
2478,2024-03-01 00:00:00,61.39,61.39,61.39,61.37,3855,2478.0,,
2479,2024-03-04 00:00:00,61.41,61.46,61.47,61.41,8,2479.0,,
2480,2024-03-05 00:00:00,61.37,61.31,61.48,61.31,181,2480.0,,
2481,2024-03-06 00:00:00,61.33,61.56,61.64,61.33,8193,2481.0,,
2482,2024-03-07 00:00:00,61.35,62.23,62.23,61.35,3812,2482.0,,
2483,2024-03-08 00:00:00,62.22,62.09,62.22,62.09,198,2483.0,,
2484,2024-03-11 00:00:00,61.63,61.8,61.8,61.63,205,2484.0,,
2485,2024-03-12 00:00:00,62.03,62.03,62.03,62.03,0,2485.0,,
2486,2024-03-13 00:00:00,62.44,62.57,62.57,62.44,1,2486.0,,
2487,2024-03-14 00:00:00,62.75,62.3,62.8,62.23,141578,2487.0,,
2488,2024-03-15 00:00:00,62.32,62.35,62.62,62.32,41807,2488.0,,
2489,2024-03-18 00:00:00,62.37,62.3,62.37,62.3,19,2489.0,,
2490,2024-03-19 00:00:00,62.14,62.43,62.43,62.13,16002,2490.0,,
2491,2024-03-20 00:00:00,62.26,62.42,62.53,62.25,2404,2491.0,,
2492,2024-03-21 00:00:00,63.09,62.89,63.09,62.75,789,2492.0,,
2493,2024-03-22 00:00:00,62.87,62.98,63.02,62.73,82484,2493.0,,
2494,2024-03-25 00:00:00,63.0,62.9,63.0,62.9,1179,2494.0,,
2495,2024-03-26 00:00:00,63.19,63.05,63.19,63.05,8,2495.0,,
2496,2024-03-27 00:00:00,63.43,63.56,63.56,63.43,164,2496.0,,
2497,2024-03-28 00:00:00,63.72,63.6,63.75,63.6,37,2497.0,,
2498,2024-04-02 00:00:00,64.15,63.15,64.15,63.09,431,2498.0,,
2499,2024-04-03 00:00:00,63.18,63.16,63.18,63.16,111,2499.0,,
2500,2024-04-04 00:00:00,63.4,63.47,63.51,63.4,2465,2500.0,,
2501,2024-04-05 00:00:00,62.74,62.79,62.79,62.41,166123,2501.0,,
2502,2024-04-08 00:00:00,62.77,63.22,63.23,62.77,9434,2502.0,,
2503,2024-04-09 00:00:00,62.97,62.69,63.11,62.69,17203,2503.0,,
2504,2024-04-10 00:00:00,63.07,62.72,63.2,62.29,5714,2504.0,,
2505,2024-04-11 00:00:00,62.77,62.43,62.78,62.43,1021,2505.0,,
2506,2024-04-12 00:00:00,63.02,63.02,63.02,63.02,0,2506.0,,
2507,2024-04-15 00:00:00,62.68,62.92,62.92,62.68,6,2507.0,,
2508,2024-04-16 00:00:00,61.75,61.68,61.78,61.68,7851,2508.0,,
2509,2024-04-17 00:00:00,61.74,61.75,62.14,61.62,5219,2509.0,,
2510,2024-04-18 00:00:00,61.92,61.99,61.99,61.79,7405,2510.0,,
2511,2024-04-19 00:00:00,61.45,61.75,61.79,61.45,2318,2511.0,,
2512,2024-04-22 00:00:00,62.28,62.12,62.28,61.87,2720,2512.0,,
2513,2024-04-23 00:00:00,62.65,62.99,62.99,62.56,4681,2513.0,,
2514,2024-04-24 00:00:00,63.22,62.96,63.24,62.96,1140,2514.0,,
2515,2024-04-25 00:00:00,62.75,62.49,62.75,62.44,2179,2515.0,,
2516,2024-04-26 00:00:00,62.79,63.16,63.19,62.77,5091,2516.0,,
2517,2024-04-29 00:00:00,63.48,63.1,63.48,63.1,14,2517.0,,
2518,2024-04-30 00:00:00,63.18,62.49,63.18,62.49,132,2518.0,,
2519,2024-05-02 00:00:00,62.2,62.36,62.51,62.2,2699,2519.0,,
2520,2024-05-03 00:00:00,62.67,62.68,62.98,62.5,23776,2520.0,,
2521,2024-05-06 00:00:00,62.81,63.15,63.15,62.76,33,2521.0,,
2522,2024-05-07 00:00:00,63.51,63.81,63.84,63.27,7238,2522.0,,
2523,2024-05-08 00:00:00,64.01,64.1,64.1,64.01,990,2523.0,,
2524,2024-05-09 00:00:00,64.14,64.14,64.14,64.14,0,2524.0,,
2525,2024-05-10 00:00:00,64.77,64.86,64.86,64.77,20,2525.0,,
2526,2024-05-13 00:00:00,64.99,64.84,64.99,64.7,3176,2526.0,,
2527,2024-05-14 00:00:00,64.84,64.91,64.92,64.79,553,2527.0,,
2528,2024-05-15 00:00:00,65.09,65.34,65.34,65.02,148,2528.0,,
2529,2024-05-16 00:00:00,65.38,65.08,65.38,65.08,598,2529.0,,
2530,2024-05-17 00:00:00,65.07,65.04,65.07,64.79,1074,2530.0,,
2531,2024-05-20 00:00:00,65.2,65.23,65.28,65.14,15,2531.0,,
2532,2024-05-21 00:00:00,65.07,64.96,65.07,64.85,5548,2532.0,,
2533,2024-05-22 00:00:00,64.86,64.74,64.89,64.7,81159,2533.0,,
2534,2024-05-23 00:00:00,64.96,64.81,65.08,64.81,1294,2534.0,,
2535,2024-05-24 00:00:00,64.33,64.74,64.74,64.33,14407,2535.0,,
2536,2024-05-27 00:00:00,64.87,64.99,64.99,64.87,239,2536.0,,
2537,2024-05-28 00:00:00,65.32,64.74,65.32,64.74,397,2537.0,,
2538,2024-05-29 00:00:00,64.71,64.03,64.71,64.03,880,2538.0,,
2539,2024-05-30 00:00:00,63.93,64.01,64.01,63.87,1569,2539.0,,
2540,2024-05-31 00:00:00,64.27,64.2,64.41,64.04,121197,2540.0,,
2541,2024-06-03 00:00:00,64.88,64.83,64.88,64.58,98,2541.0,,
2542,2024-06-04 00:00:00,64.4,64.4,64.4,64.4,45,2542.0,,
2543,2024-06-05 00:00:00,64.37,64.89,64.89,64.37,3014,2543.0,,
2544,2024-06-06 00:00:00,65.21,65.28,65.33,65.08,178450,2544.0,,
2545,2024-06-07 00:00:00,65.28,65.04,65.28,64.63,73386,2545.0,,
2546,2024-06-10 00:00:00,64.3,64.54,64.54,64.17,5663,2546.0,,
2547,2024-06-11 00:00:00,64.74,63.85,64.74,63.59,54657,2547.0,,
2548,2024-06-12 00:00:00,64.03,64.19,64.19,64.03,574,2548.0,,
2549,2024-06-13 00:00:00,64.54,63.45,64.54,63.45,968,2549.0,,
2550,2024-06-14 00:00:00,63.51,62.32,63.51,62.32,5740,2550.0,,
2551,2024-06-17 00:00:00,62.65,62.59,62.65,62.49,29,2551.0,,
2552,2024-06-18 00:00:00,63.17,63.09,63.17,62.97,3102,2552.0,,
2553,2024-06-19 00:00:00,63.11,62.93,63.11,62.93,20,2553.0,,
2554,2024-06-20 00:00:00,62.97,63.61,63.61,62.97,189,2554.0,,
2555,2024-06-21 00:00:00,63.37,63.07,63.4,63.07,155,2555.0,,
2556,2014-06-23 00:00:00,44.01,43.77,44.01,43.77,1871,0.0,0.0,
2557,2014-06-24 00:00:00,43.87,43.71,43.87,43.71,45088,1.0,1.0,
2558,2014-06-25 00:00:00,43.52,43.29,43.52,43.29,535,2.0,2.0,
2559,2014-06-26 00:00:00,43.4,43.15,43.4,42.97,8591,3.0,3.0,
2560,2014-06-27 00:00:00,43.16,43.12,43.27,43.08,30765,4.0,4.0,
2561,2014-06-30 00:00:00,43.14,43.08,43.16,42.92,8244,5.0,5.0,
2562,2014-07-01 00:00:00,43.21,43.44,43.44,43.21,8824,6.0,6.0,
2563,2014-07-02 00:00:00,43.44,43.44,43.46,43.44,1946,7.0,7.0,
2564,2014-07-03 00:00:00,43.4,43.9,43.9,43.4,423,8.0,8.0,
2565,2014-07-04 00:00:00,43.82,43.65,43.82,43.65,698,9.0,9.0,
2566,2014-07-07 00:00:00,43.52,43.16,43.62,43.16,2091,10.0,10.0,
2567,2014-07-08 00:00:00,43.25,42.53,43.25,42.53,9027,11.0,11.0,
2568,2014-07-09 00:00:00,41.73,41.73,41.73,41.73,36,12.0,12.0,
2569,2014-07-10 00:00:00,41.61,41.04,41.61,40.87,896,13.0,13.0,
2570,2014-07-11 00:00:00,41.14,41.19,41.19,41.0,5239,14.0,14.0,
2571,2014-07-14 00:00:00,41.32,41.52,41.52,41.31,14300,15.0,15.0,
2572,2014-07-15 00:00:00,41.45,41.17,41.45,41.11,31268,16.0,16.0,
2573,2014-07-16 00:00:00,41.37,41.82,41.82,41.37,5758,17.0,17.0,
2574,2014-07-17 00:00:00,41.61,41.32,41.62,41.32,3445,18.0,18.0,
2575,2014-07-18 00:00:00,41.08,41.36,41.36,41.08,2804,19.0,19.0,
2576,2014-07-21 00:00:00,41.31,41.05,41.31,41.05,0,20.0,20.0,
2577,2014-07-22 00:00:00,41.23,41.56,41.62,41.23,11780,21.0,21.0,
2578,2014-07-23 00:00:00,41.56,41.68,41.84,41.56,318,22.0,22.0,
2579,2014-07-24 00:00:00,41.67,42.04,42.04,41.47,5000,23.0,23.0,
2580,2014-07-25 00:00:00,41.9,41.53,41.96,41.52,14570,24.0,24.0,
2581,2014-07-28 00:00:00,41.66,41.45,41.66,41.18,13507,25.0,25.0,
2582,2014-07-29 00:00:00,41.59,41.63,41.73,41.59,189,26.0,26.0,
2583,2014-07-30 00:00:00,41.56,41.42,41.56,41.42,128,27.0,27.0,
2584,2014-07-31 00:00:00,41.39,40.7,41.39,40.6,69489,28.0,28.0,
2585,2014-08-01 00:00:00,40.67,40.14,40.67,39.99,20687,29.0,29.0,
2586,2014-08-04 00:00:00,40.2,40.0,40.2,40.0,11719,30.0,30.0,
2587,2014-08-05 00:00:00,40.15,40.02,40.26,40.02,3965,31.0,31.0,
2588,2014-08-06 00:00:00,39.7,39.73,39.73,39.47,13765,32.0,32.0,
2589,2014-08-07 00:00:00,39.57,39.25,39.65,39.25,12932,33.0,33.0,
2590,2014-08-08 00:00:00,38.92,39.19,39.29,38.92,115331,34.0,34.0,
2591,2014-08-11 00:00:00,39.5,39.7,39.77,39.5,32938,35.0,35.0,
2592,2014-08-12 00:00:00,39.62,39.46,39.62,39.46,11102,36.0,36.0,
2593,2014-08-13 00:00:00,39.65,39.85,39.85,39.61,768,37.0,37.0,
2594,2014-08-14 00:00:00,39.65,39.88,39.88,39.65,0,38.0,38.0,
2595,2014-08-15 00:00:00,39.96,39.57,39.96,39.57,0,39.0,39.0,
2596,2014-08-18 00:00:00,40.09,40.07,40.1,40.0,7006,40.0,40.0,
2597,2014-08-19 00:00:00,40.24,40.36,40.41,40.24,10772,41.0,41.0,
2598,2014-08-20 00:00:00,40.35,40.33,40.35,40.27,1900,42.0,42.0,
2599,2014-08-21 00:00:00,40.32,40.77,40.77,40.32,9920,43.0,43.0,
2600,2014-08-22 00:00:00,40.74,40.52,40.74,40.52,0,44.0,44.0,
2601,2014-08-25 00:00:00,41.01,41.25,41.25,40.9,17379,45.0,45.0,
2602,2014-08-26 00:00:00,41.16,41.62,41.62,41.16,14848,46.0,46.0,
2603,2014-08-27 00:00:00,41.56,41.65,41.65,41.56,8099,47.0,47.0,
2604,2014-08-28 00:00:00,41.57,41.3,41.57,41.25,1404,48.0,48.0,
2605,2014-08-29 00:00:00,41.38,41.35,41.43,41.23,20388,49.0,49.0,
2606,2014-09-01 00:00:00,41.44,41.35,41.44,41.28,18338,50.0,50.0,
2607,2014-09-02 00:00:00,41.46,41.39,41.61,41.39,1050,51.0,51.0,
2608,2014-09-03 00:00:00,41.53,41.84,41.88,41.53,18989,52.0,52.0,
2609,2014-09-04 00:00:00,41.77,42.52,42.52,41.77,15000,53.0,53.0,
2610,2014-09-05 00:00:00,42.52,42.51,42.52,42.47,640,54.0,54.0,
2611,2014-09-08 00:00:00,42.49,42.45,42.49,42.33,2400,55.0,55.0,
2612,2014-09-09 00:00:00,42.4,42.19,42.4,42.19,0,56.0,56.0,
2613,2014-09-10 00:00:00,42.08,42.14,42.14,41.91,14636,57.0,57.0,
2614,2014-09-11 00:00:00,42.23,42.05,42.23,42.05,0,58.0,58.0,
2615,2014-09-12 00:00:00,42.1,42.01,42.1,42.01,0,59.0,59.0,
2616,2014-09-15 00:00:00,41.85,41.93,41.93,41.85,0,60.0,60.0,
2617,2014-09-16 00:00:00,41.83,41.77,41.83,41.77,0,61.0,61.0,
2618,2014-09-17 00:00:00,41.94,41.98,41.98,41.92,50,62.0,62.0,
2619,2014-09-18 00:00:00,42.09,42.37,42.37,42.09,44,63.0,63.0,
2620,2014-09-19 00:00:00,42.66,42.4,42.67,42.35,105464,64.0,64.0,
2621,2014-09-22 00:00:00,42.21,42.17,42.21,42.17,0,65.0,65.0,
2622,2014-09-23 00:00:00,42.02,41.55,42.02,41.54,3791,66.0,66.0,
2623,2014-09-24 00:00:00,41.59,41.89,41.95,41.49,1538,67.0,67.0,
2624,2014-09-25 00:00:00,41.91,41.41,42.08,41.41,557,68.0,68.0,
2625,2014-09-26 00:00:00,41.35,41.62,41.62,41.35,10388,69.0,69.0,
2626,2014-09-29 00:00:00,41.67,41.29,41.67,41.11,5936,70.0,70.0,
2627,2014-09-30 00:00:00,41.45,41.68,41.68,41.45,0,71.0,71.0,
2628,2014-10-01 00:00:00,41.6,41.3,41.69,41.3,25,72.0,72.0,
2629,2014-10-02 00:00:00,41.17,40.24,41.26,40.24,10776,73.0,73.0,
2630,2014-10-03 00:00:00,40.53,40.64,40.64,40.52,7002,74.0,74.0,
2631,2014-10-06 00:00:00,40.92,40.67,40.92,40.67,15000,75.0,75.0,
2632,2014-10-07 00:00:00,40.43,40.01,40.43,40.01,5468,76.0,76.0,
2633,2014-10-08 00:00:00,39.82,39.63,39.82,39.63,529,77.0,77.0,
2634,2014-10-09 00:00:00,40.03,39.48,40.04,39.48,550,78.0,78.0,
2635,2014-10-10 00:00:00,39.21,38.83,39.21,38.78,16076,79.0,79.0,
2636,2014-10-13 00:00:00,38.53,38.86,39.04,38.51,22438,80.0,80.0,
2637,2014-10-14 00:00:00,38.67,38.92,38.92,38.29,6768,81.0,81.0,
2638,2014-10-15 00:00:00,38.88,37.61,38.88,37.61,8750,82.0,82.0,
2639,2014-10-16 00:00:00,37.91,37.4,37.91,36.4,34492,83.0,83.0,
2640,2014-10-17 00:00:00,37.55,38.54,38.54,37.55,7311,84.0,84.0,
2641,2014-10-20 00:00:00,38.35,38.18,38.35,38.14,1150,85.0,85.0,
2642,2014-10-21 00:00:00,38.1,39.04,39.04,38.1,3307,86.0,86.0,
2643,2014-10-22 00:00:00,39.14,39.29,39.29,39.14,10257,87.0,87.0,
2644,2014-10-23 00:00:00,38.98,39.68,39.69,38.98,4983,88.0,88.0,
2645,2014-10-24 00:00:00,39.42,39.54,39.61,39.42,32653,89.0,89.0,
2646,2014-10-27 00:00:00,39.98,39.15,39.98,39.15,6896,90.0,90.0,
2647,2014-10-28 00:00:00,39.42,39.68,39.68,39.42,0,91.0,91.0,
2648,2014-10-29 00:00:00,39.87,39.57,39.87,39.57,59000,92.0,92.0,
2649,2014-10-30 00:00:00,39.87,39.78,39.87,39.78,218,93.0,93.0,
2650,2014-10-31 00:00:00,40.27,40.57,40.57,40.27,19879,94.0,94.0,
2651,2014-11-03 00:00:00,40.57,40.29,40.57,40.29,5110,95.0,95.0,
2652,2014-11-04 00:00:00,40.23,39.75,40.5,39.75,12921,96.0,96.0,
2653,2014-11-05 00:00:00,40.1,40.41,40.41,40.1,24459,97.0,97.0,
2654,2014-11-06 00:00:00,40.28,40.55,40.56,40.24,20802,98.0,98.0,
2655,2014-11-07 00:00:00,40.69,40.18,40.69,39.99,6536,99.0,99.0,
2656,2014-11-10 00:00:00,40.03,40.52,40.52,40.03,1104,100.0,100.0,
2657,2014-11-11 00:00:00,40.64,40.68,40.72,40.64,3049,101.0,101.0,
2658,2014-11-12 00:00:00,40.56,40.04,40.56,40.04,0,102.0,102.0,
2659,2014-11-13 00:00:00,40.25,40.14,40.29,40.14,1566,103.0,103.0,
2660,2014-11-14 00:00:00,40.3,40.24,40.3,40.15,306,104.0,104.0,
2661,2014-11-17 00:00:00,39.88,40.5,40.5,39.88,186,105.0,105.0,
2662,2014-11-18 00:00:00,40.56,40.95,40.95,40.56,24838,106.0,106.0,
2663,2014-11-19 00:00:00,40.92,40.94,41.1,40.92,6268,107.0,107.0,
2664,2014-11-20 00:00:00,40.88,40.73,40.99,40.73,5530,108.0,108.0,
2665,2014-11-21 00:00:00,40.9,41.83,41.9,40.9,2130,109.0,109.0,
2666,2014-11-24 00:00:00,41.86,42.07,42.26,41.86,18000,110.0,110.0,
2667,2014-11-25 00:00:00,42.11,42.28,42.28,42.11,0,111.0,111.0,
2668,2014-11-26 00:00:00,42.4,42.27,42.4,42.21,3617,112.0,112.0,
2669,2014-11-27 00:00:00,42.31,42.52,42.52,42.31,346,113.0,113.0,
2670,2014-11-28 00:00:00,42.53,42.59,42.6,42.34,17597,114.0,114.0,
2671,2014-12-01 00:00:00,42.36,42.38,42.43,42.23,270705,115.0,115.0,
2672,2014-12-02 00:00:00,42.49,42.48,42.57,42.4,1979,116.0,116.0,
2673,2014-12-03 00:00:00,42.55,42.64,42.64,42.47,873,117.0,117.0,
2674,2014-12-04 00:00:00,42.76,42.03,42.84,42.03,52679,118.0,118.0,
2675,2014-12-05 00:00:00,42.44,42.99,42.99,42.44,305,119.0,119.0,
2676,2014-12-08 00:00:00,42.76,42.69,42.93,42.69,10288,120.0,120.0,
2677,2014-12-09 00:00:00,42.24,41.64,42.33,41.64,52799,121.0,121.0,
2678,2014-12-10 00:00:00,41.72,41.29,41.77,41.17,30931,122.0,122.0,
2679,2014-12-11 00:00:00,41.29,41.35,41.4,41.22,23007,123.0,123.0,
2680,2014-12-12 00:00:00,41.04,40.27,41.04,40.27,30424,124.0,124.0,
2681,2014-12-15 00:00:00,40.17,39.26,40.49,39.26,29213,125.0,125.0,
2682,2014-12-16 00:00:00,39.44,40.11,40.11,39.01,1685,126.0,126.0,
2683,2014-12-17 00:00:00,39.58,40.01,40.2,39.58,22512,127.0,127.0,
2684,2014-12-18 00:00:00,40.6,41.3,41.3,40.6,19749,128.0,128.0,
2685,2014-12-19 00:00:00,41.58,41.24,41.58,40.94,12835,129.0,129.0,
2686,2014-12-22 00:00:00,41.45,41.48,41.55,41.31,7161,130.0,130.0,
2687,2014-12-23 00:00:00,41.92,41.92,41.92,41.92,0,131.0,131.0,
2688,2014-12-29 00:00:00,41.89,41.81,41.89,41.42,5118,132.0,132.0,
2689,2014-12-30 00:00:00,41.25,41.25,41.25,41.25,0,133.0,133.0,
2690,2015-01-02 00:00:00,41.68,41.35,41.68,41.35,94,134.0,134.0,
2691,2015-01-05 00:00:00,41.07,40.07,41.15,40.07,12790,135.0,135.0,
2692,2015-01-06 00:00:00,40.16,39.86,40.43,39.86,600,136.0,136.0,
2693,2015-01-07 00:00:00,40.05,40.06,40.13,40.05,215,137.0,137.0,
2694,2015-01-08 00:00:00,40.58,41.29,41.29,40.58,1058,138.0,138.0,
2695,2015-01-09 00:00:00,41.08,40.45,41.31,40.45,950,139.0,139.0,
2696,2015-01-12 00:00:00,40.66,40.86,40.97,40.42,25438,140.0,140.0,
2697,2015-01-13 00:00:00,40.77,41.49,41.49,40.77,949,141.0,141.0,
2698,2015-01-14 00:00:00,40.98,40.99,41.25,40.88,16320,142.0,142.0,
2699,2015-01-15 00:00:00,41.46,41.81,41.91,41.46,342168,143.0,143.0,
2700,2015-01-16 00:00:00,41.77,42.33,42.33,41.62,14895,144.0,144.0,
2701,2015-01-19 00:00:00,42.42,42.65,42.73,42.25,6370,145.0,145.0,
2702,2015-01-20 00:00:00,42.8,42.93,43.0,42.8,61888,146.0,146.0,
2703,2015-01-21 00:00:00,43.06,42.71,43.15,42.66,126738,147.0,147.0,
2704,2015-01-22 00:00:00,43.26,43.9,43.92,43.23,47179,148.0,148.0,
2705,2015-01-23 00:00:00,44.3,44.65,44.73,44.3,12212,149.0,149.0,
2706,2015-01-26 00:00:00,44.51,45.11,45.11,44.49,2024,150.0,150.0,
2707,2015-01-27 00:00:00,45.14,44.59,45.14,44.44,200877,151.0,151.0,
2708,2015-01-28 00:00:00,44.97,44.53,44.97,44.45,50595,152.0,152.0,
2709,2015-01-29 00:00:00,44.35,44.69,44.7,44.32,4792,153.0,153.0,
2710,2015-01-30 00:00:00,44.93,44.48,44.93,44.4,1292,154.0,154.0,
2711,2015-02-02 00:00:00,44.54,44.65,44.65,44.28,19433,155.0,155.0,
2712,2015-02-03 00:00:00,44.88,45.08,45.2,44.88,80921,156.0,156.0,
2713,2015-02-04 00:00:00,45.21,45.23,45.24,44.85,12154,157.0,157.0,
2714,2015-02-05 00:00:00,44.9,45.25,45.25,44.9,9316,158.0,158.0,
2715,2015-02-06 00:00:00,45.1,45.12,45.12,45.0,1100,159.0,159.0,
2716,2015-02-09 00:00:00,44.59,44.5,44.59,44.36,10258,160.0,160.0,
2717,2015-02-10 00:00:00,44.56,45.03,45.03,44.5,6925,161.0,161.0,
2718,2015-02-11 00:00:00,44.97,44.89,44.97,44.88,2459,162.0,162.0,
2719,2015-02-12 00:00:00,44.94,45.5,45.52,44.94,1198,163.0,163.0,
2720,2015-02-13 00:00:00,45.71,45.8,45.87,45.7,1345,164.0,164.0,
2721,2015-02-16 00:00:00,45.76,45.67,45.83,45.67,363,165.0,165.0,
2722,2015-02-17 00:00:00,45.47,45.68,45.68,45.17,12670,166.0,166.0,
2723,2015-02-18 00:00:00,45.82,46.09,46.09,45.82,121638,167.0,167.0,
2724,2015-02-19 00:00:00,45.96,46.38,46.38,45.94,16775,168.0,168.0,
2725,2015-02-20 00:00:00,46.2,46.42,46.49,46.05,28740,169.0,169.0,
2726,2015-02-23 00:00:00,46.9,46.83,46.9,46.66,1570,170.0,170.0,
2727,2015-02-24 00:00:00,46.91,47.12,47.2,46.75,2511,171.0,171.0,
2728,2015-02-25 00:00:00,47.13,47.02,47.13,46.98,15404,172.0,172.0,
2729,2015-02-26 00:00:00,47.11,47.45,47.45,47.07,6854,173.0,173.0,
2730,2015-02-27 00:00:00,47.52,47.71,47.72,47.33,37334,174.0,174.0,
2731,2015-03-02 00:00:00,47.77,47.69,47.78,47.61,433,175.0,175.0,
2732,2015-03-03 00:00:00,47.77,47.14,47.85,47.14,3894,176.0,176.0,
2733,2015-03-04 00:00:00,47.31,47.47,47.47,47.01,54464,177.0,177.0,
2734,2015-03-05 00:00:00,47.64,47.99,47.99,47.64,35,178.0,178.0,
2735,2015-03-06 00:00:00,48.06,48.08,48.19,48.03,4183,179.0,179.0,
2736,2015-03-09 00:00:00,47.83,47.97,48.02,47.83,5280,180.0,180.0,
2737,2015-03-10 00:00:00,47.98,47.51,47.98,47.38,25885,181.0,181.0,
2738,2015-03-11 00:00:00,47.7,48.56,48.56,47.65,9239,182.0,182.0,
2739,2015-03-12 00:00:00,48.57,48.52,48.61,48.52,12881,183.0,183.0,
2740,2015-03-13 00:00:00,48.7,48.73,48.73,48.43,4368,184.0,184.0,
2741,2015-03-16 00:00:00,48.87,49.37,49.47,48.87,2490,185.0,185.0,
2742,2015-03-17 00:00:00,49.4,48.86,49.41,48.76,3826,186.0,186.0,
2743,2015-03-18 00:00:00,48.99,48.76,48.99,48.4,21424,187.0,187.0,
2744,2015-03-19 00:00:00,48.9,48.91,49.05,48.86,302,188.0,188.0,
2745,2015-03-20 00:00:00,49.02,49.5,49.5,48.97,1984,189.0,189.0,
2746,2015-03-23 00:00:00,49.14,49.16,49.16,49.01,60473,190.0,190.0,
2747,2015-03-24 00:00:00,48.95,49.59,49.6,48.95,13682,191.0,191.0,
2748,2015-03-25 00:00:00,49.46,48.99,49.53,48.97,32177,192.0,192.0,
2749,2015-03-26 00:00:00,48.53,48.75,48.75,48.1,3547,193.0,193.0,
2750,2015-03-27 00:00:00,48.96,48.88,48.96,48.83,7641,194.0,194.0,
2751,2015-03-30 00:00:00,49.17,49.56,49.6,49.17,1638,195.0,195.0,
2752,2015-03-31 00:00:00,49.47,49.17,49.69,49.11,10683,196.0,196.0,
2753,2015-04-01 00:00:00,48.88,49.3,49.73,48.88,35119,197.0,197.0,
2754,2015-04-02 00:00:00,49.37,49.4,49.42,49.28,2313,198.0,198.0,
2755,2015-04-07 00:00:00,49.67,50.1,50.2,49.67,15518,199.0,199.0,
2756,2015-04-08 00:00:00,50.15,49.89,50.2,49.85,7151,200.0,200.0,
2757,2015-04-09 00:00:00,50.09,50.44,50.45,50.09,33758,201.0,201.0,
2758,2015-04-10 00:00:00,50.7,50.91,50.92,50.59,13582,202.0,202.0,
2759,2015-04-13 00:00:00,50.85,51.05,51.15,50.85,1640,203.0,203.0,
2760,2015-04-14 00:00:00,50.96,50.62,50.96,50.46,7447,204.0,204.0,
2761,2015-04-15 00:00:00,50.72,50.81,51.01,50.72,44388,205.0,205.0,
2762,2015-04-16 00:00:00,50.69,50.21,50.69,50.21,11873,206.0,206.0,
2763,2015-04-17 00:00:00,50.04,49.18,50.04,49.11,77229,207.0,207.0,
2764,2015-04-20 00:00:00,49.38,49.67,49.67,49.38,63122,208.0,208.0,
2765,2015-04-21 00:00:00,50.0,49.89,50.22,49.75,41322,209.0,209.0,
2766,2015-04-22 00:00:00,50.15,49.83,50.15,49.44,316,210.0,210.0,
2767,2015-04-23 00:00:00,49.97,49.49,49.97,49.3,2485,211.0,211.0,
2768,2015-04-24 00:00:00,49.82,49.79,49.98,49.6,1619,212.0,212.0,
2769,2015-04-27 00:00:00,49.87,50.51,50.51,49.53,13556,213.0,213.0,
2770,2015-04-28 00:00:00,50.4,49.71,50.4,49.55,6118,214.0,214.0,
2771,2015-04-29 00:00:00,49.99,48.39,49.99,48.39,322022,215.0,215.0,
2772,2015-04-30 00:00:00,48.34,48.45,48.54,47.9,19059,216.0,216.0,
2773,2015-05-04 00:00:00,48.54,48.81,48.95,48.31,26396,217.0,217.0,
2774,2015-05-05 00:00:00,48.73,47.73,49.25,47.64,27436,218.0,218.0,
2775,2015-05-06 00:00:00,47.7,47.75,48.11,47.5,18521,219.0,219.0,
2776,2015-05-07 00:00:00,47.47,47.88,47.88,46.93,41107,220.0,220.0,
2777,2015-05-08 00:00:00,48.19,49.06,49.06,48.15,11997,221.0,221.0,
2778,2015-05-11 00:00:00,49.0,48.94,49.0,48.78,19859,222.0,222.0,
2779,2015-05-12 00:00:00,48.55,48.35,48.55,48.01,3387,223.0,223.0,
2780,2015-05-13 00:00:00,48.55,48.19,48.88,48.05,19540,224.0,224.0,
2781,2015-05-14 00:00:00,47.95,48.84,48.84,47.95,1360,225.0,225.0,
2782,2015-05-15 00:00:00,48.93,48.55,49.07,48.55,4885,226.0,226.0,
2783,2015-05-18 00:00:00,48.44,48.81,48.82,48.28,52060,227.0,227.0,
2784,2015-05-19 00:00:00,49.32,49.79,49.79,49.32,6043,228.0,228.0,
2785,2015-05-20 00:00:00,49.79,49.95,49.95,49.61,2660,229.0,229.0,
2786,2015-05-21 00:00:00,49.91,50.02,50.04,49.82,21759,230.0,230.0,
2787,2015-05-22 00:00:00,50.03,49.94,50.03,49.91,250,231.0,231.0,
2788,2015-05-26 00:00:00,49.7,49.2,49.7,49.12,15012,232.0,232.0,
2789,2015-05-27 00:00:00,49.45,50.0,50.14,49.24,190240,233.0,233.0,
2790,2015-05-28 00:00:00,49.82,49.68,49.96,49.57,18995,234.0,234.0,
2791,2015-05-29 00:00:00,49.71,48.7,49.71,48.7,5809,235.0,235.0,
2792,2015-06-01 00:00:00,48.9,48.78,48.9,48.67,37260,236.0,236.0,
2793,2015-06-02 00:00:00,48.93,48.57,48.93,48.46,31318,237.0,237.0,
2794,2015-06-03 00:00:00,48.69,48.79,48.79,48.5,6019,238.0,238.0,
2795,2015-06-04 00:00:00,48.45,48.4,48.89,48.35,1214,239.0,239.0,
2796,2015-06-05 00:00:00,48.03,47.77,48.09,47.62,23019,240.0,240.0,
2797,2015-06-08 00:00:00,47.59,47.26,47.65,47.26,9896,241.0,241.0,
2798,2015-06-09 00:00:00,47.16,47.15,47.16,46.53,25418,242.0,242.0,
2799,2015-06-10 00:00:00,47.01,48.05,48.14,47.0,98628,243.0,243.0,
2800,2015-06-11 00:00:00,47.98,48.35,48.47,47.98,12885,244.0,244.0,
2801,2015-06-12 00:00:00,48.06,47.76,48.28,47.58,26412,245.0,245.0,
2802,2015-06-15 00:00:00,47.13,46.91,47.2,46.83,67181,246.0,246.0,
2803,2015-06-16 00:00:00,46.61,47.14,47.21,46.33,35936,247.0,247.0,
2804,2015-06-17 00:00:00,47.18,46.79,47.18,46.79,9000,248.0,248.0,
2805,2015-06-18 00:00:00,46.66,47.07,47.07,46.27,86663,249.0,249.0,
2806,2015-06-19 00:00:00,47.11,47.16,47.51,47.11,6111,250.0,250.0,
2807,2015-06-22 00:00:00,48.39,48.87,48.96,48.3,28658,251.0,251.0,
2808,2015-06-23 00:00:00,49.17,49.28,49.5,49.17,45469,252.0,252.0,
2809,2015-06-24 00:00:00,49.27,49.11,49.4,48.71,165610,253.0,253.0,
2810,2015-06-25 00:00:00,48.81,49.09,49.37,48.81,32597,254.0,254.0,
2811,2015-06-26 00:00:00,48.78,49.24,49.37,48.72,11711,255.0,255.0,
2812,2015-06-29 00:00:00,47.16,47.38,47.99,47.16,160129,256.0,256.0,
2813,2015-06-30 00:00:00,47.26,46.81,47.4,46.81,783,257.0,257.0,
2814,2015-07-01 00:00:00,47.15,47.72,48.09,47.15,6135,258.0,258.0,
2815,2015-07-02 00:00:00,47.78,47.31,47.78,47.3,52819,259.0,259.0,
2816,2015-07-03 00:00:00,47.21,47.05,47.33,46.84,63095,260.0,260.0,
2817,2015-07-06 00:00:00,46.13,46.14,46.64,46.13,55352,261.0,261.0,
2818,2015-07-07 00:00:00,46.2,45.2,46.2,45.2,52719,262.0,262.0,
2819,2015-07-08 00:00:00,44.06,44.24,44.44,44.06,18610,263.0,263.0,
2820,2015-07-09 00:00:00,44.46,45.4,45.4,44.46,2932,264.0,264.0,
2821,2015-07-10 00:00:00,46.42,46.7,46.7,46.25,25781,265.0,265.0,
2822,2015-07-13 00:00:00,47.25,47.45,47.52,47.23,23260,266.0,266.0,
2823,2015-07-14 00:00:00,47.38,47.66,47.66,47.35,18623,267.0,267.0,
2824,2015-07-15 00:00:00,47.61,47.87,47.9,47.58,19835,268.0,268.0,
2825,2015-07-16 00:00:00,48.15,48.55,48.72,48.15,62875,269.0,269.0,
2826,2015-07-17 00:00:00,48.72,48.51,48.72,48.49,30713,270.0,270.0,
2827,2015-07-20 00:00:00,48.72,48.78,49.1,48.72,16275,271.0,271.0,
2828,2015-07-21 00:00:00,48.88,48.31,48.88,48.26,3060,272.0,272.0,
2829,2015-07-22 00:00:00,48.06,48.12,48.17,48.06,2764,273.0,273.0,
2830,2015-07-23 00:00:00,48.46,48.08,48.46,48.08,30481,274.0,274.0,
2831,2015-07-24 00:00:00,47.96,47.64,48.19,47.64,17212,275.0,275.0,
2832,2015-07-27 00:00:00,47.39,46.53,47.39,46.53,4233,276.0,276.0,
2833,2015-07-28 00:00:00,46.8,47.02,47.12,46.66,13352,277.0,277.0,
2834,2015-07-29 00:00:00,47.3,47.25,47.33,46.98,14059,278.0,278.0,
2835,2015-07-30 00:00:00,47.52,47.36,47.52,47.36,86,279.0,279.0,
2836,2015-07-31 00:00:00,47.41,47.59,47.59,47.38,3235,280.0,280.0,
2837,2015-08-03 00:00:00,47.66,48.06,48.06,47.47,15291,281.0,281.0,
2838,2015-08-04 00:00:00,47.92,47.95,47.98,47.86,151,282.0,282.0,
2839,2015-08-05 00:00:00,48.16,48.59,48.59,48.16,41,283.0,283.0,
2840,2015-08-06 00:00:00,48.48,48.45,48.65,48.45,11315,284.0,284.0,
2841,2015-08-07 00:00:00,48.3,48.06,48.3,48.06,200,285.0,285.0,
2842,2015-08-10 00:00:00,48.31,48.53,48.53,47.95,683,286.0,286.0,
2843,2015-08-11 00:00:00,48.33,47.61,48.33,47.61,10312,287.0,287.0,
2844,2015-08-12 00:00:00,46.96,46.13,46.96,46.05,39715,288.0,288.0,
2845,2015-08-13 00:00:00,46.68,46.6,46.95,46.6,41601,289.0,289.0,
2846,2015-08-14 00:00:00,46.7,46.37,46.81,46.32,109506,290.0,290.0,
2847,2015-08-17 00:00:00,46.79,46.44,46.79,46.05,389,291.0,291.0,
2848,2015-08-18 00:00:00,46.4,46.42,46.56,46.38,1355,292.0,292.0,
2849,2015-08-19 00:00:00,46.22,45.61,46.22,45.61,1188,293.0,293.0,
2850,2015-08-20 00:00:00,45.5,44.6,45.5,44.6,18238,294.0,294.0,
2851,2015-08-21 00:00:00,43.99,43.3,44.1,43.3,48190,295.0,295.0,
2852,2015-08-24 00:00:00,42.06,41.21,42.29,39.79,114825,296.0,296.0,
2853,2015-08-25 00:00:00,41.81,42.97,43.15,41.55,61697,297.0,297.0,
2854,2015-08-26 00:00:00,42.2,42.33,42.82,42.17,20013,298.0,298.0,
2855,2015-08-27 00:00:00,43.33,43.68,43.82,43.33,188811,299.0,299.0,
2856,2015-08-28 00:00:00,43.8,43.74,43.8,43.45,6954,300.0,300.0,
2857,2015-08-31 00:00:00,43.52,43.51,43.52,43.38,126,301.0,301.0,
2858,2015-09-01 00:00:00,43.01,42.51,43.01,42.23,3892,302.0,302.0,
2859,2015-09-02 00:00:00,42.67,42.6,42.69,42.45,2540,303.0,303.0,
2860,2015-09-03 00:00:00,43.06,43.49,43.72,43.06,12219,304.0,304.0,
2861,2015-09-04 00:00:00,43.09,42.42,43.09,42.42,22608,305.0,305.0,
2862,2015-09-07 00:00:00,42.92,42.63,42.92,42.54,152,306.0,306.0,
2863,2015-09-08 00:00:00,43.01,43.13,43.44,43.01,6072,307.0,307.0,
2864,2015-09-09 00:00:00,44.07,43.61,44.24,43.61,42366,308.0,308.0,
2865,2015-09-10 00:00:00,43.24,43.07,43.5,43.07,196,309.0,309.0,
2866,2015-09-11 00:00:00,43.12,42.61,43.12,42.61,6029,310.0,310.0,
2867,2015-09-14 00:00:00,42.63,42.44,42.66,42.4,93680,311.0,311.0,
2868,2015-09-15 00:00:00,42.61,42.83,43.0,42.45,13448,312.0,312.0,
2869,2015-09-16 00:00:00,43.29,43.35,43.35,43.26,1248,313.0,313.0,
2870,2015-09-17 00:00:00,43.49,43.45,43.49,43.36,436,314.0,314.0,
2871,2015-09-18 00:00:00,43.03,42.37,43.08,42.14,5323,315.0,315.0,
2872,2015-09-21 00:00:00,42.31,42.67,42.85,42.24,27670,316.0,316.0,
2873,2015-09-22 00:00:00,42.59,41.26,42.59,41.25,23572,317.0,317.0,
2874,2015-09-23 00:00:00,41.4,41.29,41.49,41.29,973,318.0,318.0,
2875,2015-09-24 00:00:00,41.24,40.5,41.46,40.43,354,319.0,319.0,
2876,2015-09-25 00:00:00,41.13,41.69,41.79,41.13,10954,320.0,320.0,
2877,2015-09-28 00:00:00,41.61,40.77,41.61,40.77,4568,321.0,321.0,
2878,2015-09-29 00:00:00,40.22,40.61,40.91,40.15,2541,322.0,322.0,
2879,2015-09-30 00:00:00,41.38,41.55,41.59,41.38,970,323.0,323.0,
2880,2015-10-01 00:00:00,42.03,41.21,42.03,41.21,3334,324.0,324.0,
2881,2015-10-02 00:00:00,41.63,41.47,41.81,41.47,10906,325.0,325.0,
2882,2015-10-05 00:00:00,42.2,42.78,42.78,42.2,12334,326.0,326.0,
2883,2015-10-06 00:00:00,42.81,43.15,43.15,42.62,17476,327.0,327.0,
2884,2015-10-07 00:00:00,43.35,43.23,43.5,43.23,38289,328.0,328.0,
2885,2015-10-08 00:00:00,43.25,43.3,43.34,43.08,5752,329.0,329.0,
2886,2015-10-09 00:00:00,43.72,43.58,43.74,43.58,322,330.0,330.0,
2887,2015-10-12 00:00:00,43.66,43.5,43.66,43.41,1531,331.0,331.0,
2888,2015-10-13 00:00:00,43.38,43.16,43.38,42.83,6106,332.0,332.0,
2889,2015-10-14 00:00:00,42.71,42.8,42.93,42.7,19352,333.0,333.0,
2890,2015-10-15 00:00:00,43.1,43.4,43.45,43.1,25319,334.0,334.0,
2891,2015-10-16 00:00:00,43.53,43.65,43.74,43.53,35391,335.0,335.0,
2892,2015-10-19 00:00:00,43.75,43.78,43.97,43.68,21153,336.0,336.0,
2893,2015-10-20 00:00:00,43.81,43.56,43.81,43.41,4548,337.0,337.0,
2894,2015-10-21 00:00:00,43.66,43.77,43.77,43.42,11877,338.0,338.0,
2895,2015-10-22 00:00:00,43.53,44.73,44.75,43.53,19261,339.0,339.0,
2896,2015-10-23 00:00:00,45.06,45.66,45.75,45.06,46304,340.0,340.0,
2897,2015-10-26 00:00:00,45.53,45.55,45.76,45.46,52876,341.0,341.0,
2898,2015-10-27 00:00:00,45.36,45.04,45.81,45.04,84444,342.0,342.0,
2899,2015-10-28 00:00:00,45.19,45.56,45.56,45.12,17526,343.0,343.0,
2900,2015-10-29 00:00:00,45.69,45.51,45.69,45.38,16043,344.0,344.0,
2901,2015-10-30 00:00:00,45.61,45.6,45.61,45.37,19683,345.0,345.0,
2902,2015-11-02 00:00:00,45.37,45.86,45.98,45.37,9774,346.0,346.0,
2903,2015-11-03 00:00:00,45.79,45.96,45.96,45.79,624,347.0,347.0,
2904,2015-11-04 00:00:00,46.08,45.88,46.26,45.88,12094,348.0,348.0,
2905,2015-11-05 00:00:00,45.93,45.97,46.24,45.81,11195,349.0,349.0,
2906,2015-11-06 00:00:00,45.92,46.27,46.31,45.76,6841,350.0,350.0,
2907,2015-11-09 00:00:00,46.25,45.56,46.25,45.56,89825,351.0,351.0,
2908,2015-11-10 00:00:00,45.65,45.65,45.65,45.38,8382,352.0,352.0,
2909,2015-11-11 00:00:00,45.78,45.98,46.21,45.78,14860,353.0,353.0,
2910,2015-11-12 00:00:00,45.78,45.22,45.78,45.2,11326,354.0,354.0,
2911,2015-11-13 00:00:00,45.13,44.91,45.19,44.64,33355,355.0,355.0,
2912,2015-11-16 00:00:00,44.45,44.97,44.97,44.45,952,356.0,356.0,
2913,2015-11-17 00:00:00,45.24,46.09,46.09,45.24,8598,357.0,357.0,
2914,2015-11-18 00:00:00,45.73,45.88,45.97,45.69,5882,358.0,358.0,
2915,2015-11-19 00:00:00,46.18,46.18,46.5,46.05,31442,359.0,359.0,
2916,2015-11-20 00:00:00,46.28,46.23,46.34,46.15,5298,360.0,360.0,
2917,2015-11-23 00:00:00,46.09,46.17,46.23,45.98,10984,361.0,361.0,
2918,2015-11-24 00:00:00,45.9,45.63,45.9,45.46,28791,362.0,362.0,
2919,2015-11-25 00:00:00,45.58,46.27,46.35,45.58,7382,363.0,363.0,
2920,2015-11-26 00:00:00,46.29,46.78,46.8,46.29,7884,364.0,364.0,
2921,2015-11-27 00:00:00,46.55,46.72,46.87,46.52,29421,365.0,365.0,
2922,2015-11-30 00:00:00,46.68,46.96,47.08,46.66,50532,366.0,366.0,
2923,2015-12-01 00:00:00,47.1,46.63,47.1,46.6,2079,367.0,367.0,
2924,2015-12-02 00:00:00,46.73,46.5,46.73,46.5,11270,368.0,368.0,
2925,2015-12-03 00:00:00,46.52,45.03,46.96,45.03,66506,369.0,369.0,
2926,2015-12-04 00:00:00,45.0,44.92,45.04,44.46,23938,370.0,370.0,
2927,2015-12-07 00:00:00,45.14,45.28,45.72,45.14,1055,371.0,371.0,
2928,2015-12-08 00:00:00,45.27,44.48,45.27,44.48,160,372.0,372.0,
2929,2015-12-09 00:00:00,44.37,44.0,44.37,43.9,17444,373.0,373.0,
2930,2015-12-10 00:00:00,43.73,43.9,44.09,43.73,2089,374.0,374.0,
2931,2015-12-11 00:00:00,43.76,43.03,43.84,42.95,24847,375.0,375.0,
2932,2015-12-14 00:00:00,43.22,42.22,43.39,42.22,60804,376.0,376.0,
2933,2015-12-15 00:00:00,42.69,43.49,43.54,42.69,36293,377.0,377.0,
2934,2015-12-16 00:00:00,43.62,43.61,43.66,43.47,4325,378.0,378.0,
2935,2015-12-17 00:00:00,44.46,44.34,44.71,44.32,1156,379.0,379.0,
2936,2015-12-18 00:00:00,44.01,43.81,44.01,43.73,29512,380.0,380.0,
2937,2015-12-21 00:00:00,43.55,43.19,44.17,43.19,1065,381.0,381.0,
2938,2015-12-22 00:00:00,43.52,43.28,43.58,43.08,118024,382.0,382.0,
2939,2015-12-23 00:00:00,44.24,44.24,44.24,44.24,0,383.0,383.0,
2940,2015-12-28 00:00:00,43.86,43.9,44.21,43.86,14665,384.0,384.0,
2941,2015-12-29 00:00:00,44.26,44.54,44.57,44.26,17825,385.0,385.0,
2942,2015-12-30 00:00:00,44.33,44.33,44.33,44.33,0,386.0,386.0,
2943,2016-01-04 00:00:00,43.18,42.81,43.34,42.71,31091,387.0,387.0,
2944,2016-01-05 00:00:00,43.18,42.98,43.18,42.84,941,388.0,388.0,
2945,2016-01-06 00:00:00,42.78,42.43,42.78,42.27,4036,389.0,389.0,
2946,2016-01-07 00:00:00,41.35,41.66,41.77,41.07,16517,390.0,390.0,
2947,2016-01-08 00:00:00,41.79,41.05,41.79,41.05,150,391.0,391.0,
2948,2016-01-11 00:00:00,41.07,40.97,41.42,40.97,17171,392.0,392.0,
2949,2016-01-12 00:00:00,41.07,41.51,41.94,41.07,6482,393.0,393.0,
2950,2016-01-13 00:00:00,41.98,41.58,42.24,41.58,30123,394.0,394.0,
2951,2016-01-14 00:00:00,41.02,40.82,41.02,40.63,21789,395.0,395.0,
2952,2016-01-15 00:00:00,40.89,39.9,40.89,39.75,60334,396.0,396.0,
2953,2016-01-18 00:00:00,39.9,39.63,40.19,39.41,18900,397.0,397.0,
2954,2016-01-19 00:00:00,40.36,40.22,40.5,40.24,8944,398.0,398.0,
2955,2016-01-20 00:00:00,39.33,38.94,39.33,38.9,34338,399.0,399.0,
2956,2016-01-21 00:00:00,38.84,39.74,39.91,38.84,47679,400.0,400.0,
2957,2016-01-22 00:00:00,40.41,40.81,41.1,40.41,47639,401.0,401.0,
2958,2016-01-25 00:00:00,40.96,40.58,40.96,40.47,4256,402.0,402.0,
2959,2016-01-26 00:00:00,40.0,40.99,41.03,39.97,37438,403.0,403.0,
2960,2016-01-27 00:00:00,40.86,41.13,41.13,40.64,31535,404.0,404.0,
2961,2016-01-28 00:00:00,40.83,40.37,41.13,40.28,20950,405.0,405.0,
2962,2016-01-29 00:00:00,41.01,41.28,41.28,40.83,4418,406.0,406.0,
2963,2016-02-01 00:00:00,41.27,41.1,41.39,40.89,1383,407.0,407.0,
2964,2016-02-02 00:00:00,40.98,40.23,40.98,40.06,8080,408.0,408.0,
2965,2016-02-03 00:00:00,40.07,39.54,40.07,39.53,25234,409.0,409.0,
2966,2016-02-04 00:00:00,39.96,39.53,39.96,39.1,13758,410.0,410.0,
2967,2016-02-05 00:00:00,39.54,39.17,39.73,39.17,30891,411.0,411.0,
2968,2016-02-08 00:00:00,39.26,37.78,39.26,37.64,42691,412.0,412.0,
2969,2016-02-09 00:00:00,37.91,37.14,37.99,36.81,45392,413.0,413.0,
2970,2016-02-10 00:00:00,37.32,37.76,37.96,37.21,7605,414.0,414.0,
2971,2016-02-11 00:00:00,37.25,36.37,37.25,36.37,11691,415.0,415.0,
2972,2016-02-12 00:00:00,36.89,37.3,37.3,36.81,42933,416.0,416.0,
2973,2016-02-15 00:00:00,38.04,38.42,38.49,38.04,2150,417.0,417.0,
2974,2016-02-16 00:00:00,38.59,38.18,38.65,38.07,4944,418.0,418.0,
2975,2016-02-17 00:00:00,38.35,39.29,39.33,38.35,4323,419.0,419.0,
2976,2016-02-18 00:00:00,39.53,39.29,39.73,39.27,53134,420.0,420.0,
2977,2016-02-19 00:00:00,39.23,38.98,39.23,38.98,249,421.0,421.0,
2978,2016-02-22 00:00:00,39.53,39.85,39.85,39.53,2379,422.0,422.0,
2979,2016-02-23 00:00:00,39.52,39.28,39.72,39.28,29001,423.0,423.0,
2980,2016-02-24 00:00:00,39.23,38.35,39.23,38.3,6807,424.0,424.0,
2981,2016-02-25 00:00:00,38.9,39.07,39.17,38.9,4389,425.0,425.0,
2982,2016-02-26 00:00:00,39.26,39.74,39.84,39.26,3290,426.0,426.0,
2983,2016-02-29 00:00:00,39.32,40.0,40.0,39.32,4853,427.0,427.0,
2984,2016-03-01 00:00:00,39.88,40.7,40.7,39.86,15869,428.0,428.0,
2985,2016-03-02 00:00:00,40.95,40.91,40.95,40.64,17178,429.0,429.0,
2986,2016-03-03 00:00:00,40.92,40.83,40.92,40.75,232726,430.0,430.0,
2987,2016-03-04 00:00:00,41.0,41.13,41.25,40.91,96778,431.0,431.0,
2988,2016-03-07 00:00:00,40.92,40.92,40.95,40.65,34959,432.0,432.0,
2989,2016-03-08 00:00:00,40.25,40.62,40.78,40.25,17223,433.0,433.0,
2990,2016-03-09 00:00:00,40.73,40.81,41.12,40.73,17219,434.0,434.0,
2991,2016-03-10 00:00:00,40.79,40.23,42.01,40.23,19635,435.0,435.0,
2992,2016-03-11 00:00:00,40.89,41.65,41.65,40.89,49087,436.0,436.0,
2993,2016-03-14 00:00:00,41.9,41.88,41.96,41.87,2382,437.0,437.0,
2994,2016-03-15 00:00:00,41.59,41.58,41.72,41.58,610,438.0,438.0,
2995,2016-03-16 00:00:00,41.68,41.54,41.68,41.54,232,439.0,439.0,
2996,2016-03-17 00:00:00,41.85,41.42,41.85,40.91,4179,440.0,440.0,
2997,2016-03-18 00:00:00,41.43,41.59,41.64,41.29,11580,441.0,441.0,
2998,2016-03-21 00:00:00,41.29,41.49,41.94,41.29,12584,442.0,442.0,
2999,2016-03-22 00:00:00,41.21,41.55,41.55,41.21,731,443.0,443.0,
3000,2016-03-23 00:00:00,41.75,41.51,41.83,41.51,19667,444.0,444.0,
3001,2016-03-24 00:00:00,41.17,40.8,41.17,40.8,14480,445.0,445.0,
3002,2016-03-29 00:00:00,41.5,41.04,41.5,40.82,4245,446.0,446.0,
3003,2016-03-30 00:00:00,41.32,41.61,41.65,41.32,1291,447.0,447.0,
3004,2016-03-31 00:00:00,41.33,41.09,41.33,41.09,11325,448.0,448.0,
3005,2016-04-01 00:00:00,40.5,40.53,40.61,40.22,24082,449.0,449.0,
3006,2016-04-04 00:00:00,40.28,40.59,40.59,40.28,0,450.0,450.0,
3007,2016-04-05 00:00:00,40.06,39.72,40.06,39.7,2369,451.0,451.0,
3008,2016-04-06 00:00:00,39.69,39.94,39.97,39.69,734,452.0,452.0,
3009,2016-04-07 00:00:00,40.1,39.47,40.1,39.45,48042,453.0,453.0,
3010,2016-04-08 00:00:00,39.73,39.99,40.1,39.73,114761,454.0,454.0,
3011,2016-04-11 00:00:00,39.95,40.25,40.47,39.95,6893,455.0,455.0,
3012,2016-04-12 00:00:00,40.28,40.43,40.43,39.95,8998,456.0,456.0,
3013,2016-04-13 00:00:00,40.88,41.58,41.58,40.88,4455,457.0,457.0,
3014,2016-04-14 00:00:00,41.58,41.8,41.8,41.48,38733,458.0,458.0,
3015,2016-04-15 00:00:00,41.69,41.7,41.77,41.61,23690,459.0,459.0,
3016,2016-04-18 00:00:00,41.17,41.87,41.87,41.17,15046,460.0,460.0,
3017,2016-04-19 00:00:00,42.12,42.5,42.5,42.12,14911,461.0,461.0,
3018,2016-04-20 00:00:00,42.44,42.79,42.79,42.44,350,462.0,462.0,
3019,2016-04-21 00:00:00,43.02,42.75,43.02,42.46,3351,463.0,463.0,
3020,2016-04-22 00:00:00,42.65,42.61,42.72,42.49,23844,464.0,464.0,
3021,2016-04-25 00:00:00,42.65,42.3,42.65,42.3,32746,465.0,465.0,
3022,2016-04-26 00:00:00,42.57,42.38,42.57,42.38,1273,466.0,466.0,
3023,2016-04-27 00:00:00,42.52,42.59,42.59,42.4,24853,467.0,467.0,
3024,2016-04-28 00:00:00,42.31,42.62,42.66,41.9,7563,468.0,468.0,
3025,2016-04-29 00:00:00,42.26,41.59,42.26,41.59,5277,469.0,469.0,
3026,2016-05-02 00:00:00,41.81,41.73,41.81,41.65,18963,470.0,470.0,
3027,2016-05-03 00:00:00,41.44,40.99,41.44,40.91,14026,471.0,471.0,
3028,2016-05-04 00:00:00,40.96,40.58,41.03,40.58,9817,472.0,472.0,
3029,2016-05-05 00:00:00,40.71,40.69,40.71,40.69,85013,473.0,473.0,
3030,2016-05-06 00:00:00,40.39,40.69,40.69,40.18,3581,474.0,474.0,
3031,2016-05-09 00:00:00,40.93,40.88,41.0,40.82,4485,475.0,475.0,
3032,2016-05-10 00:00:00,41.2,41.24,41.46,41.06,10230,476.0,476.0,
3033,2016-05-11 00:00:00,41.09,40.98,41.09,40.8,83564,477.0,477.0,
3034,2016-05-12 00:00:00,40.65,40.72,41.16,40.65,2002,478.0,478.0,
3035,2016-05-13 00:00:00,40.45,40.96,40.96,40.42,12574,479.0,479.0,
3036,2016-05-16 00:00:00,40.47,40.91,40.91,40.47,3301,480.0,480.0,
3037,2016-05-17 00:00:00,41.25,40.78,41.25,40.78,0,481.0,481.0,
3038,2016-05-18 00:00:00,40.6,41.01,41.01,40.55,18361,482.0,482.0,
3039,2016-05-19 00:00:00,40.77,40.6,40.77,40.59,3037,483.0,483.0,
3040,2016-05-20 00:00:00,40.98,41.16,41.16,40.91,1248,484.0,484.0,
3041,2016-05-23 00:00:00,41.07,40.91,41.29,40.88,7304,485.0,485.0,
3042,2016-05-24 00:00:00,40.77,41.83,41.83,40.77,7940,486.0,486.0,
3043,2016-05-25 00:00:00,42.11,42.42,42.42,42.11,155,487.0,487.0,
3044,2016-05-26 00:00:00,42.39,42.62,42.62,42.39,13044,488.0,488.0,
3045,2016-05-27 00:00:00,42.53,42.7,42.7,42.48,35298,489.0,489.0,
3046,2016-05-30 00:00:00,42.7,42.82,42.82,42.7,269,490.0,490.0,
3047,2016-05-31 00:00:00,42.86,42.56,42.86,42.56,0,491.0,491.0,
3048,2016-06-01 00:00:00,42.5,42.28,42.54,42.21,208,492.0,492.0,
3049,2016-06-02 00:00:00,42.28,42.32,42.39,42.28,1890,493.0,493.0,
3050,2016-06-03 00:00:00,41.87,41.87,42.57,41.87,810,494.0,494.0,
3051,2016-06-06 00:00:00,41.99,41.99,41.99,41.99,0,495.0,495.0,
3052,2016-06-07 00:00:00,42.22,42.57,42.57,42.22,5140,496.0,496.0,
3053,2016-06-08 00:00:00,42.37,42.29,42.37,42.21,6490,497.0,497.0,
3054,2016-06-09 00:00:00,42.16,41.84,42.16,41.84,0,498.0,498.0,
3055,2016-06-10 00:00:00,41.58,40.8,41.58,40.8,300,499.0,499.0,
3056,2016-06-13 00:00:00,40.38,40.02,40.38,40.02,36632,500.0,500.0,
3057,2016-06-14 00:00:00,39.68,39.29,39.68,39.29,51540,501.0,501.0,
3058,2016-06-15 00:00:00,39.58,39.64,39.69,39.58,26615,502.0,502.0,
3059,2016-06-16 00:00:00,39.22,39.41,39.41,39.01,505,503.0,503.0,
3060,2016-06-17 00:00:00,39.69,39.85,39.95,39.69,7230,504.0,504.0,
3061,2016-06-20 00:00:00,40.81,41.18,41.18,40.81,37664,505.0,505.0,
3062,2016-06-21 00:00:00,41.07,41.39,41.39,41.07,4302,506.0,506.0,
3063,2016-06-22 00:00:00,41.66,41.51,41.76,41.44,8830,507.0,507.0,
3064,2016-06-23 00:00:00,41.76,42.31,42.44,41.76,160560,508.0,508.0,
3065,2016-06-24 00:00:00,38.38,39.07,39.85,38.38,68170,509.0,509.0,
3066,2016-06-27 00:00:00,38.91,37.74,38.91,37.6,37036,510.0,510.0,
3067,2016-06-28 00:00:00,38.55,38.63,38.97,38.55,11321,511.0,511.0,
3068,2016-06-29 00:00:00,39.18,39.56,39.56,39.13,15403,512.0,512.0,
3069,2016-06-30 00:00:00,39.4,40.0,40.0,39.4,10140,513.0,513.0,
3070,2016-07-01 00:00:00,40.32,40.38,40.43,40.17,7728,514.0,514.0,
3071,2016-07-04 00:00:00,40.51,40.03,40.51,40.03,12623,515.0,515.0,
3072,2016-07-05 00:00:00,39.87,39.35,39.87,39.29,5364,516.0,516.0,
3073,2016-07-06 00:00:00,37.77,37.44,37.77,37.25,9763,517.0,517.0,
3074,2016-07-07 00:00:00,37.8,37.71,37.85,37.71,506,518.0,518.0,
3075,2016-07-08 00:00:00,37.71,38.48,38.48,37.71,777,519.0,519.0,
3076,2016-07-11 00:00:00,38.87,39.13,39.13,38.82,13800,520.0,520.0,
3077,2016-07-12 00:00:00,39.24,39.7,39.75,39.24,3951,521.0,521.0,
3078,2016-07-13 00:00:00,39.68,39.62,39.79,39.62,87,522.0,522.0,
3079,2016-07-14 00:00:00,40.07,40.01,40.11,40.0,600,523.0,523.0,
3080,2016-07-15 00:00:00,39.89,40.01,40.07,39.8,1177,524.0,524.0,
3081,2016-07-18 00:00:00,40.12,39.91,40.12,39.77,2200,525.0,525.0,
3082,2016-07-19 00:00:00,39.81,39.78,39.81,39.6,2248,526.0,526.0,
3083,2016-07-20 00:00:00,40.0,40.23,40.23,40.0,0,527.0,527.0,
3084,2016-07-21 00:00:00,40.34,40.25,40.34,40.04,409285,528.0,528.0,
3085,2016-07-22 00:00:00,40.1,40.29,40.35,40.1,3195,529.0,529.0,
3086,2016-07-25 00:00:00,40.26,40.39,40.55,40.26,3247,530.0,530.0,
3087,2016-07-26 00:00:00,40.37,40.4,40.54,40.32,987,531.0,531.0,
3088,2016-07-27 00:00:00,40.75,40.69,40.75,40.69,80000,532.0,532.0,
3089,2016-07-28 00:00:00,40.55,40.4,40.68,40.4,4525,533.0,533.0,
3090,2016-07-29 00:00:00,40.52,40.66,40.66,40.52,256,534.0,534.0,
3091,2016-08-01 00:00:00,40.99,40.47,40.99,40.38,13207,535.0,535.0,
3092,2016-08-02 00:00:00,40.33,39.68,40.33,39.68,8905,536.0,536.0,
3093,2016-08-03 00:00:00,39.76,39.73,39.76,39.53,8344,537.0,537.0,
3094,2016-08-04 00:00:00,39.93,39.99,39.99,39.9,7960,538.0,538.0,
3095,2016-08-05 00:00:00,40.16,40.6,40.6,40.14,1175,539.0,539.0,
3096,2016-08-08 00:00:00,40.75,40.68,40.86,40.68,1147,540.0,540.0,
3097,2016-08-09 00:00:00,40.72,41.32,41.32,40.72,16140,541.0,541.0,
3098,2016-08-10 00:00:00,41.17,41.19,41.25,41.12,23901,542.0,542.0,
3099,2016-08-11 00:00:00,41.38,41.65,41.65,41.19,536,543.0,543.0,
3100,2016-08-12 00:00:00,41.56,41.54,41.59,41.54,885,544.0,544.0,
3101,2016-08-15 00:00:00,41.57,41.59,41.59,41.57,0,545.0,545.0,
3102,2016-08-16 00:00:00,41.39,41.18,41.52,41.18,12800,546.0,546.0,
3103,2016-08-17 00:00:00,41.27,40.78,41.27,40.78,619,547.0,547.0,
3104,2016-08-18 00:00:00,41.07,41.08,41.08,40.92,2589,548.0,548.0,
3105,2016-08-19 00:00:00,40.99,40.71,40.99,40.59,1979,549.0,549.0,
3106,2016-08-22 00:00:00,40.76,40.63,41.0,40.63,1103,550.0,550.0,
3107,2016-08-23 00:00:00,40.88,41.07,41.07,40.88,0,551.0,551.0,
3108,2016-08-24 00:00:00,40.81,41.22,41.22,40.81,6,552.0,552.0,
3109,2016-08-25 00:00:00,41.04,40.94,41.04,40.82,4,553.0,553.0,
3110,2016-08-26 00:00:00,40.88,41.2,41.28,40.88,1138,554.0,554.0,
3111,2016-08-29 00:00:00,41.0,41.04,41.11,40.95,20,555.0,555.0,
3112,2016-08-30 00:00:00,41.28,41.38,41.49,41.28,167,556.0,556.0,
3113,2016-08-31 00:00:00,41.31,41.22,41.53,41.22,864,557.0,557.0,
3114,2016-09-01 00:00:00,41.49,41.26,41.71,41.25,5048,558.0,558.0,
3115,2016-09-02 00:00:00,41.43,41.98,41.98,41.43,162,559.0,559.0,
3116,2016-09-05 00:00:00,42.16,41.98,42.16,41.97,57,560.0,560.0,
3117,2016-09-06 00:00:00,42.09,41.87,42.09,41.87,140,561.0,561.0,
3118,2016-09-07 00:00:00,42.0,42.2,42.2,41.92,125425,562.0,562.0,
3119,2016-09-08 00:00:00,42.17,42.05,42.17,42.05,213,563.0,563.0,
3120,2016-09-09 00:00:00,41.88,41.58,41.96,41.58,152,564.0,564.0,
3121,2016-09-12 00:00:00,40.94,41.09,41.09,40.7,12,565.0,565.0,
3122,2016-09-13 00:00:00,41.27,40.68,41.27,40.68,4584,566.0,566.0,
3123,2016-09-14 00:00:00,40.83,40.54,40.83,40.54,44,567.0,567.0,
3124,2016-09-15 00:00:00,40.53,40.72,40.72,40.53,75,568.0,568.0,
3125,2016-09-16 00:00:00,40.64,40.32,40.64,40.32,2124,569.0,569.0,
3126,2016-09-19 00:00:00,40.6,40.75,40.77,40.6,39,570.0,570.0,
3127,2016-09-20 00:00:00,40.74,40.71,40.88,40.71,515,571.0,571.0,
3128,2016-09-21 00:00:00,41.2,40.92,41.2,40.92,0,572.0,572.0,
3129,2016-09-22 00:00:00,41.27,41.8,41.8,41.27,77,573.0,573.0,
3130,2016-09-23 00:00:00,41.66,41.56,41.66,41.56,0,574.0,574.0,
3131,2016-09-26 00:00:00,41.2,40.92,41.2,40.9,52271,575.0,575.0,
3132,2016-09-27 00:00:00,41.12,40.83,41.12,40.68,31610,576.0,576.0,
3133,2016-09-28 00:00:00,41.04,41.07,41.2,41.04,89,577.0,577.0,
3134,2016-09-29 00:00:00,41.51,41.06,41.51,41.06,12092,578.0,578.0,
3135,2016-09-30 00:00:00,40.45,41.26,41.26,40.45,10069,579.0,579.0,
3136,2016-10-03 00:00:00,41.18,41.25,41.28,41.18,11109,580.0,580.0,
3137,2016-10-04 00:00:00,41.38,41.57,41.57,41.38,10024,581.0,581.0,
3138,2016-10-05 00:00:00,41.18,41.5,41.5,41.18,7285,582.0,582.0,
3139,2016-10-06 00:00:00,41.68,41.36,41.68,41.36,3240,583.0,583.0,
3140,2016-10-07 00:00:00,41.28,41.02,41.28,41.02,2820,584.0,584.0,
3141,2016-10-10 00:00:00,41.11,41.48,41.48,40.96,21991,585.0,585.0,
3142,2016-10-11 00:00:00,41.4,41.34,41.44,41.34,24155,586.0,586.0,
3143,2016-10-12 00:00:00,41.25,41.2,41.25,41.2,0,587.0,587.0,
3144,2016-10-13 00:00:00,40.83,40.82,40.83,40.69,14962,588.0,588.0,
3145,2016-10-14 00:00:00,40.96,41.4,41.49,40.96,663,589.0,589.0,
3146,2016-10-17 00:00:00,41.33,41.24,41.33,41.24,272,590.0,590.0,
3147,2016-10-18 00:00:00,41.45,41.74,41.74,41.45,0,591.0,591.0,
3148,2016-10-19 00:00:00,41.76,41.86,41.86,41.76,28500,592.0,592.0,
3149,2016-10-20 00:00:00,41.91,42.05,42.05,41.91,1514,593.0,593.0,
3150,2016-10-21 00:00:00,42.14,42.06,42.14,41.99,862,594.0,594.0,
3151,2016-10-24 00:00:00,42.31,42.26,42.47,42.26,66225,595.0,595.0,
3152,2016-10-25 00:00:00,42.37,42.19,42.43,42.19,5796,596.0,596.0,
3153,2016-10-26 00:00:00,42.09,42.01,42.09,42.01,5255,597.0,597.0,
3154,2016-10-27 00:00:00,42.0,42.14,42.14,42.0,0,598.0,598.0,
3155,2016-10-28 00:00:00,41.84,42.09,42.09,41.84,3861,599.0,599.0,
3156,2016-10-31 00:00:00,41.91,41.79,41.91,41.79,7,600.0,600.0,
3157,2016-11-01 00:00:00,42.05,41.47,42.05,41.47,23,601.0,601.0,
3158,2016-11-02 00:00:00,41.05,40.78,41.12,40.78,24945,602.0,602.0,
3159,2016-11-03 00:00:00,40.74,40.7,40.85,40.7,1054,603.0,603.0,
3160,2016-11-04 00:00:00,40.57,40.43,40.57,40.43,1916,604.0,604.0,
3161,2016-11-07 00:00:00,40.95,41.18,41.18,40.95,100,605.0,605.0,
3162,2016-11-08 00:00:00,41.15,41.32,41.32,41.15,0,606.0,606.0,
3163,2016-11-09 00:00:00,39.78,41.64,41.64,39.78,30154,607.0,607.0,
3164,2016-11-10 00:00:00,41.97,41.4,42.1,41.4,88,608.0,608.0,
3165,2016-11-11 00:00:00,41.66,41.27,41.66,41.26,16579,609.0,609.0,
3166,2016-11-14 00:00:00,41.66,41.25,41.72,41.25,10512,610.0,610.0,
3167,2016-11-15 00:00:00,41.41,41.46,41.46,41.38,10629,611.0,611.0,
3168,2016-11-16 00:00:00,41.59,41.24,41.59,41.24,0,612.0,612.0,
3169,2016-11-17 00:00:00,41.18,41.44,41.44,41.17,10,613.0,613.0,
3170,2016-11-18 00:00:00,41.57,41.2,41.57,41.2,484,614.0,614.0,
3171,2016-11-21 00:00:00,41.48,41.35,41.48,41.33,3179,615.0,615.0,
3172,2016-11-22 00:00:00,41.6,41.51,41.69,41.51,23484,616.0,616.0,
3173,2016-11-23 00:00:00,41.51,41.39,41.52,41.39,18097,617.0,617.0,
3174,2016-11-24 00:00:00,41.59,41.55,41.59,41.48,186,618.0,618.0,
3175,2016-11-25 00:00:00,41.57,41.62,41.62,41.56,2678,619.0,619.0,
3176,2016-11-28 00:00:00,41.48,41.22,41.48,41.16,13854,620.0,620.0,
3177,2016-11-29 00:00:00,41.15,41.51,41.51,41.15,13246,621.0,621.0,
3178,2016-11-30 00:00:00,41.54,41.71,41.71,41.54,300,622.0,622.0,
3179,2016-12-01 00:00:00,41.52,41.44,41.52,41.29,19671,623.0,623.0,
3180,2016-12-02 00:00:00,41.09,41.19,41.19,40.94,9550,624.0,624.0,
3181,2016-12-05 00:00:00,41.17,41.61,41.83,41.17,3121,625.0,625.0,
3182,2016-12-06 00:00:00,41.67,42.22,42.22,41.54,611,626.0,626.0,
3183,2016-12-07 00:00:00,42.59,42.81,42.81,42.56,13253,627.0,627.0,
3184,2016-12-08 00:00:00,43.0,43.28,43.28,42.85,5116,628.0,628.0,
3185,2016-12-09 00:00:00,43.37,43.49,43.56,43.37,43011,629.0,629.0,
3186,2016-12-12 00:00:00,43.6,43.48,43.6,43.45,13558,630.0,630.0,
3187,2016-12-13 00:00:00,43.5,43.92,43.92,43.5,0,631.0,631.0,
3188,2016-12-14 00:00:00,43.67,43.42,43.68,43.42,1567,632.0,632.0,
3189,2016-12-15 00:00:00,43.58,43.89,43.89,43.58,285,633.0,633.0,
3190,2016-12-16 00:00:00,43.88,44.08,44.1,43.88,4547,634.0,634.0,
3191,2016-12-19 00:00:00,43.94,44.02,44.02,43.94,240,635.0,635.0,
3192,2016-12-20 00:00:00,44.0,44.36,44.36,44.0,7045,636.0,636.0,
3193,2016-12-21 00:00:00,44.25,44.23,44.25,44.13,5386,637.0,637.0,
3194,2016-12-22 00:00:00,44.18,44.19,44.19,44.13,701,638.0,638.0,
3195,2016-12-23 00:00:00,44.22,44.29,44.31,44.22,60,639.0,639.0,
3196,2016-12-27 00:00:00,44.37,44.35,44.37,44.35,0,640.0,640.0,
3197,2016-12-28 00:00:00,44.16,44.37,44.37,44.16,4531,641.0,641.0,
3198,2016-12-29 00:00:00,44.23,44.25,44.31,44.23,5190,642.0,642.0,
3199,2016-12-30 00:00:00,44.22,44.41,44.41,44.22,11875,643.0,643.0,
3200,2017-01-02 00:00:00,44.27,44.59,44.59,44.27,486,644.0,644.0,
3201,2017-01-03 00:00:00,44.89,44.84,44.99,44.84,3319,645.0,645.0,
3202,2017-01-04 00:00:00,44.95,44.8,44.95,44.75,18,646.0,646.0,
3203,2017-01-05 00:00:00,44.72,44.8,44.89,44.72,9775,647.0,647.0,
3204,2017-01-06 00:00:00,44.77,44.89,44.89,44.73,15000,648.0,648.0,
3205,2017-01-09 00:00:00,44.92,44.69,44.92,44.59,1946,649.0,649.0,
3206,2017-01-10 00:00:00,44.8,44.69,44.8,44.68,1927,650.0,650.0,
3207,2017-01-11 00:00:00,44.7,44.81,44.81,44.7,125000,651.0,651.0,
3208,2017-01-12 00:00:00,44.57,44.49,44.57,44.49,22,652.0,652.0,
3209,2017-01-13 00:00:00,44.69,44.95,44.95,44.69,0,653.0,653.0,
3210,2017-01-16 00:00:00,44.66,44.57,44.68,44.57,569,654.0,654.0,
3211,2017-01-17 00:00:00,44.44,44.45,44.52,44.31,578,655.0,655.0,
3212,2017-01-18 00:00:00,44.62,44.56,44.62,44.38,11210,656.0,656.0,
3213,2017-01-19 00:00:00,44.64,44.59,44.64,44.59,0,657.0,657.0,
3214,2017-01-20 00:00:00,44.47,44.65,44.71,44.47,7982,658.0,658.0,
3215,2017-01-23 00:00:00,44.35,44.39,44.57,44.33,13882,659.0,659.0,
3216,2017-01-24 00:00:00,44.48,44.56,44.56,44.48,0,660.0,660.0,
3217,2017-01-25 00:00:00,44.84,45.15,45.15,44.84,1100,661.0,661.0,
3218,2017-01-26 00:00:00,45.29,45.08,45.29,45.08,20233,662.0,662.0,
3219,2017-01-27 00:00:00,44.96,44.96,44.96,44.85,11280,663.0,663.0,
3220,2017-01-30 00:00:00,44.9,44.37,44.9,44.37,5127,664.0,664.0,
3221,2017-01-31 00:00:00,44.42,43.98,44.44,43.98,10000,665.0,665.0,
3222,2017-02-01 00:00:00,44.4,44.32,44.41,44.32,9860,666.0,666.0,
3223,2017-02-02 00:00:00,44.21,44.4,44.52,44.21,169,667.0,667.0,
3224,2017-02-03 00:00:00,44.56,44.77,44.77,44.56,1033,668.0,668.0,
3225,2017-02-06 00:00:00,44.61,44.15,44.74,44.15,4841,669.0,669.0,
3226,2017-02-07 00:00:00,44.09,44.18,44.18,44.09,0,670.0,670.0,
3227,2017-02-08 00:00:00,44.28,44.28,44.28,43.97,23755,671.0,671.0,
3228,2017-02-09 00:00:00,44.44,44.67,44.67,44.23,29438,672.0,672.0,
3229,2017-02-10 00:00:00,44.81,44.65,44.81,44.65,125,673.0,673.0,
3230,2017-02-13 00:00:00,44.78,45.1,45.1,44.78,0,674.0,674.0,
3231,2017-02-14 00:00:00,45.07,45.21,45.21,45.07,2341,675.0,675.0,
3232,2017-02-15 00:00:00,45.33,45.31,45.37,45.15,8298,676.0,676.0,
3233,2017-02-16 00:00:00,45.32,45.2,45.32,45.13,990,677.0,677.0,
3234,2017-02-17 00:00:00,45.2,45.15,45.2,44.9,10425,678.0,678.0,
3235,2017-02-20 00:00:00,45.36,45.2,45.36,45.2,0,679.0,679.0,
3236,2017-02-21 00:00:00,45.18,45.49,45.49,45.18,0,680.0,680.0,
3237,2017-02-22 00:00:00,45.65,45.46,45.65,45.46,3339,681.0,681.0,
3238,2017-02-23 00:00:00,45.53,45.39,45.58,45.36,4591,682.0,682.0,
3239,2017-02-24 00:00:00,45.38,44.97,45.38,44.85,1637,683.0,683.0,
3240,2017-02-27 00:00:00,45.19,45.03,45.19,45.03,174,684.0,684.0,
3241,2017-02-28 00:00:00,45.17,45.16,45.17,45.04,171,685.0,685.0,
3242,2017-03-01 00:00:00,45.58,46.02,46.02,45.58,933,686.0,686.0,
3243,2017-03-02 00:00:00,46.0,45.99,46.0,45.92,8695,687.0,687.0,
3244,2017-03-03 00:00:00,45.92,46.15,46.15,45.92,814,688.0,688.0,
3245,2017-03-06 00:00:00,45.97,45.94,45.97,45.85,1795,689.0,689.0,
3246,2017-03-07 00:00:00,45.9,45.89,45.9,45.77,1202,690.0,690.0,
3247,2017-03-08 00:00:00,45.86,45.92,45.92,45.86,225,691.0,691.0,
3248,2017-03-09 00:00:00,45.91,46.19,46.19,45.91,40,692.0,692.0,
3249,2017-03-10 00:00:00,46.34,46.28,46.54,46.28,3145,693.0,693.0,
3250,2017-03-13 00:00:00,46.3,46.35,46.35,46.3,0,694.0,694.0,
3251,2017-03-14 00:00:00,46.34,46.2,46.34,46.2,0,695.0,695.0,
3252,2017-03-15 00:00:00,46.2,46.31,46.33,46.2,2357,696.0,696.0,
3253,2017-03-16 00:00:00,46.77,46.71,46.81,46.59,13923,697.0,697.0,
3254,2017-03-17 00:00:00,46.65,46.9,46.9,46.65,3465,698.0,698.0,
3255,2017-03-20 00:00:00,46.76,46.69,46.78,46.69,3606,699.0,699.0,
3256,2017-03-21 00:00:00,46.89,46.53,46.92,46.45,10751,700.0,700.0,
3257,2017-03-22 00:00:00,46.27,46.34,46.38,46.22,3526,701.0,701.0,
3258,2017-03-23 00:00:00,46.36,46.77,46.77,46.36,4648,702.0,702.0,
3259,2017-03-24 00:00:00,46.77,46.75,46.78,46.7,1497,703.0,703.0,
3260,2017-03-27 00:00:00,46.44,46.63,46.63,46.4,27648,704.0,704.0,
3261,2017-03-28 00:00:00,46.8,47.0,47.0,46.8,4000,705.0,705.0,
3262,2017-03-29 00:00:00,47.24,47.15,47.24,47.05,25944,706.0,706.0,
3263,2017-03-30 00:00:00,47.15,47.33,47.33,47.1,8165,707.0,707.0,
3264,2017-03-31 00:00:00,47.24,47.68,47.68,47.24,11921,708.0,708.0,
3265,2017-04-03 00:00:00,47.7,47.28,47.7,47.28,39992,709.0,709.0,
3266,2017-04-04 00:00:00,47.3,47.4,47.4,47.22,29931,710.0,710.0,
3267,2017-04-05 00:00:00,47.41,47.34,47.5,47.34,4260,711.0,711.0,
3268,2017-04-06 00:00:00,47.12,47.53,47.53,47.12,17674,712.0,712.0,
3269,2017-04-07 00:00:00,47.35,47.63,47.63,47.29,10506,713.0,713.0,
3270,2017-04-10 00:00:00,47.58,47.43,47.58,47.43,82,714.0,714.0,
3271,2017-04-11 00:00:00,47.3,47.31,47.42,47.23,10501,715.0,715.0,
3272,2017-04-12 00:00:00,47.46,47.29,47.56,47.28,812,716.0,716.0,
3273,2017-04-13 00:00:00,47.23,47.03,47.23,46.97,20101,717.0,717.0,
3274,2017-04-18 00:00:00,47.19,46.58,47.19,46.57,25679,718.0,718.0,
3275,2017-04-19 00:00:00,46.61,46.78,46.83,46.61,29696,719.0,719.0,
3276,2017-04-20 00:00:00,46.69,47.03,47.09,46.69,3561,720.0,720.0,
3277,2017-04-21 00:00:00,47.02,46.99,47.14,46.78,9840,721.0,721.0,
3278,2017-04-24 00:00:00,48.33,48.7,48.7,48.24,24585,722.0,722.0,
3279,2017-04-25 00:00:00,48.68,48.81,48.85,48.68,453,723.0,723.0,
3280,2017-04-26 00:00:00,48.8,48.84,48.84,48.72,18539,724.0,724.0,
3281,2017-04-27 00:00:00,48.78,48.67,48.78,48.6,24933,725.0,725.0,
3282,2017-04-28 00:00:00,48.66,48.69,48.69,48.62,22016,726.0,726.0,
3283,2017-05-02 00:00:00,48.86,49.08,49.08,48.85,2840,727.0,727.0,
3284,2017-05-03 00:00:00,48.98,49.07,49.07,48.89,8811,728.0,728.0,
3285,2017-05-04 00:00:00,49.24,49.72,49.72,49.24,53170,729.0,729.0,
3286,2017-05-05 00:00:00,49.66,50.18,50.18,49.61,35763,730.0,730.0,
3287,2017-05-08 00:00:00,50.39,49.99,50.39,49.92,8138,731.0,731.0,
3288,2017-05-09 00:00:00,50.2,50.13,50.2,50.13,2216,732.0,732.0,
3289,2017-05-10 00:00:00,50.11,50.13,50.13,49.93,35264,733.0,733.0,
3290,2017-05-11 00:00:00,50.07,49.79,50.07,49.64,70876,734.0,734.0,
3291,2017-05-12 00:00:00,50.02,50.03,50.03,49.83,11153,735.0,735.0,
3292,2017-05-15 00:00:00,50.16,50.2,50.2,49.98,1322,736.0,736.0,
3293,2017-05-16 00:00:00,50.18,50.2,50.31,50.18,1700,737.0,737.0,
3294,2017-05-17 00:00:00,49.97,49.51,49.98,49.4,1881,738.0,738.0,
3295,2017-05-18 00:00:00,49.37,49.13,49.37,48.76,22255,739.0,739.0,
3296,2017-05-19 00:00:00,49.26,49.52,49.58,49.26,13207,740.0,740.0,
3297,2017-05-22 00:00:00,49.68,49.49,49.7,49.49,981,741.0,741.0,
3298,2017-05-23 00:00:00,49.57,49.74,49.8,49.57,7370,742.0,742.0,
3299,2017-05-24 00:00:00,49.64,49.72,49.74,49.63,6814,743.0,743.0,
3300,2017-05-25 00:00:00,49.96,49.81,49.96,49.69,16211,744.0,744.0,
3301,2017-05-26 00:00:00,49.66,49.68,49.68,49.45,8891,745.0,745.0,
3302,2017-05-29 00:00:00,49.64,49.63,49.64,49.61,3533,746.0,746.0,
3303,2017-05-30 00:00:00,49.57,49.5,49.57,49.37,27794,747.0,747.0,
3304,2017-05-31 00:00:00,49.6,49.39,49.79,49.39,7190,748.0,748.0,
3305,2017-06-01 00:00:00,49.6,49.82,49.82,49.6,9395,749.0,749.0,
3306,2017-06-02 00:00:00,49.99,50.03,50.27,49.99,3830,750.0,750.0,
3307,2017-06-05 00:00:00,50.03,49.79,50.03,49.77,7211,751.0,751.0,
3308,2017-06-06 00:00:00,49.77,49.58,49.77,49.52,2512,752.0,752.0,
3309,2017-06-07 00:00:00,49.49,49.59,49.93,49.43,7929,753.0,753.0,
3310,2017-06-08 00:00:00,49.69,49.68,49.84,49.62,1516,754.0,754.0,
3311,2017-06-09 00:00:00,49.79,49.98,50.05,49.73,8645,755.0,755.0,
3312,2017-06-12 00:00:00,49.86,49.47,49.86,49.47,1680,756.0,756.0,
3313,2017-06-13 00:00:00,49.59,49.72,49.79,49.59,1555,757.0,757.0,
3314,2017-06-14 00:00:00,49.93,49.64,50.1,49.64,7512,758.0,758.0,
3315,2017-06-15 00:00:00,49.57,49.35,49.57,49.12,7781,759.0,759.0,
3316,2017-06-16 00:00:00,49.71,49.55,49.71,49.5,14406,760.0,760.0,
3317,2017-06-19 00:00:00,50.12,50.12,50.2,50.04,3959,761.0,761.0,
3318,2017-06-20 00:00:00,50.34,49.81,50.34,49.81,37039,762.0,762.0,
3319,2017-06-21 00:00:00,49.49,49.74,49.74,49.34,3649,763.0,763.0,
3320,2017-06-22 00:00:00,49.53,49.69,49.72,49.47,693,764.0,764.0,
3321,2017-06-23 00:00:00,49.73,49.48,49.73,49.34,5941,765.0,765.0,
3322,2017-06-26 00:00:00,49.84,49.69,49.97,49.69,1265,766.0,766.0,
3323,2017-06-27 00:00:00,49.55,49.34,49.55,49.34,1196,767.0,767.0,
3324,2017-06-28 00:00:00,48.98,49.33,49.34,48.96,2057,768.0,768.0,
3325,2017-06-29 00:00:00,49.6,48.43,49.6,48.34,41107,769.0,769.0,
3326,2017-06-30 00:00:00,48.52,48.21,48.78,48.21,15078,770.0,770.0,
3327,2017-07-03 00:00:00,48.59,48.86,48.86,48.59,203,771.0,771.0,
3328,2017-07-04 00:00:00,48.81,48.7,48.89,48.7,1631,772.0,772.0,
3329,2017-07-05 00:00:00,48.67,48.75,48.85,48.67,20326,773.0,773.0,
3330,2017-07-06 00:00:00,48.82,48.53,48.82,48.38,22981,774.0,774.0,
3331,2017-07-07 00:00:00,48.54,48.54,48.54,48.38,742,775.0,775.0,
3332,2017-07-10 00:00:00,48.59,48.76,48.76,48.59,10163,776.0,776.0,
3333,2017-07-11 00:00:00,48.9,48.56,48.9,48.56,463,777.0,777.0,
3334,2017-07-12 00:00:00,47.63,48.06,48.15,47.49,4468,778.0,778.0,
3335,2017-07-13 00:00:00,48.15,48.24,48.32,48.07,78607,779.0,779.0,
3336,2017-07-14 00:00:00,48.24,48.26,48.31,48.23,5734,780.0,780.0,
3337,2017-07-17 00:00:00,48.34,48.2,48.34,48.14,6499,781.0,781.0,
3338,2017-07-18 00:00:00,48.13,47.71,48.17,47.63,12955,782.0,782.0,
3339,2017-07-19 00:00:00,47.89,47.98,47.98,47.7,983,783.0,783.0,
3340,2017-07-20 00:00:00,48.21,47.92,48.25,47.89,4127,784.0,784.0,
3341,2017-07-21 00:00:00,47.89,47.27,47.93,47.13,10738,785.0,785.0,
3342,2017-07-24 00:00:00,47.31,47.27,47.31,47.07,12090,786.0,786.0,
3343,2017-07-25 00:00:00,47.36,47.5,47.65,47.36,12849,787.0,787.0,
3344,2017-07-26 00:00:00,47.56,47.78,47.83,47.56,7835,788.0,788.0,
3345,2017-07-27 00:00:00,47.84,47.81,47.89,47.77,2010,789.0,789.0,
3346,2017-07-28 00:00:00,47.5,47.36,47.5,47.32,8519,790.0,790.0,
3347,2017-07-31 00:00:00,47.46,47.19,47.49,47.18,3523,791.0,791.0,
3348,2017-08-01 00:00:00,47.35,47.54,47.67,47.2,14883,792.0,792.0,
3349,2017-08-02 00:00:00,47.58,47.4,47.61,47.37,58337,793.0,793.0,
3350,2017-08-03 00:00:00,47.28,47.51,47.54,47.28,3,794.0,794.0,
3351,2017-08-04 00:00:00,47.52,48.06,48.06,47.52,477,795.0,795.0,
3352,2017-08-07 00:00:00,48.16,48.02,48.16,47.94,21955,796.0,796.0,
3353,2017-08-08 00:00:00,47.98,48.18,48.28,47.98,817,797.0,797.0,
3354,2017-08-09 00:00:00,47.84,47.61,47.9,47.45,11545,798.0,798.0,
3355,2017-08-10 00:00:00,47.51,47.18,47.51,47.09,16278,799.0,799.0,
3356,2017-08-11 00:00:00,46.88,46.77,46.9,46.68,25660,800.0,800.0,
3357,2017-08-14 00:00:00,47.05,47.38,47.43,47.05,14025,801.0,801.0,
3358,2017-08-15 00:00:00,47.62,47.51,47.64,47.51,19467,802.0,802.0,
3359,2017-08-16 00:00:00,47.77,47.84,47.94,47.77,82,803.0,803.0,
3360,2017-08-17 00:00:00,47.7,47.58,47.81,47.58,367,804.0,804.0,
3361,2017-08-18 00:00:00,47.16,47.27,47.27,47.06,22664,805.0,805.0,
3362,2017-08-21 00:00:00,47.17,47.04,47.19,46.98,10459,806.0,806.0,
3363,2017-08-22 00:00:00,47.34,47.5,47.5,47.25,26409,807.0,807.0,
3364,2017-08-23 00:00:00,47.47,47.22,47.55,47.18,20817,808.0,808.0,
3365,2017-08-24 00:00:00,47.31,47.22,47.44,47.22,5742,809.0,809.0,
3366,2017-08-25 00:00:00,47.35,47.19,47.36,47.19,15956,810.0,810.0,
3367,2017-08-28 00:00:00,47.0,46.99,47.15,46.91,10871,811.0,811.0,
3368,2017-08-29 00:00:00,46.57,46.47,46.57,46.21,14141,812.0,812.0,
3369,2017-08-30 00:00:00,46.76,46.74,46.81,46.74,3793,813.0,813.0,
3370,2017-08-31 00:00:00,47.0,47.02,47.16,47.0,3,814.0,814.0,
3371,2017-09-01 00:00:00,47.29,47.31,47.42,47.27,413,815.0,815.0,
3372,2017-09-04 00:00:00,47.06,47.11,47.18,47.06,31814,816.0,816.0,
3373,2017-09-05 00:00:00,47.18,47.03,47.38,47.03,200,817.0,817.0,
3374,2017-09-06 00:00:00,46.9,47.15,47.15,46.9,10020,818.0,818.0,
3375,2017-09-07 00:00:00,47.33,47.28,47.46,47.28,94,819.0,819.0,
3376,2017-09-08 00:00:00,47.12,47.32,47.32,47.12,100,820.0,820.0,
3377,2017-09-11 00:00:00,47.67,47.94,47.95,47.67,3151,821.0,821.0,
3378,2017-09-12 00:00:00,48.13,48.16,48.2,48.1,574,822.0,822.0,
3379,2017-09-13 00:00:00,48.14,48.24,48.24,48.14,7484,823.0,823.0,
3380,2017-09-14 00:00:00,48.17,48.26,48.28,48.15,3113,824.0,824.0,
3381,2017-09-15 00:00:00,48.19,48.08,48.24,48.08,24211,825.0,825.0,
3382,2017-09-18 00:00:00,48.35,48.32,48.36,48.29,25506,826.0,826.0,
3383,2017-09-19 00:00:00,48.27,48.41,48.41,48.26,6268,827.0,827.0,
3384,2017-09-20 00:00:00,48.31,48.24,48.37,48.24,15674,828.0,828.0,
3385,2017-09-21 00:00:00,48.45,48.42,48.49,48.42,2651,829.0,829.0,
3386,2017-09-22 00:00:00,48.39,48.46,48.46,48.39,6306,830.0,830.0,
3387,2017-09-25 00:00:00,48.37,48.39,48.5,48.34,3827,831.0,831.0,
3388,2017-09-26 00:00:00,48.31,48.41,48.47,48.31,2998,832.0,832.0,
3389,2017-09-27 00:00:00,48.54,48.65,48.73,48.54,3886,833.0,833.0,
3390,2017-09-28 00:00:00,48.73,48.73,48.81,48.73,2462,834.0,834.0,
3391,2017-09-29 00:00:00,48.83,49.1,49.1,48.77,16881,835.0,835.0,
3392,2017-10-02 00:00:00,49.09,49.25,49.25,49.06,579,836.0,836.0,
3393,2017-10-03 00:00:00,49.32,49.36,49.36,49.14,21477,837.0,837.0,
3394,2017-10-04 00:00:00,49.33,49.14,49.36,49.08,4566,838.0,838.0,
3395,2017-10-05 00:00:00,49.11,49.4,49.4,49.11,11858,839.0,839.0,
3396,2017-10-06 00:00:00,49.35,49.21,49.35,49.18,26655,840.0,840.0,
3397,2017-10-09 00:00:00,49.45,49.31,49.45,49.27,200,841.0,841.0,
3398,2017-10-10 00:00:00,49.21,49.21,49.25,49.17,14879,842.0,842.0,
3399,2017-10-11 00:00:00,49.19,49.35,49.35,49.19,1130,843.0,843.0,
3400,2017-10-12 00:00:00,49.36,49.37,49.37,49.26,49756,844.0,844.0,
3401,2017-10-13 00:00:00,49.25,49.38,49.49,49.25,6680,845.0,845.0,
3402,2017-10-16 00:00:00,49.4,49.4,49.45,49.39,1923,846.0,846.0,
3403,2017-10-17 00:00:00,49.41,49.4,49.52,49.39,67969,847.0,847.0,
3404,2017-10-18 00:00:00,49.45,49.6,49.62,49.45,112,848.0,848.0,
3405,2017-10-19 00:00:00,49.54,49.33,49.54,49.19,1219,849.0,849.0,
3406,2017-10-20 00:00:00,49.5,49.43,49.5,49.39,19058,850.0,850.0,
3407,2017-10-23 00:00:00,49.42,49.45,49.6,49.42,3837,851.0,851.0,
3408,2017-10-24 00:00:00,49.49,49.51,49.56,49.49,445,852.0,852.0,
3409,2017-10-25 00:00:00,49.49,49.26,49.56,49.26,627,853.0,853.0,
3410,2017-10-26 00:00:00,49.24,49.88,49.88,49.21,40246,854.0,854.0,
3411,2017-10-27 00:00:00,50.12,50.03,50.2,49.96,15346,855.0,855.0,
3412,2017-10-30 00:00:00,50.08,50.15,50.19,50.08,399,856.0,856.0,
3413,2017-10-31 00:00:00,50.2,50.39,50.39,50.2,5722,857.0,857.0,
3414,2017-11-01 00:00:00,50.59,50.63,50.73,50.59,3990,858.0,858.0,
3415,2017-11-02 00:00:00,50.64,50.55,50.64,50.48,934,859.0,859.0,
3416,2017-11-03 00:00:00,50.53,50.55,50.55,50.46,18525,860.0,860.0,
3417,2017-11-06 00:00:00,50.5,50.49,50.5,50.34,1068,861.0,861.0,
3418,2017-11-07 00:00:00,50.62,50.19,50.62,50.19,5317,862.0,862.0,
3419,2017-11-08 00:00:00,50.3,50.17,50.3,50.05,15958,863.0,863.0,
3420,2017-11-09 00:00:00,50.19,49.64,50.22,49.64,780,864.0,864.0,
3421,2017-11-10 00:00:00,49.71,49.44,49.71,49.44,3404,865.0,865.0,
3422,2017-11-13 00:00:00,49.49,49.17,49.49,48.86,21698,866.0,866.0,
3423,2017-11-14 00:00:00,49.26,48.97,49.26,48.97,15270,867.0,867.0,
3424,2017-11-15 00:00:00,48.68,48.77,48.77,48.43,17113,868.0,868.0,
3425,2017-11-16 00:00:00,48.99,49.08,49.14,48.99,3065,869.0,869.0,
3426,2017-11-17 00:00:00,49.09,48.85,49.09,48.85,361,870.0,870.0,
3427,2017-11-20 00:00:00,48.82,49.04,49.05,48.82,2333,871.0,871.0,
3428,2017-11-21 00:00:00,48.99,49.31,49.43,48.99,13201,872.0,872.0,
3429,2017-11-22 00:00:00,49.33,49.1,49.48,49.1,3066,873.0,873.0,
3430,2017-11-23 00:00:00,48.89,49.07,49.18,48.89,19405,874.0,874.0,
3431,2017-11-24 00:00:00,49.24,49.28,49.33,49.24,22060,875.0,875.0,
3432,2017-11-27 00:00:00,49.08,49.09,49.4,49.02,33143,876.0,876.0,
3433,2017-11-28 00:00:00,49.16,49.28,49.28,49.09,2600,877.0,877.0,
3434,2017-11-29 00:00:00,49.62,49.38,49.7,49.38,26824,878.0,878.0,
3435,2017-11-30 00:00:00,49.38,49.22,49.69,49.22,17995,879.0,879.0,
3436,2017-12-01 00:00:00,49.13,48.61,49.24,48.61,23771,880.0,880.0,
3437,2017-12-04 00:00:00,49.24,49.25,49.49,49.16,4122,881.0,881.0,
3438,2017-12-05 00:00:00,49.27,49.25,49.4,49.18,62033,882.0,882.0,
3439,2017-12-06 00:00:00,48.82,49.15,49.15,48.82,1624,883.0,883.0,
3440,2017-12-07 00:00:00,49.34,49.34,49.34,49.34,0,884.0,884.0,
3441,2017-12-11 00:00:00,49.69,49.51,49.74,49.48,14497,885.0,885.0,
3442,2017-12-12 00:00:00,49.58,49.77,49.77,49.48,2805,886.0,886.0,
3443,2017-12-13 00:00:00,49.53,49.32,49.57,49.32,1000,887.0,887.0,
3444,2017-12-14 00:00:00,49.28,49.03,49.28,49.03,38533,888.0,888.0,
3445,2017-12-15 00:00:00,48.9,49.02,49.04,48.9,17958,889.0,889.0,
3446,2017-12-18 00:00:00,49.38,49.65,49.69,49.38,118059,890.0,890.0,
3447,2017-12-19 00:00:00,49.68,49.44,49.68,49.44,621,891.0,891.0,
3448,2017-12-20 00:00:00,49.58,49.08,49.58,49.06,14375,892.0,892.0,
3449,2017-12-21 00:00:00,48.98,49.29,49.29,48.86,2187,893.0,893.0,
3450,2017-12-22 00:00:00,49.15,49.13,49.18,49.13,6179,894.0,894.0,
3451,2017-12-27 00:00:00,49.15,49.11,49.17,49.08,9244,895.0,895.0,
3452,2017-12-28 00:00:00,49.07,48.86,49.1,48.86,29718,896.0,896.0,
3453,2017-12-29 00:00:00,48.82,48.54,48.82,48.54,22532,897.0,897.0,
3454,2018-01-02 00:00:00,48.59,48.51,48.59,48.28,20533,898.0,898.0,
3455,2018-01-03 00:00:00,48.49,48.81,48.81,48.49,4673,899.0,899.0,
3456,2018-01-04 00:00:00,49.2,49.63,49.63,49.2,3326,900.0,900.0,
3457,2018-01-05 00:00:00,49.76,50.11,50.11,49.76,4686,901.0,901.0,
3458,2018-01-08 00:00:00,50.34,50.25,50.36,50.25,132,902.0,902.0,
3459,2018-01-09 00:00:00,50.37,50.48,50.55,50.37,20721,903.0,903.0,
3460,2018-01-10 00:00:00,50.32,50.26,50.44,50.17,11361,904.0,904.0,
3461,2018-01-11 00:00:00,50.3,50.12,50.3,50.1,473,905.0,905.0,
3462,2018-01-12 00:00:00,50.2,50.29,50.29,50.15,5130,906.0,906.0,
3463,2018-01-15 00:00:00,50.28,50.27,50.31,50.22,477,907.0,907.0,
3464,2018-01-16 00:00:00,50.36,50.41,50.56,50.3,13378,908.0,908.0,
3465,2018-01-17 00:00:00,50.26,50.31,50.47,50.26,22543,909.0,909.0,
3466,2018-01-18 00:00:00,50.47,50.44,50.47,50.34,1105,910.0,910.0,
3467,2018-01-19 00:00:00,50.5,50.82,50.82,50.5,6352,911.0,911.0,
3468,2018-01-22 00:00:00,50.81,51.0,51.0,50.79,624,912.0,912.0,
3469,2018-01-23 00:00:00,51.22,51.06,51.31,51.05,5497,913.0,913.0,
3470,2018-01-24 00:00:00,51.03,50.6,51.03,50.6,1955,914.0,914.0,
3471,2018-01-25 00:00:00,50.63,50.39,50.8,50.32,1540,915.0,915.0,
3472,2018-01-26 00:00:00,50.43,50.7,50.72,50.43,1757,916.0,916.0,
3473,2018-01-29 00:00:00,50.79,50.58,50.79,50.58,6415,917.0,917.0,
3474,2018-01-30 00:00:00,50.34,50.1,50.42,50.1,226,918.0,918.0,
3475,2018-01-31 00:00:00,50.27,50.17,50.27,50.14,182,919.0,919.0,
3476,2018-02-01 00:00:00,50.43,49.935,50.43,49.885,10326,920.0,920.0,
3477,2018-02-02 00:00:00,49.74,49.21,49.74,49.21,4051,921.0,921.0,
3478,2018-02-05 00:00:00,48.89,48.54,48.89,48.54,24592,922.0,922.0,
3479,2018-02-06 00:00:00,46.975,47.375,47.85,46.975,33869,923.0,923.0,
3480,2018-02-07 00:00:00,47.8,48.355,48.355,47.8,2504,924.0,924.0,
3481,2018-02-08 00:00:00,48.125,47.34,48.125,47.34,1045,925.0,925.0,
3482,2018-02-09 00:00:00,47.195,46.705,47.195,46.52,7782,926.0,926.0,
3483,2018-02-12 00:00:00,47.09,47.245,47.245,47.09,0,927.0,927.0,
3484,2018-02-13 00:00:00,47.31,46.9,47.31,46.9,18762,928.0,928.0,
3485,2018-02-14 00:00:00,47.22,47.35,47.35,47.22,4299,929.0,929.0,
3486,2018-02-15 00:00:00,47.76,47.68,47.855,47.63,3750,930.0,930.0,
3487,2018-02-16 00:00:00,48.01,48.195,48.195,47.955,23211,931.0,931.0,
3488,2018-02-19 00:00:00,48.265,47.9,48.265,47.9,2652,932.0,932.0,
3489,2018-02-20 00:00:00,48.04,48.215,48.215,48.02,756,933.0,933.0,
3490,2018-02-21 00:00:00,48.1,48.25,48.25,47.945,3112,934.0,934.0,
3491,2018-02-22 00:00:00,47.835,48.215,48.215,47.835,4250,935.0,935.0,
3492,2018-02-23 00:00:00,48.315,48.36,48.365,48.235,4877,936.0,936.0,
3493,2018-02-26 00:00:00,48.665,48.59,48.665,48.59,3,937.0,937.0,
3494,2018-02-27 00:00:00,48.73,48.53,48.73,48.495,2952,938.0,938.0,
3495,2018-02-28 00:00:00,48.385,48.3,48.395,48.3,2541,939.0,939.0,
3496,2018-03-01 00:00:00,48.24,47.73,48.24,47.73,200,940.0,940.0,
3497,2018-03-02 00:00:00,47.23,46.735,47.23,46.735,0,941.0,941.0,
3498,2018-03-05 00:00:00,46.55,47.125,47.125,46.55,16291,942.0,942.0,
3499,2018-03-06 00:00:00,47.54,47.28,47.54,47.28,0,943.0,943.0,
3500,2018-03-07 00:00:00,47.105,47.57,47.585,47.105,2602,944.0,944.0,
3501,2018-03-08 00:00:00,47.575,48.08,48.17,47.575,53,945.0,945.0,
3502,2018-03-09 00:00:00,48.065,48.2,48.2,48.02,7390,946.0,946.0,
3503,2018-03-12 00:00:00,48.445,48.32,48.48,48.32,5216,947.0,947.0,
3504,2018-03-13 00:00:00,48.355,47.905,48.4,47.905,519,948.0,948.0,
3505,2018-03-14 00:00:00,47.83,47.77,48.05,47.67,1426,949.0,949.0,
3506,2018-03-15 00:00:00,47.895,48.06,48.06,47.895,0,950.0,950.0,
3507,2018-03-16 00:00:00,48.04,48.21,48.23,48.04,683,951.0,951.0,
3508,2018-03-19 00:00:00,48.08,47.715,48.08,47.715,734,952.0,952.0,
3509,2018-03-20 00:00:00,47.825,47.975,48.01,47.6,5218,953.0,953.0,
3510,2018-03-21 00:00:00,48.03,47.89,48.03,47.88,441,954.0,954.0,
3511,2018-03-22 00:00:00,47.555,47.16,47.555,46.91,5360,955.0,955.0,
3512,2018-03-23 00:00:00,46.715,46.55,46.76,46.32,14721,956.0,956.0,
3513,2018-03-26 00:00:00,46.64,46.245,46.75,46.115,12289,957.0,957.0,
3514,2018-03-27 00:00:00,47.035,46.825,47.035,46.825,2804,958.0,958.0,
3515,2018-03-28 00:00:00,46.43,47.03,47.03,46.19,9216,959.0,959.0,
3516,2018-03-29 00:00:00,47.145,47.31,47.32,47.145,8,960.0,960.0,
3517,2018-04-03 00:00:00,47.005,47.115,47.215,46.985,45147,961.0,961.0,
3518,2018-04-04 00:00:00,47.12,46.935,47.12,46.595,758,962.0,962.0,
3519,2018-04-05 00:00:00,47.61,48.105,48.11,47.61,733,963.0,963.0,
3520,2018-04-06 00:00:00,47.93,47.94,47.94,47.91,6803,964.0,964.0,
3521,2018-04-09 00:00:00,48.01,48.0,48.085,47.87,1201,965.0,965.0,
3522,2018-04-10 00:00:00,48.245,48.36,48.36,48.185,6308,966.0,966.0,
3523,2018-04-11 00:00:00,48.215,48.03,48.215,48.005,4183,967.0,967.0,
3524,2018-04-12 00:00:00,48.06,48.355,48.355,48.06,0,968.0,968.0,
3525,2018-04-13 00:00:00,48.485,48.435,48.555,48.435,11387,969.0,969.0,
3526,2018-04-16 00:00:00,48.5,48.42,48.5,48.32,6,970.0,970.0,
3527,2018-04-17 00:00:00,48.48,48.865,48.87,48.48,115,971.0,971.0,
3528,2018-04-18 00:00:00,48.97,49.025,49.025,48.91,41,972.0,972.0,
3529,2018-04-19 00:00:00,49.105,48.985,49.105,48.95,21835,973.0,973.0,
3530,2018-04-20 00:00:00,49.005,49.03,49.125,48.93,5042,974.0,974.0,
3531,2018-04-23 00:00:00,49.21,49.21,49.21,49.21,3545,975.0,975.0,
3532,2018-04-24 00:00:00,49.19,49.16,49.325,48.985,3608,976.0,976.0,
3533,2018-04-25 00:00:00,48.87,48.81,48.975,48.58,10825,977.0,977.0,
3534,2018-04-26 00:00:00,48.78,49.205,49.205,48.78,15399,978.0,978.0,
3535,2018-04-27 00:00:00,49.34,49.465,49.465,49.265,209,979.0,979.0,
3536,2018-04-30 00:00:00,49.465,49.64,49.64,49.455,8,980.0,980.0,
3537,2018-05-02 00:00:00,49.56,49.935,49.995,49.56,1795,981.0,981.0,
3538,2018-05-03 00:00:00,49.925,49.65,49.925,49.65,54,982.0,982.0,
3539,2018-05-04 00:00:00,49.785,49.965,49.965,49.665,114,983.0,983.0,
3540,2018-05-07 00:00:00,50.04,50.29,50.29,50.04,40,984.0,984.0,
3541,2018-05-08 00:00:00,50.28,50.24,50.28,50.09,492,985.0,985.0,
3542,2018-05-09 00:00:00,50.3,50.38,50.38,50.22,23519,986.0,986.0,
3543,2018-05-10 00:00:00,50.39,50.46,50.47,50.35,6900,987.0,987.0,
3544,2018-05-11 00:00:00,50.51,50.51,50.51,50.38,685,988.0,988.0,
3545,2018-05-14 00:00:00,50.6,50.54,50.6,50.39,2978,989.0,989.0,
3546,2018-05-15 00:00:00,50.44,50.54,50.55,50.44,318,990.0,990.0,
3547,2018-05-16 00:00:00,50.52,50.48,50.52,50.39,211,991.0,991.0,
3548,2018-05-17 00:00:00,50.49,50.84,50.84,50.49,1247,992.0,992.0,
3549,2018-05-18 00:00:00,50.77,50.64,50.77,50.64,2200,993.0,993.0,
3550,2018-05-21 00:00:00,50.81,50.82,50.82,50.79,10,994.0,994.0,
3551,2018-05-22 00:00:00,50.91,51.03,51.09,50.91,10000,995.0,995.0,
3552,2018-05-23 00:00:00,50.94,50.41,50.94,50.41,4040,996.0,996.0,
3553,2018-05-24 00:00:00,50.53,50.16,50.53,50.0,6089,997.0,997.0,
3554,2018-05-25 00:00:00,50.31,50.11,50.5,50.11,169,998.0,998.0,
3555,2018-05-28 00:00:00,50.5,49.84,50.5,49.72,770,999.0,999.0,
3556,2018-05-29 00:00:00,49.495,49.105,49.495,48.75,16374,1000.0,1000.0,
3557,2018-05-30 00:00:00,49.215,49.38,49.38,49.215,0,1001.0,1001.0,
3558,2018-05-31 00:00:00,49.515,48.96,49.6,48.96,9338,1002.0,1002.0,
3559,2018-06-01 00:00:00,49.405,49.595,49.595,49.405,19,1003.0,1003.0,
3560,2018-06-04 00:00:00,49.92,49.74,49.965,49.74,1439,1004.0,1004.0,
3561,2018-06-05 00:00:00,49.695,49.645,50.0,49.645,8387,1005.0,1005.0,
3562,2018-06-06 00:00:00,49.765,49.79,49.79,49.7,1,1006.0,1006.0,
3563,2018-06-07 00:00:00,49.975,49.71,49.99,49.595,2468,1007.0,1007.0,
3564,2018-06-08 00:00:00,49.275,49.54,49.58,49.25,7980,1008.0,1008.0,
3565,2018-06-11 00:00:00,49.885,50.0,50.0,49.8,125,1009.0,1009.0,
3566,2018-06-12 00:00:00,50.23,49.95,50.23,49.95,683,1010.0,1010.0,
3567,2018-06-13 00:00:00,50.02,50.06,50.06,50.02,0,1011.0,1011.0,
3568,2018-06-14 00:00:00,49.8,50.64,50.64,49.695,32,1012.0,1012.0,
3569,2018-06-15 00:00:00,50.72,50.24,50.72,50.24,9974,1013.0,1013.0,
3570,2018-06-18 00:00:00,50.15,49.825,50.15,49.7,765,1014.0,1014.0,
3571,2018-06-19 00:00:00,49.16,49.385,49.45,49.12,4872,1015.0,1015.0,
3572,2018-06-20 00:00:00,49.66,49.38,49.66,49.38,10364,1016.0,1016.0,
3573,2018-06-21 00:00:00,49.475,48.88,49.575,48.88,503,1017.0,1017.0,
3574,2018-06-22 00:00:00,49.01,49.325,49.325,49.01,0,1018.0,1018.0,
3575,2018-06-25 00:00:00,49.04,48.275,49.175,48.275,158,1019.0,1019.0,
3576,2018-06-26 00:00:00,48.58,48.315,48.58,48.315,0,1020.0,1020.0,
3577,2018-06-27 00:00:00,48.38,48.695,48.695,48.18,2704,1021.0,1021.0,
3578,2018-06-28 00:00:00,48.575,48.205,48.71,48.195,1164,1022.0,1022.0,
3579,2018-06-29 00:00:00,48.795,48.575,48.805,48.575,1245,1023.0,1023.0,
3580,2018-07-02 00:00:00,48.05,48.24,48.24,48.05,0,1024.0,1024.0,
3581,2018-07-03 00:00:00,48.54,48.68,48.79,48.54,3405,1025.0,1025.0,
3582,2018-07-04 00:00:00,48.615,48.675,48.675,48.615,0,1026.0,1026.0,
3583,2018-07-05 00:00:00,48.785,49.09,49.09,48.785,490,1027.0,1027.0,
3584,2018-07-06 00:00:00,49.275,49.26,49.275,49.14,18,1028.0,1028.0,
3585,2018-07-09 00:00:00,49.59,49.475,49.59,49.4,2559,1029.0,1029.0,
3586,2018-07-10 00:00:00,49.54,49.675,49.675,49.54,2500,1030.0,1030.0,
3587,2018-07-11 00:00:00,48.005,47.725,48.005,47.725,40,1031.0,1031.0,
3588,2018-07-12 00:00:00,47.78,48.045,48.045,47.78,13,1032.0,1032.0,
3589,2018-07-13 00:00:00,48.24,48.16,48.24,48.14,2000,1033.0,1033.0,
3590,2018-07-16 00:00:00,48.145,48.12,48.145,48.12,0,1034.0,1034.0,
3591,2018-07-17 00:00:00,48.065,48.305,48.305,48.04,21,1035.0,1035.0,
3592,2018-07-18 00:00:00,48.505,48.615,48.615,48.505,275,1036.0,1036.0,
3593,2018-07-19 00:00:00,48.54,48.405,48.54,48.405,0,1037.0,1037.0,
3594,2018-07-20 00:00:00,48.355,48.255,48.5,48.1,138680,1038.0,1038.0,
3595,2018-07-23 00:00:00,48.015,48.12,48.12,48.015,10000,1039.0,1039.0,
3596,2018-07-24 00:00:00,48.44,48.575,48.575,48.35,688,1040.0,1040.0,
3597,2018-07-25 00:00:00,48.585,48.365,48.585,48.365,40000,1041.0,1041.0,
3598,2018-07-26 00:00:00,48.645,48.825,48.825,48.545,62753,1042.0,1042.0,
3599,2018-07-27 00:00:00,48.92,49.04,49.08,48.92,5040,1043.0,1043.0,
3600,2018-07-30 00:00:00,48.965,48.835,48.965,48.835,2530,1044.0,1044.0,
3601,2018-07-31 00:00:00,48.84,49.005,49.005,48.84,0,1045.0,1045.0,
3602,2018-08-01 00:00:00,49.025,48.76,49.025,48.76,12000,1046.0,1046.0,
3603,2018-08-02 00:00:00,48.455,48.345,48.455,48.295,815,1047.0,1047.0,
3604,2018-08-03 00:00:00,48.4,48.595,48.635,48.4,21799,1048.0,1048.0,
3605,2018-08-06 00:00:00,48.695,48.55,48.695,48.55,18951,1049.0,1049.0,
3606,2018-08-07 00:00:00,48.725,48.795,48.91,48.725,130,1050.0,1050.0,
3607,2018-08-08 00:00:00,48.745,48.685,48.745,48.685,10,1051.0,1051.0,
3608,2018-08-09 00:00:00,48.585,48.71,48.71,48.585,0,1052.0,1052.0,
3609,2018-08-10 00:00:00,48.32,47.9,48.32,47.88,821,1053.0,1053.0,
3610,2018-08-13 00:00:00,47.665,47.775,47.79,47.595,1262,1054.0,1054.0,
3611,2018-08-14 00:00:00,47.98,47.735,47.98,47.735,0,1055.0,1055.0,
3612,2018-08-15 00:00:00,47.78,46.975,47.78,46.975,6300,1056.0,1056.0,
3613,2018-08-16 00:00:00,47.14,47.32,47.32,47.14,138,1057.0,1057.0,
3614,2018-08-17 00:00:00,47.345,47.29,47.345,47.055,218,1058.0,1058.0,
3615,2018-08-20 00:00:00,47.335,47.62,47.64,47.335,21512,1059.0,1059.0,
3616,2018-08-21 00:00:00,47.645,47.82,47.895,47.645,4646,1060.0,1060.0,
3617,2018-08-22 00:00:00,47.83,47.865,47.9,47.83,166,1061.0,1061.0,
3618,2018-08-23 00:00:00,47.935,47.83,47.935,47.83,0,1062.0,1062.0,
3619,2018-08-24 00:00:00,47.93,47.95,47.955,47.93,3585,1063.0,1063.0,
3620,2018-08-27 00:00:00,48.08,48.345,48.345,48.08,6164,1064.0,1064.0,
3621,2018-08-28 00:00:00,48.51,48.36,48.51,48.36,20,1065.0,1065.0,
3622,2018-08-29 00:00:00,48.4,48.46,48.46,48.265,6221,1066.0,1066.0,
3623,2018-08-30 00:00:00,48.355,48.145,48.355,48.115,1639,1067.0,1067.0,
3624,2018-08-31 00:00:00,47.975,47.66,47.975,47.66,20,1068.0,1068.0,
3625,2018-09-03 00:00:00,47.645,47.675,47.675,47.58,1082,1069.0,1069.0,
3626,2018-09-04 00:00:00,47.87,47.265,47.87,47.265,10632,1070.0,1070.0,
3627,2018-09-05 00:00:00,47.1,46.685,47.1,46.685,3,1071.0,1071.0,
3628,2018-09-06 00:00:00,46.575,46.42,46.575,46.42,86,1072.0,1072.0,
3629,2018-09-07 00:00:00,46.405,46.435,46.495,46.35,5529,1073.0,1073.0,
3630,2018-09-10 00:00:00,46.365,46.675,46.675,46.365,773,1074.0,1074.0,
3631,2018-09-11 00:00:00,46.75,46.67,46.75,46.43,5066,1075.0,1075.0,
3632,2018-09-12 00:00:00,46.69,46.88,46.88,46.69,0,1076.0,1076.0,
3633,2018-09-13 00:00:00,46.835,46.89,47.065,46.835,3253,1077.0,1077.0,
3634,2018-09-14 00:00:00,47.08,47.075,47.08,47.0,307,1078.0,1078.0,
3635,2018-09-17 00:00:00,46.985,47.085,47.085,46.94,21284,1079.0,1079.0,
3636,2018-09-18 00:00:00,47.11,47.24,47.25,47.11,240,1080.0,1080.0,
3637,2018-09-19 00:00:00,47.335,47.415,47.45,47.335,2778,1081.0,1081.0,
3638,2018-09-20 00:00:00,47.45,47.79,47.79,47.45,5700,1082.0,1082.0,
3639,2018-09-21 00:00:00,48.04,48.07,48.18,47.985,3249,1083.0,1083.0,
3640,2018-09-24 00:00:00,47.965,47.78,47.965,47.78,0,1084.0,1084.0,
3641,2018-09-25 00:00:00,47.85,47.89,48.0,47.85,1964,1085.0,1085.0,
3642,2018-09-26 00:00:00,47.89,47.99,47.99,47.875,91,1086.0,1086.0,
3643,2018-09-27 00:00:00,47.825,48.145,48.145,47.585,460,1087.0,1087.0,
3644,2018-09-28 00:00:00,47.87,47.525,47.87,47.5,198,1088.0,1088.0,
3645,2018-10-01 00:00:00,47.645,47.68,47.73,47.645,251,1089.0,1089.0,
3646,2018-10-02 00:00:00,47.33,47.41,47.41,47.31,255,1090.0,1090.0,
3647,2018-10-03 00:00:00,47.44,47.67,47.67,47.44,1490,1091.0,1091.0,
3648,2018-10-04 00:00:00,47.52,47.14,47.52,47.14,107,1092.0,1092.0,
3649,2018-10-05 00:00:00,47.095,46.73,47.095,46.73,55,1093.0,1093.0,
3650,2018-10-08 00:00:00,46.605,46.175,46.605,46.175,27,1094.0,1094.0,
3651,2018-10-09 00:00:00,46.28,46.3,46.3,45.915,566,1095.0,1095.0,
3652,2018-10-10 00:00:00,46.265,45.39,46.265,45.35,9221,1096.0,1096.0,
3653,2018-10-11 00:00:00,45.115,44.605,45.115,44.605,22147,1097.0,1097.0,
3654,2018-10-12 00:00:00,45.035,44.475,45.06,44.475,451,1098.0,1098.0,
3655,2018-10-15 00:00:00,44.46,44.6,44.6,44.365,132,1099.0,1099.0,
3656,2018-10-16 00:00:00,44.605,45.365,45.365,44.605,750,1100.0,1100.0,
3657,2018-10-17 00:00:00,45.56,45.155,45.56,45.155,12537,1101.0,1101.0,
3658,2018-10-18 00:00:00,45.135,44.78,45.135,44.78,12537,1102.0,1102.0,
3659,2018-10-19 00:00:00,44.75,44.63,44.75,44.47,6000,1103.0,1103.0,
3660,2018-10-22 00:00:00,45.075,44.4,45.075,44.37,384,1104.0,1104.0,
3661,2018-10-23 00:00:00,43.825,43.615,43.825,43.55,14852,1105.0,1105.0,
3662,2018-10-24 00:00:00,43.815,43.365,44.15,43.365,85541,1106.0,1106.0,
3663,2018-10-25 00:00:00,43.145,43.915,43.915,43.145,647,1107.0,1107.0,
3664,2018-10-26 00:00:00,43.45,43.565,43.565,43.25,118,1108.0,1108.0,
3665,2018-10-29 00:00:00,43.51,43.855,44.055,43.51,9,1109.0,1109.0,
3666,2018-10-30 00:00:00,43.975,43.785,43.975,43.61,45901,1110.0,1110.0,
3667,2018-10-31 00:00:00,44.365,44.495,44.555,44.365,12504,1111.0,1111.0,
3668,2018-11-01 00:00:00,44.51,44.67,44.78,44.51,15545,1112.0,1112.0,
3669,2018-11-02 00:00:00,45.315,44.885,45.315,44.885,5000,1113.0,1113.0,
3670,2018-11-05 00:00:00,44.88,44.79,44.905,44.79,14,1114.0,1114.0,
3671,2018-11-06 00:00:00,44.875,44.67,44.875,44.67,0,1115.0,1115.0,
3672,2018-11-07 00:00:00,44.91,45.225,45.225,44.91,0,1116.0,1116.0,
3673,2018-11-08 00:00:00,45.345,45.1,45.42,45.1,3500,1117.0,1117.0,
3674,2018-11-09 00:00:00,44.88,44.92,44.92,44.76,5200,1118.0,1118.0,
3675,2018-11-12 00:00:00,45.185,44.435,45.185,44.425,411,1119.0,1119.0,
3676,2018-11-13 00:00:00,44.62,44.9,44.9,44.62,1140,1120.0,1120.0,
3677,2018-11-14 00:00:00,44.475,44.675,45.035,44.475,2013,1121.0,1121.0,
3678,2018-11-15 00:00:00,44.865,44.375,44.865,44.095,11513,1122.0,1122.0,
3679,2018-11-16 00:00:00,44.675,44.31,44.675,44.31,0,1123.0,1123.0,
3680,2018-11-19 00:00:00,44.485,43.95,44.485,43.95,110,1124.0,1124.0,
3681,2018-11-20 00:00:00,43.685,43.28,43.685,43.28,237,1125.0,1125.0,
3682,2018-11-21 00:00:00,43.515,43.79,43.79,43.515,78,1126.0,1126.0,
3683,2018-11-22 00:00:00,43.645,43.44,43.645,43.44,6856,1127.0,1127.0,
3684,2018-11-23 00:00:00,43.465,43.625,43.625,43.45,11250,1128.0,1128.0,
3685,2018-11-26 00:00:00,43.97,44.17,44.17,43.97,4180,1129.0,1129.0,
3686,2018-11-27 00:00:00,44.2,44.08,44.2,43.91,263,1130.0,1130.0,
3687,2018-11-28 00:00:00,44.255,44.055,44.255,44.055,16565,1131.0,1131.0,
3688,2018-11-29 00:00:00,44.425,44.17,44.425,44.13,4150,1132.0,1132.0,
3689,2018-11-30 00:00:00,44.18,44.05,44.18,43.92,12,1133.0,1133.0,
3690,2018-12-03 00:00:00,45.15,44.63,45.15,44.63,552,1134.0,1134.0,
3691,2018-12-04 00:00:00,44.59,44.195,44.59,44.195,51,1135.0,1135.0,
3692,2018-12-05 00:00:00,43.665,43.705,43.84,43.665,28,1136.0,1136.0,
3693,2018-12-06 00:00:00,43.29,42.25,43.29,42.25,9669,1137.0,1137.0,
3694,2018-12-07 00:00:00,42.645,42.495,42.645,42.495,0,1138.0,1138.0,
3695,2018-12-10 00:00:00,42.33,41.78,42.33,41.78,2288,1139.0,1139.0,
3696,2018-12-11 00:00:00,42.125,42.31,42.57,42.125,4297,1140.0,1140.0,
3697,2018-12-12 00:00:00,42.345,42.87,42.935,42.345,62869,1141.0,1141.0,
3698,2018-12-13 00:00:00,43.13,42.875,43.13,42.82,16405,1142.0,1142.0,
3699,2018-12-14 00:00:00,42.54,42.595,42.745,42.54,1837,1143.0,1143.0,
3700,2018-12-17 00:00:00,42.435,42.145,42.455,42.145,322,1144.0,1144.0,
3701,2018-12-18 00:00:00,41.92,41.875,42.185,41.875,14522,1145.0,1145.0,
3702,2018-12-19 00:00:00,41.96,42.075,42.135,41.96,3004,1146.0,1146.0,
3703,2018-12-20 00:00:00,41.415,41.335,41.545,41.335,12252,1147.0,1147.0,
3704,2018-12-21 00:00:00,41.13,41.33,41.33,40.87,94481,1148.0,1148.0,
3705,2018-12-24 00:00:00,40.885,40.6,40.885,40.6,2,1149.0,1149.0,
3706,2018-12-27 00:00:00,40.625,40.425,40.63,40.285,2552,1150.0,1150.0,
3707,2018-12-28 00:00:00,40.66,41.04,41.14,40.66,16434,1151.0,1151.0,
3708,2018-12-31 00:00:00,41.345,41.48,41.48,41.345,0,1152.0,1152.0,
3709,2019-01-02 00:00:00,40.88,41.22,41.22,40.765,391,1153.0,1153.0,
3710,2019-01-03 00:00:00,40.875,40.735,41.065,40.735,5344,1154.0,1154.0,
3711,2019-01-04 00:00:00,41.175,41.93,41.93,41.175,282,1155.0,1155.0,
3712,2019-01-07 00:00:00,42.045,41.905,42.045,41.76,96,1156.0,1156.0,
3713,2019-01-08 00:00:00,41.985,42.235,42.37,41.985,3499,1157.0,1157.0,
3714,2019-01-09 00:00:00,42.565,42.52,42.71,42.465,24204,1158.0,1158.0,
3715,2019-01-10 00:00:00,42.295,42.59,42.59,42.255,4023,1159.0,1159.0,
3716,2019-01-11 00:00:00,42.68,42.51,42.68,42.405,1613,1160.0,1160.0,
3717,2019-01-14 00:00:00,42.37,42.285,42.37,42.07,1513,1161.0,1161.0,
3718,2019-01-15 00:00:00,42.83,42.46,42.83,42.365,1029,1162.0,1162.0,
3719,2019-01-16 00:00:00,42.64,42.71,42.71,42.505,701,1163.0,1163.0,
3720,2019-01-17 00:00:00,42.43,42.68,42.68,42.43,1632,1164.0,1164.0,
3721,2019-01-18 00:00:00,42.925,43.465,43.465,42.925,24036,1165.0,1165.0,
3722,2019-01-21 00:00:00,43.395,43.38,43.42,43.345,949,1166.0,1166.0,
3723,2019-01-22 00:00:00,43.215,43.205,43.25,43.08,7036,1167.0,1167.0,
3724,2019-01-23 00:00:00,42.97,43.24,43.495,42.96,93,1168.0,1168.0,
3725,2019-01-24 00:00:00,43.25,43.465,43.5,43.25,15088,1169.0,1169.0,
3726,2019-01-25 00:00:00,43.75,43.935,43.97,43.75,10744,1170.0,1170.0,
3727,2019-01-28 00:00:00,43.79,43.585,43.815,43.585,149,1171.0,1171.0,
3728,2019-01-29 00:00:00,43.545,43.79,43.965,43.545,1242,1172.0,1172.0,
3729,2019-01-30 00:00:00,43.845,43.93,43.93,43.805,61,1173.0,1173.0,
3730,2019-01-31 00:00:00,44.125,43.89,44.125,43.585,5137,1174.0,1174.0,
3731,2019-02-01 00:00:00,43.935,43.955,44.01,43.79,4683,1175.0,1175.0,
3732,2019-02-04 00:00:00,44.03,43.925,44.03,43.71,966,1176.0,1176.0,
3733,2019-02-05 00:00:00,43.95,44.66,44.66,43.95,22816,1177.0,1177.0,
3734,2019-02-06 00:00:00,44.59,44.715,44.74,44.505,1756,1178.0,1178.0,
3735,2019-02-07 00:00:00,44.57,43.82,44.57,43.82,10672,1179.0,1179.0,
3736,2019-02-08 00:00:00,43.77,43.485,43.915,43.485,5911,1180.0,1180.0,
3737,2019-02-11 00:00:00,43.68,43.9,43.965,43.68,339,1181.0,1181.0,
3738,2019-02-12 00:00:00,44.235,44.235,44.235,44.235,0,1182.0,1182.0,
3739,2019-02-13 00:00:00,44.38,44.425,44.45,44.35,684,1183.0,1183.0,
3740,2019-02-14 00:00:00,44.73,44.235,44.73,44.235,5993,1184.0,1184.0,
3741,2019-02-15 00:00:00,44.22,44.975,44.975,44.22,1238,1185.0,1185.0,
3742,2019-02-18 00:00:00,45.0,45.11,45.11,45.0,23827,1186.0,1186.0,
3743,2019-02-19 00:00:00,45.075,45.01,45.075,44.86,2337,1187.0,1187.0,
3744,2019-02-20 00:00:00,45.23,45.305,45.305,45.055,938,1188.0,1188.0,
3745,2019-02-21 00:00:00,45.36,45.27,45.36,45.21,9200,1189.0,1189.0,
3746,2019-02-22 00:00:00,45.265,45.355,45.48,45.265,18149,1190.0,1190.0,
3747,2019-02-25 00:00:00,45.6,45.495,45.6,45.46,56,1191.0,1191.0,
3748,2019-02-26 00:00:00,45.29,45.555,45.615,45.29,272,1192.0,1192.0,
3749,2019-02-27 00:00:00,45.42,45.405,45.42,45.315,5126,1193.0,1193.0,
3750,2019-02-28 00:00:00,45.24,45.61,45.62,45.24,11955,1194.0,1194.0,
3751,2019-03-01 00:00:00,45.88,45.885,46.025,45.88,2689,1195.0,1195.0,
3752,2019-03-04 00:00:00,46.14,45.98,46.14,45.98,4200,1196.0,1196.0,
3753,2019-03-05 00:00:00,45.965,46.025,46.11,45.825,27417,1197.0,1197.0,
3754,2019-03-06 00:00:00,45.97,45.945,46.12,45.865,28077,1198.0,1198.0,
3755,2019-03-07 00:00:00,45.94,45.685,45.94,45.535,418,1199.0,1199.0,
3756,2019-03-08 00:00:00,45.445,45.335,45.455,45.18,19467,1200.0,1200.0,
3757,2019-03-11 00:00:00,45.55,45.655,45.68,45.38,15266,1201.0,1201.0,
3758,2019-03-12 00:00:00,45.88,45.655,45.88,45.655,7,1202.0,1202.0,
3759,2019-03-13 00:00:00,45.615,45.875,45.91,45.615,148,1203.0,1203.0,
3760,2019-03-14 00:00:00,45.965,46.17,46.19,45.965,797,1204.0,1204.0,
3761,2019-03-15 00:00:00,46.065,46.64,46.64,46.065,30196,1205.0,1205.0,
3762,2019-03-18 00:00:00,46.67,46.71,46.78,46.65,160,1206.0,1206.0,
3763,2019-03-19 00:00:00,46.835,47.06,47.125,46.835,1729,1207.0,1207.0,
3764,2019-03-20 00:00:00,46.915,46.555,46.915,46.555,905,1208.0,1208.0,
3765,2019-03-21 00:00:00,46.52,46.545,46.545,46.23,1724,1209.0,1209.0,
3766,2019-03-22 00:00:00,46.69,45.72,46.69,45.72,2368,1210.0,1210.0,
3767,2019-03-25 00:00:00,45.655,45.585,45.655,45.53,6609,1211.0,1211.0,
3768,2019-03-26 00:00:00,45.64,45.87,45.87,45.485,259,1212.0,1212.0,
3769,2019-03-27 00:00:00,45.99,45.935,46.105,45.775,4125,1213.0,1213.0,
3770,2019-03-28 00:00:00,45.965,45.84,46.09,45.82,6460,1214.0,1214.0,
3771,2019-03-29 00:00:00,46.135,46.225,46.225,45.95,1960,1215.0,1215.0,
3772,2019-04-01 00:00:00,46.595,46.77,46.77,46.575,461,1216.0,1216.0,
3773,2019-04-02 00:00:00,46.93,46.945,46.945,46.835,549,1217.0,1217.0,
3774,2019-04-03 00:00:00,47.335,47.505,47.525,47.31,6454,1218.0,1218.0,
3775,2019-04-04 00:00:00,47.485,47.545,47.6,47.44,20077,1219.0,1219.0,
3776,2019-04-05 00:00:00,47.61,47.63,47.63,47.57,6439,1220.0,1220.0,
3777,2019-04-08 00:00:00,47.57,47.49,47.58,47.455,845,1221.0,1221.0,
3778,2019-04-09 00:00:00,47.395,47.205,47.395,47.205,37,1222.0,1222.0,
3779,2019-04-10 00:00:00,47.255,47.32,47.42,47.255,13047,1223.0,1223.0,
3780,2019-04-11 00:00:00,47.425,47.52,47.52,47.425,10,1224.0,1224.0,
3781,2019-04-12 00:00:00,47.475,47.755,47.755,47.38,1305,1225.0,1225.0,
3782,2019-04-15 00:00:00,47.915,47.845,47.915,47.785,2664,1226.0,1226.0,
3783,2019-04-16 00:00:00,47.91,48.035,48.035,47.91,3066,1227.0,1227.0,
3784,2019-04-17 00:00:00,48.105,48.2,48.29,47.99,15715,1228.0,1228.0,
3785,2019-04-18 00:00:00,48.235,48.345,48.37,47.93,6931,1229.0,1229.0,
3786,2019-04-23 00:00:00,48.4,48.46,48.46,48.23,2326,1230.0,1230.0,
3787,2019-04-24 00:00:00,48.335,48.385,48.385,48.305,60,1231.0,1231.0,
3788,2019-04-25 00:00:00,48.445,48.26,48.445,48.215,565,1232.0,1232.0,
3789,2019-04-26 00:00:00,48.305,48.4,48.4,48.23,2469,1233.0,1233.0,
3790,2019-04-29 00:00:00,48.39,48.51,48.51,48.255,2199,1234.0,1234.0,
3791,2019-04-30 00:00:00,48.425,48.615,48.615,48.41,3,1235.0,1235.0,
3792,2019-05-02 00:00:00,48.495,48.395,48.58,48.395,2430,1236.0,1236.0,
3793,2019-05-03 00:00:00,48.405,48.49,48.57,48.405,1221,1237.0,1237.0,
3794,2019-05-06 00:00:00,47.49,47.99,47.99,47.49,101,1238.0,1238.0,
3795,2019-05-07 00:00:00,48.045,47.34,48.045,47.34,102,1239.0,1239.0,
3796,2019-05-08 00:00:00,47.41,47.5,47.5,47.255,297,1240.0,1240.0,
3797,2019-05-09 00:00:00,47.15,46.675,47.15,46.65,2612,1241.0,1241.0,
3798,2019-05-10 00:00:00,47.13,46.84,47.19,46.84,13282,1242.0,1242.0,
3799,2019-05-13 00:00:00,46.915,46.2,46.915,46.145,779,1243.0,1243.0,
3800,2019-05-14 00:00:00,46.425,46.78,46.78,46.425,5506,1244.0,1244.0,
3801,2019-05-15 00:00:00,46.985,47.05,47.05,46.585,530,1245.0,1245.0,
3802,2019-05-16 00:00:00,46.98,47.705,47.705,46.93,13836,1246.0,1246.0,
3803,2019-05-17 00:00:00,47.525,47.525,47.525,47.245,7125,1247.0,1247.0,
3804,2019-05-20 00:00:00,47.45,46.9,47.56,46.865,2925,1248.0,1248.0,
3805,2019-05-21 00:00:00,47.105,47.23,47.255,46.995,433,1249.0,1249.0,
3806,2019-05-22 00:00:00,47.165,47.205,47.38,46.92,8855,1250.0,1250.0,
3807,2019-05-23 00:00:00,46.885,46.505,46.885,46.4,498,1251.0,1251.0,
3808,2019-05-24 00:00:00,46.66,46.705,46.825,46.66,4724,1252.0,1252.0,
3809,2019-05-27 00:00:00,47.045,46.89,47.045,46.845,162,1253.0,1253.0,
3810,2019-05-28 00:00:00,46.965,46.745,46.965,46.62,5599,1254.0,1254.0,
3811,2019-05-29 00:00:00,46.15,46.05,46.185,46.0,991,1255.0,1255.0,
3812,2019-05-30 00:00:00,46.315,46.36,46.36,46.315,104,1256.0,1256.0,
3813,2019-05-31 00:00:00,45.96,45.89,45.96,45.6,105,1257.0,1257.0,
3814,2019-06-03 00:00:00,45.6,46.095,46.095,45.56,13792,1258.0,1258.0,
3815,2019-06-04 00:00:00,45.795,46.51,46.51,45.795,473,1259.0,1259.0,
3816,2019-06-05 00:00:00,46.52,46.62,46.73,46.485,15626,1260.0,1260.0,
3817,2019-06-06 00:00:00,46.655,46.535,47.01,46.535,10202,1261.0,1261.0,
3818,2019-06-07 00:00:00,46.73,47.05,47.09,46.73,575,1262.0,1262.0,
3819,2019-06-10 00:00:00,47.22,47.28,47.28,47.2,7,1263.0,1263.0,
3820,2019-06-11 00:00:00,47.32,47.515,47.68,47.32,2182,1264.0,1264.0,
3821,2019-06-12 00:00:00,47.325,47.31,47.38,47.21,173,1265.0,1265.0,
3822,2019-06-13 00:00:00,47.21,47.36,47.455,47.21,3947,1266.0,1266.0,
3823,2019-06-14 00:00:00,47.17,47.155,47.195,47.05,1332,1267.0,1267.0,
3824,2019-06-17 00:00:00,47.195,47.165,47.27,47.165,6496,1268.0,1268.0,
3825,2019-06-18 00:00:00,47.095,48.06,48.08,46.945,21728,1269.0,1269.0,
3826,2019-06-19 00:00:00,48.105,48.14,48.15,48.03,1419,1270.0,1270.0,
3827,2019-06-20 00:00:00,48.48,48.265,48.535,48.265,10244,1271.0,1271.0,
3828,2019-06-21 00:00:00,48.395,48.195,48.45,48.155,27365,1272.0,1272.0,
3829,2019-06-24 00:00:00,48.205,48.04,48.205,48.04,407,1273.0,1273.0,
3830,2019-06-25 00:00:00,47.86,47.9,47.945,47.855,1821,1274.0,1274.0,
3831,2019-06-26 00:00:00,47.86,47.85,48.05,47.85,360,1275.0,1275.0,
3832,2019-06-27 00:00:00,47.905,47.855,47.945,47.84,12611,1276.0,1276.0,
3833,2019-06-28 00:00:00,47.91,48.24,48.24,47.91,6099,1277.0,1277.0,
3834,2019-07-01 00:00:00,48.88,48.625,48.88,48.625,872,1278.0,1278.0,
3835,2019-07-02 00:00:00,48.665,48.685,48.71,48.555,16669,1279.0,1279.0,
3836,2019-07-03 00:00:00,48.81,49.2,49.2,48.81,11001,1280.0,1280.0,
3837,2019-07-04 00:00:00,49.33,49.305,49.33,49.225,9923,1281.0,1281.0,
3838,2019-07-05 00:00:00,49.28,49.015,49.28,48.89,17515,1282.0,1282.0,
3839,2019-07-08 00:00:00,48.95,48.905,49.05,48.81,6601,1283.0,1283.0,
3840,2019-07-09 00:00:00,48.635,48.655,48.655,48.445,5131,1284.0,1284.0,
3841,2019-07-10 00:00:00,47.32,47.175,47.32,47.0,11442,1285.0,1285.0,
3842,2019-07-11 00:00:00,47.33,47.12,47.33,47.12,6524,1286.0,1286.0,
3843,2019-07-12 00:00:00,47.145,47.185,47.185,47.12,3389,1287.0,1287.0,
3844,2019-07-15 00:00:00,47.315,47.315,47.35,47.125,1907,1288.0,1288.0,
3845,2019-07-16 00:00:00,47.335,47.545,47.55,47.315,768,1289.0,1289.0,
3846,2019-07-17 00:00:00,47.54,47.275,47.58,47.205,125843,1290.0,1290.0,
3847,2019-07-18 00:00:00,46.905,47.025,47.195,46.905,11676,1291.0,1291.0,
3848,2019-07-19 00:00:00,47.275,47.02,47.275,46.93,2327,1292.0,1292.0,
3849,2019-07-22 00:00:00,47.175,47.15,47.21,47.025,5738,1293.0,1293.0,
3850,2019-07-23 00:00:00,47.42,47.74,47.855,47.42,1062,1294.0,1294.0,
3851,2019-07-24 00:00:00,47.775,47.91,47.91,47.66,5876,1295.0,1295.0,
3852,2019-07-25 00:00:00,48.115,47.605,48.32,47.53,7419,1296.0,1296.0,
3853,2019-07-26 00:00:00,47.605,47.73,47.73,47.595,5919,1297.0,1297.0,
3854,2019-07-29 00:00:00,47.6,47.665,47.775,47.59,6643,1298.0,1298.0,
3855,2019-07-30 00:00:00,47.755,46.84,47.755,46.84,654,1299.0,1299.0,
3856,2019-07-31 00:00:00,46.82,46.97,47.065,46.79,105428,1300.0,1300.0,
3857,2019-08-01 00:00:00,46.8,47.27,47.27,46.8,4294,1301.0,1301.0,
3858,2019-08-02 00:00:00,46.31,45.935,46.365,45.935,4483,1302.0,1302.0,
3859,2019-08-05 00:00:00,45.56,44.935,45.56,44.845,68559,1303.0,1303.0,
3860,2019-08-06 00:00:00,45.02,44.745,45.295,44.745,33148,1304.0,1304.0,
3861,2019-08-07 00:00:00,44.92,44.96,45.31,44.92,9289,1305.0,1305.0,
3862,2019-08-08 00:00:00,45.58,45.785,45.785,45.38,19738,1306.0,1306.0,
3863,2019-08-09 00:00:00,45.635,45.245,45.635,45.245,1897,1307.0,1307.0,
3864,2019-08-12 00:00:00,45.77,45.075,45.77,45.055,154,1308.0,1308.0,
3865,2019-08-13 00:00:00,44.915,45.375,45.385,44.655,9508,1309.0,1309.0,
3866,2019-08-14 00:00:00,45.32,44.455,45.32,44.455,2472,1310.0,1310.0,
3867,2019-08-15 00:00:00,44.59,44.275,44.59,44.03,7113,1311.0,1311.0,
3868,2019-08-16 00:00:00,44.44,44.925,44.925,44.44,15085,1312.0,1312.0,
3869,2019-08-19 00:00:00,45.375,45.52,45.52,45.27,2691,1313.0,1313.0,
3870,2019-08-20 00:00:00,45.55,45.185,45.55,45.185,16283,1314.0,1314.0,
3871,2019-08-21 00:00:00,45.44,45.84,45.84,45.44,0,1315.0,1315.0,
3872,2019-08-22 00:00:00,45.675,45.585,46.0,45.585,22875,1316.0,1316.0,
3873,2019-08-23 00:00:00,45.82,45.09,45.82,45.09,14974,1317.0,1317.0,
3874,2019-08-26 00:00:00,44.965,45.26,45.26,44.935,4731,1318.0,1318.0,
3875,2019-08-27 00:00:00,45.155,45.565,45.59,45.15,40,1319.0,1319.0,
3876,2019-08-28 00:00:00,45.385,45.44,45.44,45.125,1220,1320.0,1320.0,
3877,2019-08-29 00:00:00,45.395,46.055,46.055,45.395,1255,1321.0,1321.0,
3878,2019-08-30 00:00:00,46.11,46.36,46.5,46.11,406,1322.0,1322.0,
3879,2019-09-02 00:00:00,46.465,46.435,46.465,46.435,0,1323.0,1323.0,
3880,2019-09-03 00:00:00,46.36,46.27,46.36,46.27,4782,1324.0,1324.0,
3881,2019-09-04 00:00:00,46.68,46.77,46.795,46.68,37,1325.0,1325.0,
3882,2019-09-05 00:00:00,47.165,47.24,47.285,47.085,286,1326.0,1326.0,
3883,2019-09-06 00:00:00,47.32,47.365,47.38,47.235,5789,1327.0,1327.0,
3884,2019-09-09 00:00:00,47.45,47.385,47.45,47.305,7685,1328.0,1328.0,
3885,2019-09-10 00:00:00,47.335,47.45,47.45,47.165,10213,1329.0,1329.0,
3886,2019-09-11 00:00:00,47.61,47.67,47.71,47.61,1377,1330.0,1330.0,
3887,2019-09-12 00:00:00,47.835,47.94,48.05,47.405,8157,1331.0,1331.0,
3888,2019-09-13 00:00:00,47.995,48.085,48.145,47.995,1149,1332.0,1332.0,
3889,2019-09-16 00:00:00,47.825,47.69,47.825,47.69,310,1333.0,1333.0,
3890,2019-09-17 00:00:00,47.7,47.63,47.7,47.61,30,1334.0,1334.0,
3891,2019-09-18 00:00:00,47.62,47.685,47.71,47.62,54,1335.0,1335.0,
3892,2019-09-19 00:00:00,47.675,48.0,48.0,47.675,146,1336.0,1336.0,
3893,2019-09-20 00:00:00,48.01,48.115,48.2,48.01,851,1337.0,1337.0,
3894,2019-09-23 00:00:00,48.115,47.655,48.115,47.575,1217,1338.0,1338.0,
3895,2019-09-24 00:00:00,47.79,47.625,47.79,47.625,1415,1339.0,1339.0,
3896,2019-09-25 00:00:00,47.405,47.345,47.405,46.925,10746,1340.0,1340.0,
3897,2019-09-26 00:00:00,47.34,47.645,47.645,47.34,216,1341.0,1341.0,
3898,2019-09-27 00:00:00,47.805,47.865,47.865,47.79,18,1342.0,1342.0,
3899,2019-09-30 00:00:00,47.81,48.1,48.1,47.81,429,1343.0,1343.0,
3900,2019-10-01 00:00:00,48.31,47.515,48.37,47.515,173,1344.0,1344.0,
3901,2019-10-02 00:00:00,47.44,46.22,47.44,46.22,12658,1345.0,1345.0,
3902,2019-10-03 00:00:00,46.255,46.29,46.505,46.255,2010,1346.0,1346.0,
3903,2019-10-04 00:00:00,46.365,46.685,46.685,46.365,371,1347.0,1347.0,
3904,2019-10-07 00:00:00,46.6,47.025,47.025,46.6,112,1348.0,1348.0,
3905,2019-10-08 00:00:00,46.99,46.465,46.99,46.465,7799,1349.0,1349.0,
3906,2019-10-09 00:00:00,46.365,46.795,46.845,46.365,5313,1350.0,1350.0,
3907,2019-10-10 00:00:00,46.835,47.18,47.18,46.695,157,1351.0,1351.0,
3908,2019-10-11 00:00:00,47.305,48.155,48.155,47.305,215,1352.0,1352.0,
3909,2019-10-14 00:00:00,47.915,48.005,48.03,47.82,3079,1353.0,1353.0,
3910,2019-10-15 00:00:00,48.365,48.54,48.54,48.215,50,1354.0,1354.0,
3911,2019-10-16 00:00:00,48.54,48.51,48.585,48.38,14308,1355.0,1355.0,
3912,2019-10-17 00:00:00,48.475,48.425,48.97,48.425,12967,1356.0,1356.0,
3913,2019-10-18 00:00:00,48.305,48.215,48.455,48.165,245,1357.0,1357.0,
3914,2019-10-21 00:00:00,48.345,48.54,48.645,48.345,27325,1358.0,1358.0,
3915,2019-10-22 00:00:00,48.565,48.585,48.605,48.425,2468,1359.0,1359.0,
3916,2019-10-23 00:00:00,48.315,48.53,48.585,48.315,4885,1360.0,1360.0,
3917,2019-10-24 00:00:00,48.685,48.76,48.795,48.685,1985,1361.0,1361.0,
3918,2019-10-25 00:00:00,48.86,48.8,48.905,48.8,339,1362.0,1362.0,
3919,2019-10-28 00:00:00,48.8,48.925,49.0,48.755,753,1363.0,1363.0,
3920,2019-10-29 00:00:00,48.845,48.855,48.855,48.715,8586,1364.0,1364.0,
3921,2019-10-30 00:00:00,48.87,48.86,48.875,48.6,9829,1365.0,1365.0,
3922,2019-10-31 00:00:00,48.875,48.66,48.875,48.64,8155,1366.0,1366.0,
3923,2019-11-01 00:00:00,48.82,49.01,49.025,48.82,278,1367.0,1367.0,
3924,2019-11-04 00:00:00,49.255,49.55,49.55,49.255,0,1368.0,1368.0,
3925,2019-11-05 00:00:00,49.56,49.71,49.71,49.56,893,1369.0,1369.0,
3926,2019-11-06 00:00:00,49.7,49.81,49.835,49.635,4503,1370.0,1370.0,
3927,2019-11-07 00:00:00,50.04,50.06,50.06,50.04,4503,1371.0,1371.0,
3928,2019-11-08 00:00:00,49.905,49.945,49.96,49.905,17068,1372.0,1372.0,
3929,2019-11-11 00:00:00,49.855,49.795,49.925,49.76,902,1373.0,1373.0,
3930,2019-11-12 00:00:00,50.05,50.12,50.13,50.02,321,1374.0,1374.0,
3931,2019-11-13 00:00:00,49.98,49.875,49.98,49.65,51,1375.0,1375.0,
3932,2019-11-14 00:00:00,49.86,49.72,49.88,49.72,436,1376.0,1376.0,
3933,2019-11-15 00:00:00,49.965,50.04,50.04,49.785,4337,1377.0,1377.0,
3934,2019-11-18 00:00:00,50.07,49.945,50.12,49.745,3856,1378.0,1378.0,
3935,2019-11-19 00:00:00,50.08,49.845,50.32,49.845,4740,1379.0,1379.0,
3936,2019-11-20 00:00:00,49.515,49.705,49.705,49.435,223,1380.0,1380.0,
3937,2019-11-21 00:00:00,49.35,49.56,49.6,49.195,6316,1381.0,1381.0,
3938,2019-11-22 00:00:00,49.68,49.695,49.845,49.67,579,1382.0,1382.0,
3939,2019-11-25 00:00:00,49.97,50.01,50.01,49.915,1667,1383.0,1383.0,
3940,2019-11-26 00:00:00,49.97,50.08,50.08,49.94,1061,1384.0,1384.0,
3941,2019-11-27 00:00:00,50.21,50.18,50.26,50.09,725,1385.0,1385.0,
3942,2019-11-28 00:00:00,49.995,50.02,50.02,49.975,425,1386.0,1386.0,
3943,2019-11-29 00:00:00,49.87,49.935,50.03,49.87,1448,1387.0,1387.0,
3944,2019-12-02 00:00:00,50.04,49.015,50.24,49.015,10611,1388.0,1388.0,
3945,2019-12-03 00:00:00,49.125,48.805,49.28,48.78,1973,1389.0,1389.0,
3946,2019-12-04 00:00:00,48.915,49.41,49.41,48.915,549,1390.0,1390.0,
3947,2019-12-05 00:00:00,49.505,49.305,49.555,49.305,59,1391.0,1391.0,
3948,2019-12-06 00:00:00,49.455,49.84,49.84,49.44,5831,1392.0,1392.0,
3949,2019-12-09 00:00:00,50.0,49.625,50.0,49.625,2877,1393.0,1393.0,
3950,2019-12-10 00:00:00,49.44,49.575,49.575,49.15,733,1394.0,1394.0,
3951,2019-12-11 00:00:00,49.425,49.54,49.54,49.425,452,1395.0,1395.0,
3952,2019-12-12 00:00:00,49.675,49.805,50.03,49.49,56370,1396.0,1396.0,
3953,2019-12-13 00:00:00,50.4,50.02,50.41,50.02,9695,1397.0,1397.0,
3954,2019-12-16 00:00:00,50.27,50.63,50.8,50.27,5189,1398.0,1398.0,
3955,2019-12-17 00:00:00,50.52,50.38,50.52,50.35,12502,1399.0,1399.0,
3956,2019-12-18 00:00:00,50.33,50.31,50.49,50.31,18982,1400.0,1400.0,
3957,2019-12-19 00:00:00,50.38,50.34,50.41,50.13,1890,1401.0,1401.0,
3958,2019-12-20 00:00:00,50.43,50.77,50.77,50.43,3662,1402.0,1402.0,
3959,2019-12-23 00:00:00,50.8,50.78,50.8,50.7,1948,1403.0,1403.0,
3960,2019-12-24 00:00:00,50.73,50.78,50.84,50.73,15,1404.0,1404.0,
3961,2019-12-27 00:00:00,50.91,50.84,50.91,50.81,1375,1405.0,1405.0,
3962,2019-12-30 00:00:00,50.77,50.28,50.77,50.28,9538,1406.0,1406.0,
3963,2019-12-31 00:00:00,50.28,50.18,50.28,50.18,0,1407.0,1407.0,
3964,2020-01-02 00:00:00,50.58,50.95,51.0,50.58,263,1408.0,1408.0,
3965,2020-01-03 00:00:00,50.72,50.72,50.75,50.49,2028,1409.0,1409.0,
3966,2020-01-06 00:00:00,50.35,50.47,50.52,50.0,577,1410.0,1410.0,
3967,2020-01-07 00:00:00,50.72,50.62,50.89,50.62,1125,1411.0,1411.0,
3968,2020-01-08 00:00:00,50.41,50.77,50.81,50.41,4241,1412.0,1412.0,
3969,2020-01-09 00:00:00,51.2,51.06,51.2,51.06,1329,1413.0,1413.0,
3970,2020-01-10 00:00:00,51.12,50.99,51.15,50.99,136,1414.0,1414.0,
3971,2020-01-13 00:00:00,51.05,50.92,51.12,50.86,11351,1415.0,1415.0,
3972,2020-01-14 00:00:00,50.93,50.95,50.99,50.57,1298,1416.0,1416.0,
3973,2020-01-15 00:00:00,51.17,50.88,51.17,50.88,405,1417.0,1417.0,
3974,2020-01-16 00:00:00,51.02,51.0,51.02,50.88,119,1418.0,1418.0,
3975,2020-01-17 00:00:00,51.29,51.42,51.45,51.29,2491,1419.0,1419.0,
3976,2020-01-20 00:00:00,51.37,51.4,51.46,51.35,370,1420.0,1420.0,
3977,2020-01-21 00:00:00,51.01,51.24,51.24,50.95,1004,1421.0,1421.0,
3978,2020-01-22 00:00:00,51.32,51.04,51.32,51.04,254,1422.0,1422.0,
3979,2020-01-23 00:00:00,50.88,50.67,50.9,50.59,2262,1423.0,1423.0,
3980,2020-01-24 00:00:00,51.13,51.18,51.38,51.13,140,1424.0,1424.0,
3981,2020-01-27 00:00:00,50.51,49.9,50.51,49.9,928,1425.0,1425.0,
3982,2020-01-28 00:00:00,50.15,50.47,50.47,49.915,932,1426.0,1426.0,
3983,2020-01-29 00:00:00,50.45,50.67,50.67,50.45,16,1427.0,1427.0,
3984,2020-01-30 00:00:00,50.11,50.09,50.37,49.99,251,1428.0,1428.0,
3985,2020-01-31 00:00:00,50.27,49.47,50.27,49.47,428,1429.0,1429.0,
3986,2020-02-03 00:00:00,49.585,49.735,49.75,49.585,45,1430.0,1430.0,
3987,2020-02-04 00:00:00,50.03,50.58,50.58,50.03,1118,1431.0,1431.0,
3988,2020-02-05 00:00:00,50.44,51.23,51.24,50.44,607,1432.0,1432.0,
3989,2020-02-06 00:00:00,51.58,51.58,51.58,51.46,1021,1433.0,1433.0,
3990,2020-02-07 00:00:00,51.46,51.45,51.48,51.39,2390,1434.0,1434.0,
3991,2020-02-10 00:00:00,51.34,51.38,51.38,51.31,49,1435.0,1435.0,
3992,2020-02-11 00:00:00,51.75,51.84,51.89,51.75,193,1436.0,1436.0,
3993,2020-02-12 00:00:00,51.97,52.28,52.28,51.97,28969,1437.0,1437.0,
3994,2020-02-13 00:00:00,51.86,52.2,52.2,51.78,1774,1438.0,1438.0,
3995,2020-02-14 00:00:00,52.21,52.17,52.32,52.17,186,1439.0,1439.0,
3996,2020-02-17 00:00:00,52.27,52.3,52.33,52.23,1349,1440.0,1440.0,
3997,2020-02-18 00:00:00,52.11,52.06,52.11,51.99,2192,1441.0,1441.0,
3998,2020-02-19 00:00:00,52.27,52.41,52.51,52.27,291,1442.0,1442.0,
3999,2020-02-20 00:00:00,52.57,52.02,52.57,52.02,46,1443.0,1443.0,
4000,2020-02-21 00:00:00,51.71,51.69,51.93,51.6,402,1444.0,1444.0,
4001,2020-02-24 00:00:00,50.47,49.665,50.47,49.425,2061,1445.0,1445.0,
4002,2020-02-25 00:00:00,49.76,48.72,49.85,48.72,1319,1446.0,1446.0,
4003,2020-02-26 00:00:00,48.52,48.815,49.02,47.87,3807,1447.0,1447.0,
4004,2020-02-27 00:00:00,48.02,47.17,48.02,46.87,1257,1448.0,1448.0,
4005,2020-02-28 00:00:00,46.04,45.505,46.04,45.0,1768,1449.0,1449.0,
4006,2020-03-02 00:00:00,46.17,45.61,46.38,45.03,4329,1450.0,1450.0,
4007,2020-03-03 00:00:00,46.255,46.085,46.935,46.085,1144,1451.0,1451.0,
4008,2020-03-04 00:00:00,46.125,46.66,46.875,46.125,951,1452.0,1452.0,
4009,2020-03-05 00:00:00,46.755,45.84,46.755,45.795,330,1453.0,1453.0,
4010,2020-03-06 00:00:00,45.01,44.19,45.09,43.985,2081,1454.0,1454.0,
4011,2020-03-09 00:00:00,41.35,40.655,41.72,40.655,1780,1455.0,1455.0,
4012,2020-03-10 00:00:00,41.08,39.97,42.175,39.895,5254,1456.0,1456.0,
4013,2020-03-11 00:00:00,40.545,39.78,40.82,39.755,380,1457.0,1457.0,
4014,2020-03-12 00:00:00,37.775,34.92,37.775,34.92,5941,1458.0,1458.0,
4015,2020-03-13 00:00:00,36.645,35.455,37.8,35.04,2126,1459.0,1459.0,
4016,2020-03-16 00:00:00,34.14,33.295,34.15,31.445,7009,1460.0,1460.0,
4017,2020-03-17 00:00:00,34.7,34.005,34.7,32.915,88403,1461.0,1461.0,
4018,2020-03-18 00:00:00,33.48,32.4,33.48,32.4,5039,1462.0,1462.0,
4019,2020-03-19 00:00:00,33.28,32.22,33.555,32.22,2126,1463.0,1463.0,
4020,2020-03-20 00:00:00,35.35,34.7,35.35,34.7,250,1464.0,1464.0,
4021,2020-03-23 00:00:00,33.6,33.72,34.425,33.6,726,1465.0,1465.0,
4022,2020-03-24 00:00:00,35.725,36.595,36.595,35.725,5000,1466.0,1466.0,
4023,2020-03-25 00:00:00,37.84,37.72,37.985,36.645,719,1467.0,1467.0,
4024,2020-03-26 00:00:00,37.04,38.4,38.4,36.96,940,1468.0,1468.0,
4025,2020-03-27 00:00:00,37.675,36.95,37.71,36.645,382,1469.0,1469.0,
4026,2020-03-30 00:00:00,37.06,37.25,37.25,36.32,190,1470.0,1470.0,
4027,2020-03-31 00:00:00,37.715,37.725,38.09,37.24,5837,1471.0,1471.0,
4028,2020-04-01 00:00:00,36.755,36.38,36.755,36.38,96,1472.0,1472.0,
4029,2020-04-02 00:00:00,36.89,36.535,36.89,36.005,679,1473.0,1473.0,
4030,2020-04-03 00:00:00,36.22,36.175,36.4,36.175,445,1474.0,1474.0,
4031,2020-04-06 00:00:00,37.39,37.81,37.815,37.37,207,1475.0,1475.0,
4032,2020-04-07 00:00:00,38.965,38.67,38.965,38.67,0,1476.0,1476.0,
4033,2020-04-08 00:00:00,38.47,38.675,38.675,38.1,157,1477.0,1477.0,
4034,2020-04-09 00:00:00,39.2,39.32,39.43,38.71,1219,1478.0,1478.0,
4035,2020-04-14 00:00:00,39.505,39.56,39.96,39.49,1343,1479.0,1479.0,
4036,2020-04-15 00:00:00,39.755,38.16,39.755,38.12,4486,1480.0,1480.0,
4037,2020-04-16 00:00:00,38.6,38.18,38.695,38.04,1299,1481.0,1481.0,
4038,2020-04-17 00:00:00,39.265,39.195,39.53,39.12,1204,1482.0,1482.0,
4039,2020-04-20 00:00:00,39.33,39.37,39.37,38.77,1170,1483.0,1483.0,
4040,2020-04-21 00:00:00,38.895,38.045,38.895,38.045,895,1484.0,1484.0,
4041,2020-04-22 00:00:00,38.25,38.66,38.66,38.25,1979,1485.0,1485.0,
4042,2020-04-23 00:00:00,38.835,38.985,38.985,38.57,11,1486.0,1486.0,
4043,2020-04-24 00:00:00,38.365,38.5,38.76,38.365,143,1487.0,1487.0,
4044,2020-04-27 00:00:00,39.3,39.415,39.415,39.2,2741,1488.0,1488.0,
4045,2020-04-28 00:00:00,39.475,40.03,40.24,39.47,706,1489.0,1489.0,
4046,2020-04-29 00:00:00,40.38,40.965,40.965,40.05,305,1490.0,1490.0,
4047,2020-04-30 00:00:00,41.03,40.18,41.03,40.18,928,1491.0,1491.0,
4048,2020-05-04 00:00:00,38.93,38.715,38.97,38.715,472,1492.0,1492.0,
4049,2020-05-05 00:00:00,39.33,39.565,39.565,39.33,119,1493.0,1493.0,
4050,2020-05-06 00:00:00,39.535,39.25,39.63,39.25,1024,1494.0,1494.0,
4051,2020-05-07 00:00:00,39.535,39.8,39.8,39.44,1676,1495.0,1495.0,
4052,2020-05-08 00:00:00,40.195,40.25,40.25,40.135,630,1496.0,1496.0,
4053,2020-05-11 00:00:00,40.475,39.96,40.515,39.755,1993,1497.0,1497.0,
4054,2020-05-12 00:00:00,39.91,39.99,40.015,39.895,5539,1498.0,1498.0,
4055,2020-05-13 00:00:00,39.52,39.065,39.52,39.065,22,1499.0,1499.0,
4056,2020-05-14 00:00:00,38.45,38.315,38.66,37.84,6166,1500.0,1500.0,
4057,2020-05-15 00:00:00,38.85,38.445,38.85,38.405,398,1501.0,1501.0,
4058,2020-05-18 00:00:00,39.31,40.285,40.335,39.31,13827,1502.0,1502.0,
4059,2020-05-19 00:00:00,40.55,40.01,40.55,39.96,3362,1503.0,1503.0,
4060,2020-05-20 00:00:00,39.825,40.545,40.545,39.735,1115,1504.0,1504.0,
4061,2020-05-21 00:00:00,39.97,40.1,40.1,39.97,1115,1505.0,1505.0,
4062,2020-05-22 00:00:00,39.6,40.235,40.37,39.6,20325,1506.0,1506.0,
4063,2020-05-25 00:00:00,40.52,41.095,41.095,40.52,585,1507.0,1507.0,
4064,2020-05-26 00:00:00,41.58,41.675,41.675,41.4,11859,1508.0,1508.0,
4065,2020-05-27 00:00:00,41.805,42.15,42.305,41.805,9509,1509.0,1509.0,
4066,2020-05-28 00:00:00,42.46,42.775,42.775,42.46,15008,1510.0,1510.0,
4067,2020-05-29 00:00:00,42.32,42.155,42.57,42.155,66,1511.0,1511.0,
4068,2020-06-01 00:00:00,42.835,42.83,42.92,42.425,927,1512.0,1512.0,
4069,2020-06-02 00:00:00,43.14,43.495,43.64,43.0,5220,1513.0,1513.0,
4070,2020-06-03 00:00:00,43.91,44.905,44.905,43.91,12739,1514.0,1514.0,
4071,2020-06-04 00:00:00,44.64,44.835,44.965,44.53,1380,1515.0,1515.0,
4072,2020-06-05 00:00:00,45.355,46.105,46.115,45.355,1836,1516.0,1516.0,
4073,2020-06-08 00:00:00,45.635,45.935,46.1,45.635,4623,1517.0,1517.0,
4074,2020-06-09 00:00:00,46.0,45.315,46.0,45.12,1006,1518.0,1518.0,
4075,2020-06-10 00:00:00,45.705,44.975,45.705,44.975,8,1519.0,1519.0,
4076,2020-06-11 00:00:00,43.96,42.995,44.09,42.995,625,1520.0,1520.0,
4077,2020-06-12 00:00:00,42.655,43.21,43.71,42.595,11194,1521.0,1521.0,
4078,2020-06-15 00:00:00,42.255,43.08,43.08,42.115,669,1522.0,1522.0,
4079,2020-06-16 00:00:00,44.04,44.41,44.855,43.99,663,1523.0,1523.0,
4080,2020-06-17 00:00:00,44.51,44.685,44.725,44.48,726,1524.0,1524.0,
4081,2020-06-18 00:00:00,44.575,44.42,44.84,44.155,1024,1525.0,1525.0,
4082,2020-06-19 00:00:00,44.865,44.61,44.865,44.61,2942,1526.0,1526.0,
4083,2020-06-22 00:00:00,44.105,44.545,44.62,44.105,1030,1527.0,1527.0,
4084,2020-06-23 00:00:00,44.565,45.0,45.175,44.565,5112,1528.0,1528.0,
4085,2020-06-24 00:00:00,44.765,43.62,44.765,43.62,11208,1529.0,1529.0,
4086,2020-06-25 00:00:00,43.48,43.98,43.98,43.48,4334,1530.0,1530.0,
4087,2020-06-26 00:00:00,44.395,44.49,44.49,44.085,606,1531.0,1531.0,
4088,2020-06-29 00:00:00,43.765,44.11,44.11,43.765,6011,1532.0,1532.0,
4089,2020-06-30 00:00:00,44.19,44.21,44.29,44.19,12186,1533.0,1533.0,
4090,2020-07-01 00:00:00,44.65,44.17,44.65,43.88,378,1534.0,1534.0,
4091,2020-07-02 00:00:00,44.57,45.265,45.265,44.57,1,1535.0,1535.0,
4092,2020-07-03 00:00:00,45.31,44.975,45.38,44.93,17370,1536.0,1536.0,
4093,2020-07-06 00:00:00,45.655,45.72,45.72,45.625,6426,1537.0,1537.0,
4094,2020-07-07 00:00:00,45.45,45.38,45.45,45.345,2,1538.0,1538.0,
4095,2020-07-08 00:00:00,44.47,44.24,44.525,44.24,897,1539.0,1539.0,
4096,2020-07-09 00:00:00,44.49,43.865,44.545,43.865,3441,1540.0,1540.0,
4097,2020-07-10 00:00:00,43.67,44.305,44.305,43.67,138,1541.0,1541.0,
4098,2020-07-13 00:00:00,44.795,44.93,44.93,44.715,2139,1542.0,1542.0,
4099,2020-07-14 00:00:00,44.355,44.565,44.565,44.17,45,1543.0,1543.0,
4100,2020-07-15 00:00:00,44.92,45.225,45.225,44.86,38,1544.0,1544.0,
4101,2020-07-16 00:00:00,44.965,45.105,45.14,44.965,5031,1545.0,1545.0,
4102,2020-07-17 00:00:00,45.255,45.07,45.255,44.955,5389,1546.0,1546.0,
4103,2020-07-20 00:00:00,44.91,45.465,45.465,44.91,0,1547.0,1547.0,
4104,2020-07-21 00:00:00,45.865,45.67,46.145,45.67,8289,1548.0,1548.0,
4105,2020-07-22 00:00:00,45.505,45.295,45.505,45.295,37,1549.0,1549.0,
4106,2020-07-23 00:00:00,45.54,45.33,45.54,45.3,50,1550.0,1550.0,
4107,2020-07-24 00:00:00,44.72,44.495,44.72,44.395,81,1551.0,1551.0,
4108,2020-07-27 00:00:00,44.465,44.38,44.495,44.38,303,1552.0,1552.0,
4109,2020-07-28 00:00:00,44.465,44.405,44.465,44.405,315,1553.0,1553.0,
4110,2020-07-29 00:00:00,44.445,44.4,44.445,44.395,5042,1554.0,1554.0,
4111,2020-07-30 00:00:00,44.325,43.23,44.325,43.0,5033,1555.0,1555.0,
4112,2020-07-31 00:00:00,43.345,42.85,43.345,42.85,7150,1556.0,1556.0,
4113,2020-08-03 00:00:00,43.02,43.74,43.87,42.995,9479,1557.0,1557.0,
4114,2020-08-04 00:00:00,44.075,43.775,44.075,43.65,111,1558.0,1558.0,
4115,2020-08-05 00:00:00,44.085,44.03,44.215,43.905,2037,1559.0,1559.0,
4116,2020-08-06 00:00:00,43.9,43.72,44.175,43.72,10,1560.0,1560.0,
4117,2020-08-07 00:00:00,43.7,43.885,43.94,43.61,491,1561.0,1561.0,
4118,2020-08-10 00:00:00,43.995,44.005,44.005,43.975,300,1562.0,1562.0,
4119,2020-08-11 00:00:00,44.435,44.9,44.935,44.435,2226,1563.0,1563.0,
4120,2020-08-12 00:00:00,44.785,45.345,45.345,44.785,2,1564.0,1564.0,
4121,2020-08-13 00:00:00,45.27,45.115,45.27,45.06,242,1565.0,1565.0,
4122,2020-08-14 00:00:00,44.89,44.575,44.89,44.575,119,1566.0,1566.0,
4123,2020-08-17 00:00:00,44.735,44.65,44.735,44.55,716,1567.0,1567.0,
4124,2020-08-18 00:00:00,44.38,44.42,44.805,44.38,248,1568.0,1568.0,
4125,2020-08-19 00:00:00,44.285,44.705,44.705,44.285,49,1569.0,1569.0,
4126,2020-08-20 00:00:00,44.115,44.16,44.33,44.0,14153,1570.0,1570.0,
4127,2020-08-21 00:00:00,44.315,44.04,44.315,43.925,332,1571.0,1571.0,
4128,2020-08-24 00:00:00,44.565,44.935,44.935,44.565,8340,1572.0,1572.0,
4129,2020-08-25 00:00:00,45.31,44.925,45.33,44.925,695,1573.0,1573.0,
4130,2020-08-26 00:00:00,44.765,45.33,45.33,44.765,21583,1574.0,1574.0,
4131,2020-08-27 00:00:00,45.325,44.965,45.335,44.965,1887,1575.0,1575.0,
4132,2020-08-28 00:00:00,45.035,44.825,45.035,44.635,220,1576.0,1576.0,
4133,2020-08-31 00:00:00,45.42,44.35,45.42,44.35,428,1577.0,1577.0,
4134,2020-09-01 00:00:00,44.605,44.38,44.605,44.38,865,1578.0,1578.0,
4135,2020-09-02 00:00:00,44.735,45.22,45.22,44.735,252,1579.0,1579.0,
4136,2020-09-03 00:00:00,45.59,44.56,45.59,44.56,16020,1580.0,1580.0,
4137,2020-09-04 00:00:00,44.17,44.045,44.92,44.045,5646,1581.0,1581.0,
4138,2020-09-07 00:00:00,44.335,44.775,44.775,44.335,180,1582.0,1582.0,
4139,2020-09-08 00:00:00,44.79,44.175,44.79,44.175,3,1583.0,1583.0,
4140,2020-09-09 00:00:00,44.32,44.945,44.945,44.32,0,1584.0,1584.0,
4141,2020-09-10 00:00:00,45.02,44.855,45.02,44.785,5965,1585.0,1585.0,
4142,2020-09-11 00:00:00,44.76,44.855,44.975,44.76,416,1586.0,1586.0,
4143,2020-09-14 00:00:00,45.145,44.905,45.155,44.79,12225,1587.0,1587.0,
4144,2020-09-15 00:00:00,45.0,45.1,45.21,44.925,2414,1588.0,1588.0,
4145,2020-09-16 00:00:00,45.195,45.24,45.33,44.91,8428,1589.0,1589.0,
4146,2020-09-17 00:00:00,44.475,44.98,45.05,44.475,3966,1590.0,1590.0,
4147,2020-09-18 00:00:00,44.98,44.59,44.99,44.59,2441,1591.0,1591.0,
4148,2020-09-21 00:00:00,44.185,42.98,44.185,42.965,322,1592.0,1592.0,
4149,2020-09-22 00:00:00,43.265,43.035,43.29,43.035,101,1593.0,1593.0,
4150,2020-09-23 00:00:00,43.445,43.245,43.445,43.245,101,1594.0,1594.0,
4151,2020-09-24 00:00:00,42.805,42.985,43.245,42.805,3077,1595.0,1595.0,
4152,2020-09-25 00:00:00,42.875,42.755,42.925,42.295,14982,1596.0,1596.0,
4153,2020-09-28 00:00:00,43.41,43.86,43.86,43.345,7537,1597.0,1597.0,
4154,2020-09-29 00:00:00,43.715,43.69,43.73,43.69,25,1598.0,1598.0,
4155,2020-09-30 00:00:00,43.485,43.515,43.68,43.365,848,1599.0,1599.0,
4156,2020-10-01 00:00:00,43.925,43.64,43.925,43.64,113,1600.0,1600.0,
4157,2020-10-02 00:00:00,43.145,43.635,43.635,43.145,52,1601.0,1601.0,
4158,2020-10-05 00:00:00,44.11,44.13,44.13,43.985,89,1602.0,1602.0,
4159,2020-10-06 00:00:00,44.25,44.31,44.31,44.215,6,1603.0,1603.0,
4160,2020-10-07 00:00:00,44.325,44.32,44.325,44.32,0,1604.0,1604.0,
4161,2020-10-08 00:00:00,44.645,44.67,44.715,44.645,737,1605.0,1605.0,
4162,2020-10-09 00:00:00,44.83,44.85,44.85,44.67,2594,1606.0,1606.0,
4163,2020-10-12 00:00:00,44.9,45.185,45.225,44.9,5515,1607.0,1607.0,
4164,2020-10-13 00:00:00,45.135,44.9,45.135,44.9,777,1608.0,1608.0,
4165,2020-10-14 00:00:00,44.91,44.94,44.94,44.91,29,1609.0,1609.0,
4166,2020-10-15 00:00:00,44.36,43.965,44.36,43.82,271,1610.0,1610.0,
4167,2020-10-16 00:00:00,44.315,44.59,44.685,44.26,3411,1611.0,1611.0,
4168,2020-10-19 00:00:00,44.995,44.64,44.995,44.51,209,1612.0,1612.0,
4169,2020-10-20 00:00:00,44.675,44.425,44.71,44.425,564,1613.0,1613.0,
4170,2020-10-21 00:00:00,44.425,43.735,44.425,43.735,3130,1614.0,1614.0,
4171,2020-10-22 00:00:00,43.33,43.685,43.685,43.33,408,1615.0,1615.0,
4172,2020-10-23 00:00:00,43.71,43.925,44.22,43.71,183,1616.0,1616.0,
4173,2020-10-26 00:00:00,43.255,43.0,43.58,43.0,714,1617.0,1617.0,
4174,2020-10-27 00:00:00,42.985,42.47,42.985,42.47,119,1618.0,1618.0,
4175,2020-10-28 00:00:00,41.49,41.085,41.63,41.0,1128,1619.0,1619.0,
4176,2020-10-29 00:00:00,41.385,41.045,41.385,40.905,665,1620.0,1620.0,
4177,2020-10-30 00:00:00,40.73,41.08,41.14,40.65,140,1621.0,1621.0,
4178,2020-11-02 00:00:00,41.135,41.73,41.835,41.1,8131,1622.0,1622.0,
4179,2020-11-03 00:00:00,42.21,42.805,42.805,42.095,170,1623.0,1623.0,
4180,2020-11-04 00:00:00,42.255,43.64,43.64,42.255,19968,1624.0,1624.0,
4181,2020-11-05 00:00:00,44.04,44.29,44.36,44.04,360,1625.0,1625.0,
4182,2020-11-06 00:00:00,44.235,44.195,44.235,44.195,22,1626.0,1626.0,
4183,2020-11-09 00:00:00,44.73,46.45,46.71,44.73,4707,1627.0,1627.0,
4184,2020-11-10 00:00:00,46.565,46.98,47.06,46.555,3696,1628.0,1628.0,
4185,2020-11-11 00:00:00,47.17,47.305,47.305,47.0,13888,1629.0,1629.0,
4186,2020-11-12 00:00:00,46.98,46.885,47.105,46.885,655,1630.0,1630.0,
4187,2020-11-13 00:00:00,46.755,47.0,47.145,46.755,1819,1631.0,1631.0,
4188,2020-11-16 00:00:00,47.39,47.57,47.84,47.39,311,1632.0,1632.0,
4189,2020-11-17 00:00:00,47.57,47.57,47.585,47.3,2530,1633.0,1633.0,
4190,2020-11-18 00:00:00,47.395,47.78,47.78,47.395,2371,1634.0,1634.0,
4191,2020-11-19 00:00:00,47.6,47.44,47.6,47.33,369,1635.0,1635.0,
4192,2020-11-20 00:00:00,47.49,47.67,47.67,47.49,0,1636.0,1636.0,
4193,2020-11-23 00:00:00,47.985,47.595,48.085,47.595,533,1637.0,1637.0,
4194,2020-11-24 00:00:00,48.095,48.195,48.195,47.965,12613,1638.0,1638.0,
4195,2020-11-25 00:00:00,48.38,48.27,48.38,48.1,12334,1639.0,1639.0,
4196,2020-11-26 00:00:00,48.345,48.245,48.345,48.245,845,1640.0,1640.0,
4197,2020-11-27 00:00:00,48.205,48.525,48.595,48.205,431,1641.0,1641.0,
4198,2020-11-30 00:00:00,48.23,48.07,48.61,48.07,2189,1642.0,1642.0,
4199,2020-12-01 00:00:00,48.355,48.465,48.495,48.355,120,1643.0,1643.0,
4200,2020-12-02 00:00:00,48.325,48.38,48.435,48.21,1688,1644.0,1644.0,
4201,2020-12-03 00:00:00,48.375,48.345,48.4,48.345,67,1645.0,1645.0,
4202,2020-12-04 00:00:00,48.42,48.68,48.68,48.42,3333,1646.0,1646.0,
4203,2020-12-07 00:00:00,48.57,48.515,48.57,48.21,3889,1647.0,1647.0,
4204,2020-12-08 00:00:00,48.44,48.52,48.535,48.295,1490,1648.0,1648.0,
4205,2020-12-09 00:00:00,48.52,48.36,48.52,48.36,1589,1649.0,1649.0,
4206,2020-12-10 00:00:00,48.44,48.265,48.455,47.92,20927,1650.0,1650.0,
4207,2020-12-11 00:00:00,48.115,47.84,48.115,47.43,2782,1651.0,1651.0,
4208,2020-12-14 00:00:00,48.26,48.08,48.405,48.08,22816,1652.0,1652.0,
4209,2020-12-15 00:00:00,48.075,48.32,48.35,48.075,7688,1653.0,1653.0,
4210,2020-12-16 00:00:00,48.49,48.62,48.805,48.49,6495,1654.0,1654.0,
4211,2020-12-17 00:00:00,48.965,48.785,48.965,48.75,5055,1655.0,1655.0,
4212,2020-12-18 00:00:00,48.695,48.655,48.895,48.655,3234,1656.0,1656.0,
4213,2020-12-21 00:00:00,47.625,47.465,47.68,46.81,8725,1657.0,1657.0,
4214,2020-12-22 00:00:00,47.74,48.115,48.115,47.74,816,1658.0,1658.0,
4215,2020-12-23 00:00:00,48.28,48.645,48.645,48.28,1566,1659.0,1659.0,
4216,2020-12-24 00:00:00,48.745,48.715,48.87,48.715,4015,1660.0,1660.0,
4217,2020-12-28 00:00:00,49.26,49.16,49.305,49.065,358,1661.0,1661.0,
4218,2020-12-29 00:00:00,49.36,49.255,49.465,49.255,4441,1662.0,1662.0,
4219,2020-12-30 00:00:00,49.32,49.13,49.34,49.13,15397,1663.0,1663.0,
4220,2020-12-31 00:00:00,48.9,48.675,48.9,48.675,60,1664.0,1664.0,
4221,2021-01-04 00:00:00,49.48,49.22,49.925,49.22,868,1665.0,1665.0,
4222,2021-01-05 00:00:00,49.11,49.04,49.11,48.905,514,1666.0,1666.0,
4223,2021-01-06 00:00:00,49.335,49.755,49.755,49.335,376,1667.0,1667.0,
4224,2021-01-07 00:00:00,49.94,49.96,50.07,49.75,284,1668.0,1668.0,
4225,2021-01-08 00:00:00,50.41,50.29,50.41,50.2,2212,1669.0,1669.0,
4226,2021-01-11 00:00:00,50.21,49.925,50.21,49.85,481,1670.0,1670.0,
4227,2021-01-12 00:00:00,50.07,49.875,50.13,49.875,2194,1671.0,1671.0,
4228,2021-01-13 00:00:00,49.845,49.995,50.07,49.83,2029,1672.0,1672.0,
4229,2021-01-14 00:00:00,50.12,50.27,50.27,50.1,1910,1673.0,1673.0,
4230,2021-01-15 00:00:00,50.01,49.675,50.08,49.6,2041,1674.0,1674.0,
4231,2021-01-18 00:00:00,49.575,49.78,49.78,49.535,2005,1675.0,1675.0,
4232,2021-01-19 00:00:00,50.04,49.675,50.12,49.675,689,1676.0,1676.0,
4233,2021-01-20 00:00:00,49.855,50.05,50.12,49.855,2298,1677.0,1677.0,
4234,2021-01-21 00:00:00,50.44,50.03,50.44,50.03,1215,1678.0,1678.0,
4235,2021-01-22 00:00:00,49.875,49.745,49.88,49.475,308,1679.0,1679.0,
4236,2021-01-25 00:00:00,50.01,49.105,50.01,49.105,10,1680.0,1680.0,
4237,2021-01-26 00:00:00,49.11,49.495,49.725,49.11,8116,1681.0,1681.0,
4238,2021-01-27 00:00:00,49.22,48.82,49.52,48.82,47,1682.0,1682.0,
4239,2021-01-28 00:00:00,48.61,49.08,49.13,48.61,470,1683.0,1683.0,
4240,2021-01-29 00:00:00,48.42,48.24,48.64,48.195,298,1684.0,1684.0,
4241,2021-02-01 00:00:00,48.615,48.86,48.925,48.615,3802,1685.0,1685.0,
4242,2021-02-02 00:00:00,49.23,49.605,49.605,49.23,564,1686.0,1686.0,
4243,2021-02-03 00:00:00,49.765,49.875,49.955,49.68,639,1687.0,1687.0,
4244,2021-02-04 00:00:00,49.965,50.29,50.33,49.965,2122,1688.0,1688.0,
4245,2021-02-05 00:00:00,50.38,50.47,50.64,50.13,445,1689.0,1689.0,
4246,2021-02-08 00:00:00,50.75,50.62,50.76,50.59,600,1690.0,1690.0,
4247,2021-02-09 00:00:00,50.6,50.5,50.6,50.39,856,1691.0,1691.0,
4248,2021-02-10 00:00:00,50.7,50.33,50.7,50.33,1227,1692.0,1692.0,
4249,2021-02-11 00:00:00,50.4,50.59,50.59,50.4,204,1693.0,1693.0,
4250,2021-02-12 00:00:00,50.48,50.84,50.84,50.25,740,1694.0,1694.0,
4251,2021-02-15 00:00:00,51.08,51.33,51.39,51.08,958,1695.0,1695.0,
4252,2021-02-16 00:00:00,51.35,51.26,51.4,51.26,3651,1696.0,1696.0,
4253,2021-02-17 00:00:00,50.99,50.85,51.14,50.84,703,1697.0,1697.0,
4254,2021-02-18 00:00:00,50.93,50.53,50.95,50.5,223,1698.0,1698.0,
4255,2021-02-19 00:00:00,50.69,50.94,50.94,50.69,532,1699.0,1699.0,
4256,2021-02-22 00:00:00,50.54,50.66,50.69,50.39,5633,1700.0,1700.0,
4257,2021-02-23 00:00:00,50.76,50.45,50.76,50.12,2151,1701.0,1701.0,
4258,2021-02-24 00:00:00,50.51,50.65,50.65,50.51,729,1702.0,1702.0,
4259,2021-02-25 00:00:00,50.95,50.57,50.95,50.57,309,1703.0,1703.0,
4260,2021-02-26 00:00:00,49.925,49.915,50.39,49.755,1716,1704.0,1704.0,
4261,2021-03-01 00:00:00,50.71,50.78,50.82,50.55,1487,1705.0,1705.0,
4262,2021-03-02 00:00:00,50.69,50.76,50.93,50.69,444,1706.0,1706.0,
4263,2021-03-03 00:00:00,51.07,50.82,51.09,50.68,303,1707.0,1707.0,
4264,2021-03-04 00:00:00,50.61,50.67,50.7,50.48,8003,1708.0,1708.0,
4265,2021-03-05 00:00:00,50.3,50.21,50.56,50.21,10228,1709.0,1709.0,
4266,2021-03-08 00:00:00,50.52,51.37,51.37,50.49,494,1710.0,1710.0,
4267,2021-03-09 00:00:00,51.3,51.67,51.67,51.3,1271,1711.0,1711.0,
4268,2021-03-10 00:00:00,51.61,52.0,52.06,51.61,1455,1712.0,1712.0,
4269,2021-03-11 00:00:00,52.29,52.35,52.35,52.13,1874,1713.0,1713.0,
4270,2021-03-12 00:00:00,52.13,52.23,52.23,52.07,730,1714.0,1714.0,
4271,2021-03-15 00:00:00,52.43,52.2,52.59,52.17,497,1715.0,1715.0,
4272,2021-03-16 00:00:00,52.45,52.48,52.52,52.42,834,1716.0,1716.0,
4273,2021-03-17 00:00:00,52.52,52.44,52.52,52.37,2338,1717.0,1717.0,
4274,2021-03-18 00:00:00,52.72,52.71,52.76,52.55,487,1718.0,1718.0,
4275,2021-03-19 00:00:00,52.58,52.27,52.58,52.05,906,1719.0,1719.0,
4276,2021-03-22 00:00:00,51.94,52.26,52.26,51.94,657,1720.0,1720.0,
4277,2021-03-23 00:00:00,52.04,52.17,52.32,52.04,911,1721.0,1721.0,
4278,2021-03-24 00:00:00,51.86,52.23,52.23,51.86,160,1722.0,1722.0,
4279,2021-03-25 00:00:00,51.92,52.16,52.16,51.72,2924,1723.0,1723.0,
4280,2021-03-26 00:00:00,52.57,52.66,52.66,52.45,44,1724.0,1724.0,
4281,2021-03-29 00:00:00,52.83,52.8,52.83,52.76,217,1725.0,1725.0,
4282,2021-03-30 00:00:00,53.12,53.3,53.3,52.99,542,1726.0,1726.0,
4283,2021-03-31 00:00:00,53.32,53.18,53.35,53.17,652,1727.0,1727.0,
4284,2021-04-01 00:00:00,53.37,53.61,53.61,53.37,1071,1728.0,1728.0,
4285,2021-04-06 00:00:00,53.74,53.89,54.01,53.74,407,1729.0,1729.0,
4286,2021-04-07 00:00:00,53.93,53.79,53.95,53.77,1714,1730.0,1730.0,
4287,2021-04-08 00:00:00,54.0,54.03,54.03,53.88,348,1731.0,1731.0,
4288,2021-04-09 00:00:00,54.04,54.07,54.13,54.04,366,1732.0,1732.0,
4289,2021-04-12 00:00:00,54.02,53.86,54.08,53.86,575,1733.0,1733.0,
4290,2021-04-13 00:00:00,54.01,53.99,54.12,53.9,1460,1734.0,1734.0,
4291,2021-04-14 00:00:00,54.13,54.09,54.2,54.09,689,1735.0,1735.0,
4292,2021-04-15 00:00:00,54.25,54.25,54.3,54.2,799,1736.0,1736.0,
4293,2021-04-16 00:00:00,54.36,54.78,54.78,54.36,2209,1737.0,1737.0,
4294,2021-04-19 00:00:00,54.87,54.7,54.91,54.7,4158,1738.0,1738.0,
4295,2021-04-20 00:00:00,54.7,53.7,54.74,53.7,613,1739.0,1739.0,
4296,2021-04-21 00:00:00,54.03,54.07,54.07,53.87,1237,1740.0,1740.0,
4297,2021-04-22 00:00:00,54.35,54.6,54.6,54.35,48,1741.0,1741.0,
4298,2021-04-23 00:00:00,54.51,54.58,54.64,54.29,390,1742.0,1742.0,
4299,2021-04-26 00:00:00,54.61,54.74,54.74,54.55,835,1743.0,1743.0,
4300,2021-04-27 00:00:00,54.76,54.68,54.76,54.65,26,1744.0,1744.0,
4301,2021-04-28 00:00:00,54.87,54.79,54.89,54.71,469,1745.0,1745.0,
4302,2021-04-29 00:00:00,54.96,54.61,55.0,54.61,383,1746.0,1746.0,
4303,2021-04-30 00:00:00,54.67,54.37,54.71,54.37,370,1747.0,1747.0,
4304,2021-05-03 00:00:00,54.49,54.72,54.78,54.43,929,1748.0,1748.0,
4305,2021-05-04 00:00:00,54.79,53.79,54.89,53.79,557,1749.0,1749.0,
4306,2021-05-05 00:00:00,54.28,54.84,54.84,54.19,2402,1750.0,1750.0,
4307,2021-05-06 00:00:00,55.01,54.83,55.01,54.58,6181,1751.0,1751.0,
4308,2021-05-07 00:00:00,55.23,55.36,55.36,55.04,4661,1752.0,1752.0,
4309,2021-05-10 00:00:00,55.48,55.29,55.48,55.18,3466,1753.0,1753.0,
4310,2021-05-11 00:00:00,54.76,54.29,54.76,53.96,1213,1754.0,1754.0,
4311,2021-05-12 00:00:00,54.36,54.31,54.36,54.22,1338,1755.0,1755.0,
4312,2021-05-13 00:00:00,53.7,54.39,54.39,53.3,3448,1756.0,1756.0,
4313,2021-05-14 00:00:00,54.83,55.19,55.19,54.66,362,1757.0,1757.0,
4314,2021-05-17 00:00:00,55.38,55.13,55.42,55.08,2075,1758.0,1758.0,
4315,2021-05-18 00:00:00,55.51,55.2,55.54,55.2,190,1759.0,1759.0,
4316,2021-05-19 00:00:00,54.63,54.36,54.63,54.36,3,1760.0,1760.0,
4317,2021-05-20 00:00:00,54.7,55.12,55.12,54.54,5304,1761.0,1761.0,
4318,2021-05-21 00:00:00,55.29,55.46,55.48,55.22,3496,1762.0,1762.0,
4319,2021-05-24 00:00:00,55.55,55.73,55.73,55.52,138,1763.0,1763.0,
4320,2021-05-25 00:00:00,55.76,55.72,55.87,55.72,693,1764.0,1764.0,
4321,2021-05-26 00:00:00,55.94,55.68,55.94,55.68,11760,1765.0,1765.0,
4322,2021-05-27 00:00:00,55.65,55.76,55.96,55.56,8450,1766.0,1766.0,
4323,2021-05-28 00:00:00,55.95,56.19,56.19,55.95,4,1767.0,1767.0,
4324,2021-05-31 00:00:00,56.16,55.84,56.21,55.84,3052,1768.0,1768.0,
4325,2021-06-01 00:00:00,56.19,56.28,56.64,56.19,555,1769.0,1769.0,
4326,2021-06-02 00:00:00,56.39,56.45,56.45,56.31,65,1770.0,1770.0,
4327,2021-06-03 00:00:00,56.42,56.38,56.44,56.18,243,1771.0,1771.0,
4328,2021-06-04 00:00:00,56.44,56.54,56.54,56.37,682,1772.0,1772.0,
4329,2021-06-07 00:00:00,56.7,56.78,56.79,56.55,5265,1773.0,1773.0,
4330,2021-06-08 00:00:00,56.82,56.75,56.94,56.75,672,1774.0,1774.0,
4331,2021-06-09 00:00:00,56.82,56.76,56.82,56.76,368,1775.0,1775.0,
4332,2021-06-10 00:00:00,56.81,56.7,56.85,56.65,833,1776.0,1776.0,
4333,2021-06-11 00:00:00,56.73,57.12,57.12,56.73,244,1777.0,1777.0,
4334,2021-06-14 00:00:00,57.46,57.23,57.47,57.23,5352,1778.0,1778.0,
4335,2021-06-15 00:00:00,57.48,57.31,57.48,57.31,69,1779.0,1779.0,
4336,2021-06-16 00:00:00,57.43,57.39,57.48,57.32,1161,1780.0,1780.0,
4337,2021-06-17 00:00:00,57.17,57.43,57.46,57.17,257,1781.0,1781.0,
4338,2021-06-18 00:00:00,57.43,56.49,57.43,56.49,548,1782.0,1782.0,
4339,2021-06-21 00:00:00,56.41,56.82,56.82,56.08,1473,1783.0,1783.0,
4340,2021-06-22 00:00:00,56.88,56.96,56.96,56.66,1099,1784.0,1784.0,
4341,2021-06-23 00:00:00,57.11,56.42,57.11,56.42,990,1785.0,1785.0,
4342,2021-06-24 00:00:00,56.71,57.14,57.14,56.71,1135,1786.0,1786.0,
4343,2021-06-25 00:00:00,57.26,57.21,57.26,57.13,2618,1787.0,1787.0,
4344,2021-06-28 00:00:00,57.11,56.76,57.13,56.76,646,1788.0,1788.0,
4345,2021-06-29 00:00:00,56.91,57.02,57.2,56.91,508,1789.0,1789.0,
4346,2021-06-30 00:00:00,57.02,56.47,57.02,56.27,2552,1790.0,1790.0,
4347,2021-07-01 00:00:00,56.96,56.8,56.96,56.42,9128,1791.0,1791.0,
4348,2021-07-02 00:00:00,56.91,56.86,56.95,56.81,467,1792.0,1792.0,
4349,2021-07-05 00:00:00,56.84,56.95,57.0,56.81,391,1793.0,1793.0,
4350,2021-07-06 00:00:00,56.84,56.57,56.87,56.53,2895,1794.0,1794.0,
4351,2021-07-07 00:00:00,55.78,55.95,55.96,55.78,515,1795.0,1795.0,
4352,2021-07-08 00:00:00,55.48,54.89,55.48,54.69,249,1796.0,1796.0,
4353,2021-07-09 00:00:00,55.25,55.79,55.79,55.25,422,1797.0,1797.0,
4354,2021-07-12 00:00:00,55.92,56.13,56.13,55.58,2632,1798.0,1798.0,
4355,2021-07-13 00:00:00,56.13,56.18,56.2,56.1,482,1799.0,1799.0,
4356,2021-07-14 00:00:00,56.08,56.21,56.21,56.08,204,1800.0,1800.0,
4357,2021-07-15 00:00:00,55.97,55.57,55.97,55.46,15292,1801.0,1801.0,
4358,2021-07-16 00:00:00,55.65,55.39,55.77,55.2,64,1802.0,1802.0,
4359,2021-07-19 00:00:00,54.89,54.03,54.89,54.0,505,1803.0,1803.0,
4360,2021-07-20 00:00:00,54.46,54.37,54.63,54.31,361,1804.0,1804.0,
4361,2021-07-21 00:00:00,54.76,55.32,55.32,54.76,161,1805.0,1805.0,
4362,2021-07-22 00:00:00,55.66,55.75,55.83,55.65,780,1806.0,1806.0,
4363,2021-07-23 00:00:00,56.03,56.41,56.41,55.89,125,1807.0,1807.0,
4364,2021-07-26 00:00:00,56.15,56.36,56.38,56.15,30,1808.0,1808.0,
4365,2021-07-27 00:00:00,56.15,55.9,56.15,55.9,1647,1809.0,1809.0,
4366,2021-07-28 00:00:00,55.98,56.37,56.37,55.98,77,1810.0,1810.0,
4367,2021-07-29 00:00:00,56.62,56.63,56.71,56.62,204,1811.0,1811.0,
4368,2021-07-30 00:00:00,56.3,56.27,56.5,56.22,3596,1812.0,1812.0,
4369,2021-08-02 00:00:00,56.76,56.64,56.76,56.64,436,1813.0,1813.0,
4370,2021-08-03 00:00:00,56.67,56.73,56.85,56.53,790,1814.0,1814.0,
4371,2021-08-04 00:00:00,56.98,57.09,57.09,56.98,101,1815.0,1815.0,
4372,2021-08-05 00:00:00,57.13,57.35,57.35,57.13,3416,1816.0,1816.0,
4373,2021-08-06 00:00:00,57.37,57.51,57.51,57.3,22,1817.0,1817.0,
4374,2021-08-09 00:00:00,57.61,57.57,57.63,57.57,20,1818.0,1818.0,
4375,2021-08-10 00:00:00,57.67,57.75,57.87,57.67,270,1819.0,1819.0,
4376,2021-08-11 00:00:00,57.88,57.96,57.98,57.88,1,1820.0,1820.0,
4377,2021-08-12 00:00:00,57.98,58.2,58.2,57.98,1130,1821.0,1821.0,
4378,2021-08-13 00:00:00,58.18,58.26,58.27,58.16,489,1822.0,1822.0,
4379,2021-08-16 00:00:00,57.81,57.9,58.06,57.8,1777,1823.0,1823.0,
4380,2021-08-17 00:00:00,57.62,57.78,57.78,57.62,207,1824.0,1824.0,
4381,2021-08-18 00:00:00,57.83,57.84,57.84,57.69,43,1825.0,1825.0,
4382,2021-08-19 00:00:00,57.0,56.96,57.03,56.57,1481,1826.0,1826.0,
4383,2021-08-20 00:00:00,56.99,57.16,57.16,56.75,758,1827.0,1827.0,
4384,2021-08-23 00:00:00,57.64,57.54,57.64,57.5,149,1828.0,1828.0,
4385,2021-08-24 00:00:00,57.8,57.61,57.84,57.56,1366,1829.0,1829.0,
4386,2021-08-25 00:00:00,57.66,57.64,57.8,57.64,6079,1830.0,1830.0,
4387,2021-08-26 00:00:00,57.32,57.42,57.42,57.32,156,1831.0,1831.0,
4388,2021-08-27 00:00:00,57.31,57.67,57.69,57.31,2008,1832.0,1832.0,
4389,2021-08-30 00:00:00,57.69,57.74,57.77,57.69,137,1833.0,1833.0,
4390,2021-08-31 00:00:00,57.86,57.65,58.08,57.57,3150,1834.0,1834.0,
4391,2021-09-01 00:00:00,58.09,58.08,58.27,57.94,3414,1835.0,1835.0,
4392,2021-09-02 00:00:00,58.09,58.19,58.19,58.09,0,1836.0,1836.0,
4393,2021-09-03 00:00:00,58.11,57.79,58.11,57.67,75,1837.0,1837.0,
4394,2021-09-06 00:00:00,57.94,58.21,58.27,57.94,13898,1838.0,1838.0,
4395,2021-09-07 00:00:00,58.19,58.04,58.19,58.04,3151,1839.0,1839.0,
4396,2021-09-08 00:00:00,57.61,57.49,57.8,57.37,8827,1840.0,1840.0,
4397,2021-09-09 00:00:00,57.11,57.46,57.57,57.0,5982,1841.0,1841.0,
4398,2021-09-10 00:00:00,57.64,57.28,57.69,57.23,679,1842.0,1842.0,
4399,2021-09-13 00:00:00,57.55,57.45,57.77,57.45,2137,1843.0,1843.0,
4400,2021-09-14 00:00:00,57.42,57.51,57.62,57.36,1115,1844.0,1844.0,
4401,2021-09-15 00:00:00,57.54,56.93,57.54,56.91,695,1845.0,1845.0,
4402,2021-09-16 00:00:00,57.2,57.19,57.34,57.15,1022,1846.0,1846.0,
4403,2021-09-17 00:00:00,57.66,56.75,57.67,56.75,343,1847.0,1847.0,
4404,2021-09-20 00:00:00,55.84,55.67,55.84,55.53,10232,1848.0,1848.0,
4405,2021-09-21 00:00:00,56.03,56.32,56.41,55.81,915,1849.0,1849.0,
4406,2021-09-22 00:00:00,56.83,56.94,56.94,56.83,3712,1850.0,1850.0,
4407,2021-09-23 00:00:00,57.39,57.49,57.61,57.35,4536,1851.0,1851.0,
4408,2021-09-24 00:00:00,57.25,56.99,57.25,56.99,2263,1852.0,1852.0,
4409,2021-09-27 00:00:00,57.47,57.01,57.47,57.0,1713,1853.0,1853.0,
4410,2021-09-28 00:00:00,56.89,55.72,56.89,55.72,145,1854.0,1854.0,
4411,2021-09-29 00:00:00,55.95,55.99,56.13,55.95,187,1855.0,1855.0,
4412,2021-09-30 00:00:00,56.37,55.61,56.37,55.61,5398,1856.0,1856.0,
4413,2021-10-01 00:00:00,54.87,55.45,55.45,54.81,1272,1857.0,1857.0,
4414,2021-10-04 00:00:00,55.21,55.06,55.4,55.06,234,1858.0,1858.0,
4415,2021-10-05 00:00:00,55.24,55.82,55.82,55.24,39,1859.0,1859.0,
4416,2021-10-06 00:00:00,55.24,55.15,55.24,54.6,360,1860.0,1860.0,
4417,2021-10-07 00:00:00,55.88,56.12,56.12,55.83,556,1861.0,1861.0,
4418,2021-10-08 00:00:00,56.14,55.86,56.14,55.86,530,1862.0,1862.0,
4419,2021-10-11 00:00:00,55.79,55.82,55.82,55.62,101,1863.0,1863.0,
4420,2021-10-12 00:00:00,55.16,55.71,55.71,55.16,0,1864.0,1864.0,
4421,2021-10-13 00:00:00,55.64,56.03,56.03,55.64,2660,1865.0,1865.0,
4422,2021-10-14 00:00:00,56.4,56.8,56.8,56.4,564,1866.0,1866.0,
4423,2021-10-15 00:00:00,57.01,57.21,57.21,57.01,81,1867.0,1867.0,
4424,2021-10-18 00:00:00,56.95,56.87,56.95,56.72,104,1868.0,1868.0,
4425,2021-10-19 00:00:00,56.99,57.09,57.1,56.99,737,1869.0,1869.0,
4426,2021-10-20 00:00:00,56.91,57.22,57.22,56.91,240,1870.0,1870.0,
4427,2021-10-21 00:00:00,56.9,57.13,57.2,56.9,443,1871.0,1871.0,
4428,2021-10-22 00:00:00,57.28,57.45,57.69,57.28,1954,1872.0,1872.0,
4429,2021-10-25 00:00:00,57.5,57.43,57.5,57.43,208,1873.0,1873.0,
4430,2021-10-26 00:00:00,57.63,57.85,57.88,57.55,559,1874.0,1874.0,
4431,2021-10-27 00:00:00,57.89,57.73,57.89,57.72,162,1875.0,1875.0,
4432,2021-10-28 00:00:00,57.73,57.95,57.95,57.73,69,1876.0,1876.0,
4433,2021-10-29 00:00:00,57.63,58.0,58.0,57.61,283,1877.0,1877.0,
4434,2021-11-01 00:00:00,58.24,58.47,58.52,58.24,14,1878.0,1878.0,
4435,2021-11-02 00:00:00,58.39,58.68,58.68,58.39,5513,1879.0,1879.0,
4436,2021-11-03 00:00:00,58.67,58.91,58.91,58.67,1502,1880.0,1880.0,
4437,2021-11-04 00:00:00,59.17,59.18,59.18,59.11,1277,1881.0,1881.0,
4438,2021-11-05 00:00:00,59.21,59.47,59.61,59.21,3011,1882.0,1882.0,
4439,2021-11-08 00:00:00,59.52,59.4,59.52,59.39,11788,1883.0,1883.0,
4440,2021-11-09 00:00:00,59.22,59.29,59.52,59.22,4875,1884.0,1884.0,
4441,2021-11-10 00:00:00,59.36,59.33,59.36,59.12,2276,1885.0,1885.0,
4442,2021-11-11 00:00:00,59.21,59.45,59.45,59.21,3289,1886.0,1886.0,
4443,2021-11-12 00:00:00,59.49,59.63,59.63,59.49,1,1887.0,1887.0,
4444,2021-11-15 00:00:00,59.65,59.85,59.85,59.51,7816,1888.0,1888.0,
4445,2021-11-16 00:00:00,60.0,59.97,60.0,59.88,548,1889.0,1889.0,
4446,2021-11-17 00:00:00,59.97,60.02,60.07,59.97,4662,1890.0,1890.0,
4447,2021-11-18 00:00:00,60.01,59.85,60.09,59.85,1408,1891.0,1891.0,
4448,2021-11-19 00:00:00,60.02,59.46,60.02,59.28,3524,1892.0,1892.0,
4449,2021-11-22 00:00:00,59.71,59.34,59.71,59.33,27871,1893.0,1893.0,
4450,2021-11-23 00:00:00,58.78,58.57,58.8,58.45,1676,1894.0,1894.0,
4451,2021-11-24 00:00:00,58.72,58.53,58.82,58.53,1399,1895.0,1895.0,
4452,2021-11-25 00:00:00,58.77,58.76,58.79,58.65,7065,1896.0,1896.0,
4453,2021-11-26 00:00:00,56.58,56.38,57.2,56.38,2865,1897.0,1897.0,
4454,2021-11-29 00:00:00,57.04,56.64,57.08,56.61,3446,1898.0,1898.0,
4455,2021-11-30 00:00:00,56.16,56.06,56.16,56.06,909,1899.0,1899.0,
4456,2021-12-01 00:00:00,56.71,57.39,57.39,56.71,108,1900.0,1900.0,
4457,2021-12-02 00:00:00,56.7,56.47,56.7,56.38,14118,1901.0,1901.0,
4458,2021-12-03 00:00:00,56.94,56.12,56.94,56.12,6708,1902.0,1902.0,
4459,2021-12-06 00:00:00,56.59,56.86,56.98,56.37,87,1903.0,1903.0,
4460,2021-12-07 00:00:00,57.56,58.49,58.49,57.56,2,1904.0,1904.0,
4461,2021-12-08 00:00:00,58.14,57.7,58.14,57.7,869,1905.0,1905.0,
4462,2021-12-09 00:00:00,57.85,57.5,57.85,57.45,320,1906.0,1906.0,
4463,2021-12-10 00:00:00,57.23,57.33,57.4,57.18,2030,1907.0,1907.0,
4464,2021-12-13 00:00:00,57.41,57.02,57.75,56.97,34011,1908.0,1908.0,
4465,2021-12-14 00:00:00,57.31,56.57,57.31,56.57,4,1909.0,1909.0,
4466,2021-12-15 00:00:00,56.8,56.73,56.86,56.63,20109,1910.0,1910.0,
4467,2021-12-16 00:00:00,57.6,57.22,57.68,57.22,10057,1911.0,1911.0,
4468,2021-12-17 00:00:00,56.99,56.74,56.99,56.74,1153,1912.0,1912.0,
4469,2021-12-20 00:00:00,55.65,56.07,56.11,55.41,1044,1913.0,1913.0,
4470,2021-12-21 00:00:00,56.67,56.97,56.97,56.67,32,1914.0,1914.0,
4471,2021-12-22 00:00:00,57.09,57.55,57.55,57.05,152,1915.0,1915.0,
4472,2021-12-23 00:00:00,57.83,58.17,58.25,57.72,4715,1916.0,1916.0,
4473,2021-12-24 00:00:00,58.14,58.21,58.21,58.14,0,1917.0,1917.0,
4474,2021-12-27 00:00:00,57.9,58.47,58.53,57.67,7434,1918.0,1918.0,
4475,2021-12-28 00:00:00,58.53,58.84,58.84,58.53,677,1919.0,1919.0,
4476,2021-12-29 00:00:00,58.83,58.6,58.92,58.4,13685,1920.0,1920.0,
4477,2021-12-30 00:00:00,58.71,58.79,58.91,58.71,80,1921.0,1921.0,
4478,2021-12-31 00:00:00,58.63,58.55,58.82,58.55,2003,1922.0,1922.0,
4479,2022-01-03 00:00:00,59.06,59.22,59.38,59.06,14789,1923.0,1923.0,
4480,2022-01-04 00:00:00,59.5,59.59,59.77,59.45,629,1924.0,1924.0,
4481,2022-01-05 00:00:00,59.67,59.76,59.85,59.67,5701,1925.0,1925.0,
4482,2022-01-06 00:00:00,59.12,58.89,59.13,58.8,210,1926.0,1926.0,
4483,2022-01-07 00:00:00,58.88,58.75,58.91,58.57,9800,1927.0,1927.0,
4484,2022-01-10 00:00:00,58.92,57.88,58.92,57.86,1745,1928.0,1928.0,
4485,2022-01-11 00:00:00,58.49,58.46,58.49,58.36,2566,1929.0,1929.0,
4486,2022-01-12 00:00:00,58.83,58.82,58.83,58.71,1323,1930.0,1930.0,
4487,2022-01-13 00:00:00,58.72,58.84,58.9,58.72,326,1931.0,1931.0,
4488,2022-01-14 00:00:00,58.26,58.28,58.28,58.26,0,1932.0,1932.0,
4489,2022-01-17 00:00:00,58.45,58.65,58.71,58.45,20,1933.0,1933.0,
4490,2022-01-18 00:00:00,58.35,58.04,58.35,57.96,72,1934.0,1934.0,
4491,2022-01-19 00:00:00,57.76,58.06,58.12,57.76,18,1935.0,1935.0,
4492,2022-01-20 00:00:00,58.24,58.44,58.44,57.95,2749,1936.0,1936.0,
4493,2022-01-21 00:00:00,57.67,57.39,57.74,57.33,13391,1937.0,1937.0,
4494,2022-01-24 00:00:00,57.11,55.05,57.11,54.95,10800,1938.0,1938.0,
4495,2022-01-25 00:00:00,55.59,55.35,55.59,55.32,5469,1939.0,1939.0,
4496,2022-01-26 00:00:00,55.96,56.42,56.7,55.96,125,1940.0,1940.0,
4497,2022-01-27 00:00:00,55.65,56.66,56.71,55.65,38,1941.0,1941.0,
4498,2022-01-28 00:00:00,56.56,56.09,56.56,55.67,2784,1942.0,1942.0,
4499,2022-01-31 00:00:00,56.71,56.64,56.75,56.34,134,1943.0,1943.0,
4500,2022-02-01 00:00:00,57.17,57.32,57.32,57.17,945,1944.0,1944.0,
4501,2022-02-02 00:00:00,57.59,57.43,57.69,57.43,1953,1945.0,1945.0,
4502,2022-02-03 00:00:00,57.33,56.48,57.33,56.48,2661,1946.0,1946.0,
4503,2022-02-04 00:00:00,56.78,55.85,56.78,55.7,8824,1947.0,1947.0,
4504,2022-02-07 00:00:00,56.24,56.17,56.24,56.17,0,1948.0,1948.0,
4505,2022-02-08 00:00:00,56.22,56.31,56.62,56.1,129,1949.0,1949.0,
4506,2022-02-09 00:00:00,56.89,57.29,57.29,56.89,102,1950.0,1950.0,
4507,2022-02-10 00:00:00,57.58,57.14,57.58,57.02,576,1951.0,1951.0,
4508,2022-02-11 00:00:00,56.65,56.62,56.8,56.6,282,1952.0,1952.0,
4509,2022-02-14 00:00:00,55.32,55.44,55.49,54.73,10225,1953.0,1953.0,
4510,2022-02-15 00:00:00,55.47,56.45,56.45,55.47,69,1954.0,1954.0,
4511,2022-02-16 00:00:00,56.62,56.41,56.77,56.41,15,1955.0,1955.0,
4512,2022-02-17 00:00:00,56.64,56.09,56.64,56.09,956,1956.0,1956.0,
4513,2022-02-18 00:00:00,56.15,55.57,56.15,55.47,19,1957.0,1957.0,
4514,2022-02-21 00:00:00,55.92,54.45,56.13,54.29,435,1958.0,1958.0,
4515,2022-02-22 00:00:00,53.38,54.43,54.43,53.38,1265,1959.0,1959.0,
4516,2022-02-23 00:00:00,54.7,54.28,55.09,54.19,18133,1960.0,1960.0,
4517,2022-02-24 00:00:00,51.84,52.25,52.7,51.43,12147,1961.0,1961.0,
4518,2022-02-25 00:00:00,52.97,54.06,54.06,52.62,1391,1962.0,1962.0,
4519,2022-02-28 00:00:00,53.01,53.47,53.47,52.5,510,1963.0,1963.0,
4520,2022-03-01 00:00:00,53.5,51.55,53.61,51.55,134,1964.0,1964.0,
4521,2022-03-02 00:00:00,51.18,52.04,52.04,51.0,48,1965.0,1965.0,
4522,2022-03-03 00:00:00,52.23,50.92,52.24,50.92,615,1966.0,1966.0,
4523,2022-03-04 00:00:00,50.27,48.505,50.27,48.505,21682,1967.0,1967.0,
4524,2022-03-07 00:00:00,47.245,47.795,48.75,46.325,8072,1968.0,1968.0,
4525,2022-03-08 00:00:00,47.54,47.6,48.97,47.54,12054,1969.0,1969.0,
4526,2022-03-09 00:00:00,49.045,50.96,50.96,49.045,7956,1970.0,1970.0,
4527,2022-03-10 00:00:00,50.69,49.655,50.69,49.655,3651,1971.0,1971.0,
4528,2022-03-11 00:00:00,49.81,50.17,50.82,49.71,4984,1972.0,1972.0,
4529,2022-03-14 00:00:00,50.6,50.96,51.31,50.6,905,1973.0,1973.0,
4530,2022-03-15 00:00:00,50.35,50.88,51.13,50.35,787,1974.0,1974.0,
4531,2022-03-16 00:00:00,52.13,52.83,53.24,52.13,940,1975.0,1975.0,
4532,2022-03-17 00:00:00,53.23,52.87,53.23,52.71,1106,1976.0,1976.0,
4533,2022-03-18 00:00:00,52.8,53.13,53.13,52.46,762,1977.0,1977.0,
4534,2022-03-21 00:00:00,53.13,52.94,53.18,52.94,109,1978.0,1978.0,
4535,2022-03-22 00:00:00,53.07,53.57,53.57,53.07,28425,1979.0,1979.0,
4536,2022-03-23 00:00:00,53.6,52.81,53.6,52.81,235,1980.0,1980.0,
4537,2022-03-24 00:00:00,52.94,52.63,52.94,52.63,0,1981.0,1981.0,
4538,2022-03-25 00:00:00,52.72,52.65,52.86,52.65,568,1982.0,1982.0,
4539,2022-03-28 00:00:00,52.99,52.9,53.45,52.9,1515,1983.0,1983.0,
4540,2022-03-29 00:00:00,53.58,54.45,54.45,53.58,5805,1984.0,1984.0,
4541,2022-03-30 00:00:00,54.13,53.91,54.13,53.76,286,1985.0,1985.0,
4542,2022-03-31 00:00:00,54.1,53.23,54.1,53.23,359,1986.0,1986.0,
4543,2022-04-01 00:00:00,53.23,53.41,53.48,53.23,50,1987.0,1987.0,
4544,2022-04-04 00:00:00,53.64,53.82,53.9,53.57,7665,1988.0,1988.0,
4545,2022-04-05 00:00:00,53.85,53.44,53.85,53.23,129,1989.0,1989.0,
4546,2022-04-06 00:00:00,53.23,52.3,53.23,52.15,30,1990.0,1990.0,
4547,2022-04-07 00:00:00,52.51,52.05,52.82,52.05,188,1991.0,1991.0,
4548,2022-04-08 00:00:00,52.7,52.78,52.96,52.61,1558,1992.0,1992.0,
4549,2022-04-11 00:00:00,52.63,52.51,52.63,52.51,705,1993.0,1993.0,
4550,2022-04-12 00:00:00,51.63,52.37,52.43,51.63,216,1994.0,1994.0,
4551,2022-04-13 00:00:00,52.18,52.41,52.41,51.89,15706,1995.0,1995.0,
4552,2022-04-14 00:00:00,52.57,52.69,52.75,52.57,18,1996.0,1996.0,
4553,2022-04-19 00:00:00,52.4,52.54,52.59,52.13,6982,1997.0,1997.0,
4554,2022-04-20 00:00:00,52.61,53.32,53.32,52.61,0,1998.0,1998.0,
4555,2022-04-21 00:00:00,53.42,53.72,54.05,53.42,301,1999.0,1999.0,
4556,2022-04-22 00:00:00,53.09,52.64,53.29,52.64,419,2000.0,2000.0,
4557,2022-04-25 00:00:00,51.69,51.7,52.05,51.5,397,2001.0,2001.0,
4558,2022-04-26 00:00:00,52.35,51.23,52.35,51.23,3606,2002.0,2002.0,
4559,2022-04-27 00:00:00,51.22,51.42,51.42,50.81,103,2003.0,2003.0,
4560,2022-04-28 00:00:00,51.99,51.95,52.34,51.95,7424,2004.0,2004.0,
4561,2022-04-29 00:00:00,52.34,52.23,52.5,52.23,470,2005.0,2005.0,
4562,2022-05-02 00:00:00,51.78,51.44,51.78,50.55,19608,2006.0,2006.0,
4563,2022-05-03 00:00:00,51.61,51.94,51.94,51.57,152,2007.0,2007.0,
4564,2022-05-04 00:00:00,52.08,51.45,52.08,51.45,21,2008.0,2008.0,
4565,2022-05-05 00:00:00,52.63,51.12,52.63,51.12,0,2009.0,2009.0,
4566,2022-05-06 00:00:00,50.86,50.31,50.86,50.0,104,2010.0,2010.0,
4567,2022-05-09 00:00:00,50.06,48.925,50.06,48.925,235,2011.0,2011.0,
4568,2022-05-10 00:00:00,49.38,49.3,49.51,49.3,20,2012.0,2012.0,
4569,2022-05-11 00:00:00,49.735,50.45,50.45,49.575,2060,2013.0,2013.0,
4570,2022-05-12 00:00:00,49.4,49.97,50.03,49.2,761,2014.0,2014.0,
4571,2022-05-13 00:00:00,50.35,51.13,51.13,50.35,3862,2015.0,2015.0,
4572,2022-05-16 00:00:00,51.1,51.03,51.1,51.03,35,2016.0,2016.0,
4573,2022-05-17 00:00:00,51.53,51.8,51.8,51.53,179,2017.0,2017.0,
4574,2022-05-18 00:00:00,51.89,51.17,51.89,51.17,62,2018.0,2018.0,
4575,2022-05-19 00:00:00,50.59,50.58,50.59,50.06,739,2019.0,2019.0,
4576,2022-05-20 00:00:00,50.82,50.82,50.82,50.76,101,2020.0,2020.0,
4577,2022-05-23 00:00:00,51.41,51.6,51.6,51.41,0,2021.0,2021.0,
4578,2022-05-24 00:00:00,51.09,50.88,51.27,50.88,99,2022.0,2022.0,
4579,2022-05-25 00:00:00,51.2,51.3,51.3,50.91,4,2023.0,2023.0,
4580,2022-05-26 00:00:00,51.36,52.11,52.11,51.36,51,2024.0,2024.0,
4581,2022-05-27 00:00:00,52.37,52.83,52.83,52.37,960,2025.0,2025.0,
4582,2022-05-30 00:00:00,53.35,53.34,53.35,53.28,3176,2026.0,2026.0,
4583,2022-05-31 00:00:00,53.11,52.62,53.11,52.58,271,2027.0,2027.0,
4584,2022-06-01 00:00:00,52.93,52.17,52.93,52.17,723,2028.0,2028.0,
4585,2022-06-02 00:00:00,52.46,52.63,52.63,52.46,0,2029.0,2029.0,
4586,2022-06-03 00:00:00,52.97,52.47,52.97,52.47,0,2030.0,2030.0,
4587,2022-06-06 00:00:00,52.95,53.13,53.13,52.94,375,2031.0,2031.0,
4588,2022-06-07 00:00:00,52.88,52.8,52.88,52.78,27002,2032.0,2032.0,
4589,2022-06-08 00:00:00,52.9,52.57,52.9,52.5,199,2033.0,2033.0,
4590,2022-06-09 00:00:00,52.28,51.74,52.35,51.74,591,2034.0,2034.0,
4591,2022-06-10 00:00:00,51.31,50.16,51.31,50.16,4749,2035.0,2035.0,
4592,2022-06-13 00:00:00,49.5,48.815,49.5,48.815,114,2036.0,2036.0,
4593,2022-06-14 00:00:00,49.255,48.32,49.255,48.32,6226,2037.0,2037.0,
4594,2022-06-15 00:00:00,48.97,49.12,49.12,48.89,2,2038.0,2038.0,
4595,2022-06-16 00:00:00,48.92,47.685,48.92,47.645,207,2039.0,2039.0,
4596,2022-06-17 00:00:00,47.8,47.88,48.43,47.8,343,2040.0,2040.0,
4597,2022-06-20 00:00:00,48.01,48.325,48.325,47.95,24,2041.0,2041.0,
4598,2022-06-21 00:00:00,48.605,48.54,48.605,48.54,0,2042.0,2042.0,
4599,2022-06-22 00:00:00,47.71,48.105,48.265,47.5,228,2043.0,2043.0,
4600,2022-06-23 00:00:00,47.885,47.585,48.135,47.585,10,2044.0,2044.0,
4601,2022-06-24 00:00:00,47.715,48.88,48.88,47.715,77,2045.0,2045.0,
4602,2022-06-27 00:00:00,49.245,49.03,49.245,49.01,3,2046.0,2046.0,
4603,2022-06-28 00:00:00,49.405,49.19,49.465,49.19,3,2047.0,2047.0,
4604,2022-06-29 00:00:00,48.79,48.62,48.79,48.35,3513,2048.0,2048.0,
4605,2022-06-30 00:00:00,47.765,47.845,47.845,47.41,14777,2049.0,2049.0,
4606,2022-07-01 00:00:00,47.26,47.87,47.87,47.26,0,2050.0,2050.0,
4607,2022-07-04 00:00:00,48.12,47.91,48.12,47.91,271,2051.0,2051.0,
4608,2022-07-05 00:00:00,48.155,46.67,48.155,46.67,5035,2052.0,2052.0,
4609,2022-07-06 00:00:00,45.915,46.165,46.165,45.915,553,2053.0,2053.0,
4610,2022-07-07 00:00:00,46.8,47.165,47.165,46.675,68003,2054.0,2054.0,
4611,2022-07-08 00:00:00,47.09,47.565,47.58,46.955,2034,2055.0,2055.0,
4612,2022-07-11 00:00:00,46.835,47.08,47.225,46.835,12665,2056.0,2056.0,
4613,2022-07-12 00:00:00,46.845,47.19,47.245,46.845,6087,2057.0,2057.0,
4614,2022-07-13 00:00:00,47.045,46.79,47.045,46.79,8,2058.0,2058.0,
4615,2022-07-14 00:00:00,46.62,46.045,46.62,45.825,37,2059.0,2059.0,
4616,2022-07-15 00:00:00,46.155,47.045,47.045,46.155,29,2060.0,2060.0,
4617,2022-07-18 00:00:00,47.475,47.505,47.67,47.475,971,2061.0,2061.0,
4618,2022-07-19 00:00:00,47.135,48.465,48.465,47.135,119,2062.0,2062.0,
4619,2022-07-20 00:00:00,48.5,48.4,48.55,48.4,790,2063.0,2063.0,
4620,2022-07-21 00:00:00,48.275,48.555,48.555,48.145,8335,2064.0,2064.0,
4621,2022-07-22 00:00:00,48.44,48.605,48.71,48.44,354,2065.0,2065.0,
4622,2022-07-25 00:00:00,48.43,48.695,48.805,48.43,173,2066.0,2066.0,
4623,2022-07-26 00:00:00,48.56,48.325,48.61,48.325,778,2067.0,2067.0,
4624,2022-07-27 00:00:00,48.51,48.745,48.745,48.51,2000,2068.0,2068.0,
4625,2022-07-28 00:00:00,49.04,49.265,49.265,48.865,652,2069.0,2069.0,
4626,2022-07-29 00:00:00,49.67,50.04,50.04,49.67,105,2070.0,2070.0,
4627,2022-08-01 00:00:00,50.06,50.02,50.27,50.0,256,2071.0,2071.0,
4628,2022-08-02 00:00:00,50.03,49.76,50.03,49.76,1,2072.0,2072.0,
4629,2022-08-03 00:00:00,49.695,50.31,50.31,49.695,0,2073.0,2073.0,
4630,2022-08-04 00:00:00,50.46,50.56,50.78,50.46,83,2074.0,2074.0,
4631,2022-08-05 00:00:00,50.57,50.19,50.57,50.17,4021,2075.0,2075.0,
4632,2022-08-08 00:00:00,50.63,50.61,50.63,50.55,3,2076.0,2076.0,
4633,2022-08-09 00:00:00,50.53,50.15,50.56,50.15,264,2077.0,2077.0,
4634,2022-08-10 00:00:00,49.985,50.59,50.59,49.985,2,2078.0,2078.0,
4635,2022-08-11 00:00:00,50.86,50.74,50.86,50.6,85,2079.0,2079.0,
4636,2022-08-12 00:00:00,50.84,50.91,50.94,50.84,224,2080.0,2080.0,
4637,2022-08-15 00:00:00,51.15,51.05,51.15,50.86,312,2081.0,2081.0,
4638,2022-08-16 00:00:00,51.23,51.25,51.25,51.08,1,2082.0,2082.0,
4639,2022-08-17 00:00:00,51.34,50.57,51.38,50.57,8,2083.0,2083.0,
4640,2022-08-18 00:00:00,50.54,50.8,50.8,50.54,342,2084.0,2084.0,
4641,2022-08-19 00:00:00,50.58,50.23,50.58,50.23,2,2085.0,2085.0,
4642,2022-08-22 00:00:00,50.01,49.295,50.01,49.25,7218,2086.0,2086.0,
4643,2022-08-23 00:00:00,49.09,49.205,49.27,49.09,403,2087.0,2087.0,
4644,2022-08-24 00:00:00,49.185,49.37,49.37,48.875,100,2088.0,2088.0,
4645,2022-08-25 00:00:00,49.71,49.455,49.71,49.435,1000,2089.0,2089.0,
4646,2022-08-26 00:00:00,49.67,48.52,49.67,48.52,53,2090.0,2090.0,
4647,2022-08-29 00:00:00,48.0,48.095,48.095,47.935,23,2091.0,2091.0,
4648,2022-08-30 00:00:00,48.33,48.02,48.75,48.02,105,2092.0,2092.0,
4649,2022-08-31 00:00:00,48.26,47.51,48.26,47.51,0,2093.0,2093.0,
4650,2022-09-01 00:00:00,47.14,46.71,47.14,46.67,53,2094.0,2094.0,
4651,2022-09-02 00:00:00,47.075,47.885,47.885,47.075,252,2095.0,2095.0,
4652,2022-09-05 00:00:00,46.875,47.195,47.195,46.875,9,2096.0,2096.0,
4653,2022-09-06 00:00:00,47.345,47.4,47.4,47.345,21905,2097.0,2097.0,
4654,2022-09-07 00:00:00,46.96,47.35,47.35,46.96,0,2098.0,2098.0,
4655,2022-09-08 00:00:00,47.665,47.535,47.665,47.535,2,2099.0,2099.0,
4656,2022-09-09 00:00:00,47.705,48.3,48.3,47.705,0,2100.0,2100.0,
4657,2022-09-12 00:00:00,48.595,49.255,49.35,48.595,2830,2101.0,2101.0,
4658,2022-09-13 00:00:00,49.475,48.435,49.475,48.435,0,2102.0,2102.0,
4659,2022-09-14 00:00:00,48.31,48.13,48.31,48.025,75,2103.0,2103.0,
4660,2022-09-15 00:00:00,48.19,47.8,48.19,47.8,2,2104.0,2104.0,
4661,2022-09-16 00:00:00,47.28,47.16,47.28,47.05,5,2105.0,2105.0,
4662,2022-09-19 00:00:00,46.785,47.17,47.37,46.66,57,2106.0,2106.0,
4663,2022-09-20 00:00:00,47.365,46.575,47.365,46.575,193,2107.0,2107.0,
4664,2022-09-21 00:00:00,46.175,46.895,46.895,46.175,10,2108.0,2108.0,
4665,2022-09-22 00:00:00,46.115,46.035,46.72,46.035,548,2109.0,2109.0,
4666,2022-09-23 00:00:00,45.945,44.965,45.945,44.76,1503,2110.0,2110.0,
4667,2022-09-26 00:00:00,44.845,44.865,44.875,44.67,244,2111.0,2111.0,
4668,2022-09-27 00:00:00,45.23,44.675,45.23,44.675,0,2112.0,2112.0,
4669,2022-09-28 00:00:00,44.42,44.7,44.7,43.735,30059,2113.0,2113.0,
4670,2022-09-29 00:00:00,44.32,43.895,44.32,43.54,650,2114.0,2114.0,
4671,2022-09-30 00:00:00,44.195,44.485,44.485,44.175,202,2115.0,2115.0,
4672,2022-10-03 00:00:00,44.06,44.89,44.925,43.925,22941,2116.0,2116.0,
4673,2022-10-04 00:00:00,45.475,46.67,46.67,45.475,7388,2117.0,2117.0,
4674,2022-10-05 00:00:00,46.565,46.115,46.565,46.115,7,2118.0,2118.0,
4675,2022-10-06 00:00:00,46.42,45.885,46.42,45.805,270,2119.0,2119.0,
4676,2022-10-07 00:00:00,45.75,45.105,45.75,45.105,602,2120.0,2120.0,
4677,2022-10-10 00:00:00,44.84,44.9,45.1,44.775,44,2121.0,2121.0,
4678,2022-10-11 00:00:00,44.565,44.65,44.65,44.31,23,2122.0,2122.0,
4679,2022-10-12 00:00:00,44.625,44.415,44.625,44.395,5511,2123.0,2123.0,
4680,2022-10-13 00:00:00,44.1,44.875,44.875,43.54,12,2124.0,2124.0,
4681,2022-10-14 00:00:00,45.575,45.14,45.575,45.14,54,2125.0,2125.0,
4682,2022-10-17 00:00:00,45.365,46.03,46.03,45.365,0,2126.0,2126.0,
4683,2022-10-18 00:00:00,46.47,46.37,46.72,46.37,2,2127.0,2127.0,
4684,2022-10-19 00:00:00,46.53,46.235,46.53,46.235,0,2128.0,2128.0,
4685,2022-10-20 00:00:00,46.15,46.52,46.555,46.15,2304,2129.0,2129.0,
4686,2022-10-21 00:00:00,46.09,46.25,46.25,46.09,10,2130.0,2130.0,
4687,2022-10-24 00:00:00,46.755,46.945,47.09,46.7,495,2131.0,2131.0,
4688,2022-10-25 00:00:00,47.235,47.825,47.825,47.235,12433,2132.0,2132.0,
4689,2022-10-26 00:00:00,47.62,48.06,48.06,47.62,0,2133.0,2133.0,
4690,2022-10-27 00:00:00,47.895,48.005,48.005,47.71,61,2134.0,2134.0,
4691,2022-10-28 00:00:00,47.585,47.985,47.985,47.5,31,2135.0,2135.0,
4692,2022-10-31 00:00:00,48.02,48.055,48.125,47.98,625,2136.0,2136.0,
4693,2022-11-01 00:00:00,48.695,48.435,48.81,48.435,424,2137.0,2137.0,
4694,2022-11-02 00:00:00,48.57,48.075,48.57,48.075,22050,2138.0,2138.0,
4695,2022-11-03 00:00:00,47.58,47.615,47.615,47.33,5177,2139.0,2139.0,
4696,2022-11-04 00:00:00,47.935,48.775,48.825,47.935,1568,2140.0,2140.0,
4697,2022-11-07 00:00:00,48.575,49.03,49.065,48.575,1072,2141.0,2141.0,
4698,2022-11-08 00:00:00,48.82,49.455,49.455,48.82,3051,2142.0,2142.0,
4699,2022-11-09 00:00:00,49.415,49.34,49.415,49.18,226,2143.0,2143.0,
4700,2022-11-10 00:00:00,49.025,50.79,50.79,49.025,1092,2144.0,2144.0,
4701,2022-11-11 00:00:00,51.14,51.11,51.18,51.11,11,2145.0,2145.0,
4702,2022-11-14 00:00:00,51.32,51.33,51.35,51.18,39,2146.0,2146.0,
4703,2022-11-15 00:00:00,51.54,51.62,51.62,51.54,0,2147.0,2147.0,
4704,2022-11-16 00:00:00,51.6,51.1,51.6,51.1,11,2148.0,2148.0,
4705,2022-11-17 00:00:00,51.34,50.98,51.34,50.7,41,2149.0,2149.0,
4706,2022-11-18 00:00:00,51.17,51.51,51.51,51.17,6,2150.0,2150.0,
4707,2022-11-21 00:00:00,51.36,51.41,51.41,51.34,2559,2151.0,2151.0,
4708,2022-11-22 00:00:00,51.45,51.63,51.63,51.45,9644,2152.0,2152.0,
4709,2022-11-23 00:00:00,51.71,51.79,51.8,51.62,5344,2153.0,2153.0,
4710,2022-11-24 00:00:00,51.89,52.09,52.15,51.89,44,2154.0,2154.0,
4711,2022-11-25 00:00:00,52.08,52.12,52.12,52.08,0,2155.0,2155.0,
4712,2022-11-28 00:00:00,51.8,51.85,51.85,51.79,402,2156.0,2156.0,
4713,2022-11-29 00:00:00,51.82,51.76,51.82,51.65,693,2157.0,2157.0,
4714,2022-11-30 00:00:00,51.94,52.05,52.08,51.94,6,2158.0,2158.0,
4715,2022-12-01 00:00:00,52.59,52.59,52.59,52.59,0,2159.0,2159.0,
4716,2022-12-02 00:00:00,52.23,52.12,52.23,52.1,39,2160.0,2160.0,
4717,2022-12-05 00:00:00,52.24,52.17,52.24,52.17,68,2161.0,2161.0,
4718,2022-12-06 00:00:00,52.05,51.9,52.05,51.9,1304,2162.0,2162.0,
4719,2022-12-07 00:00:00,51.5,51.5,51.5,51.5,9,2163.0,2163.0,
4720,2022-12-08 00:00:00,51.19,51.0,51.19,51.0,117,2164.0,2164.0,
4721,2022-12-09 00:00:00,51.25,51.11,51.25,51.11,19,2165.0,2165.0,
4722,2022-12-12 00:00:00,51.23,51.23,51.23,51.23,20,2166.0,2166.0,
4723,2022-12-13 00:00:00,51.38,52.51,52.51,51.38,22,2167.0,2167.0,
4724,2022-12-14 00:00:00,51.79,51.76,51.79,51.76,5000,2168.0,2168.0,
4725,2022-12-15 00:00:00,51.38,50.28,51.38,50.28,1805,2169.0,2169.0,
4726,2022-12-16 00:00:00,50.25,49.69,50.25,49.69,2565,2170.0,2170.0,
4727,2022-12-19 00:00:00,49.94,49.98,50.05,49.94,98,2171.0,2171.0,
4728,2022-12-20 00:00:00,49.39,49.66,49.66,49.39,52,2172.0,2172.0,
4729,2022-12-21 00:00:00,49.96,50.2,50.2,49.96,1690,2173.0,2173.0,
4730,2022-12-22 00:00:00,50.68,50.04,50.68,50.0,147,2174.0,2174.0,
4731,2022-12-23 00:00:00,50.08,49.925,50.08,49.925,28,2175.0,2175.0,
4732,2022-12-27 00:00:00,50.42,50.24,50.42,50.24,41,2176.0,2176.0,
4733,2022-12-28 00:00:00,50.25,49.95,50.25,49.95,71,2177.0,2177.0,
4734,2022-12-29 00:00:00,49.75,50.03,50.05,49.75,15,2178.0,2178.0,
4735,2022-12-30 00:00:00,50.16,50.2,50.2,50.16,2,2179.0,2179.0,
4736,2023-01-02 00:00:00,50.14,50.27,50.27,50.14,4,2180.0,2180.0,
4737,2023-01-03 00:00:00,50.64,51.0,51.0,50.64,9,2181.0,2181.0,
4738,2023-01-04 00:00:00,51.29,51.77,51.77,51.29,10,2182.0,2182.0,
4739,2023-01-05 00:00:00,51.9,51.92,51.92,51.9,2,2183.0,2183.0,
4740,2023-01-06 00:00:00,52.08,52.35,52.35,52.03,134,2184.0,2184.0,
4741,2023-01-09 00:00:00,52.81,52.95,52.95,52.81,32,2185.0,2185.0,
4742,2023-01-10 00:00:00,52.93,52.87,52.93,52.87,2,2186.0,2186.0,
4743,2023-01-11 00:00:00,53.19,53.4,53.4,53.19,328,2187.0,2187.0,
4744,2023-01-12 00:00:00,53.69,53.84,53.91,53.69,109,2188.0,2188.0,
4745,2023-01-13 00:00:00,54.06,54.13,54.24,54.06,243,2189.0,2189.0,
4746,2023-01-16 00:00:00,54.27,54.14,54.27,54.14,1600,2190.0,2190.0,
4747,2023-01-17 00:00:00,54.31,54.56,54.56,54.14,818,2191.0,2191.0,
4748,2023-01-18 00:00:00,54.55,54.66,54.69,54.55,62,2192.0,2192.0,
4749,2023-01-19 00:00:00,54.24,54.24,54.24,54.24,6000,2193.0,2193.0,
4750,2023-01-20 00:00:00,53.97,53.75,53.97,53.75,11002,2194.0,2194.0,
4751,2023-01-23 00:00:00,54.15,54.01,54.15,54.01,6335,2195.0,2195.0,
4752,2023-01-24 00:00:00,54.49,54.49,54.49,54.49,35,2196.0,2196.0,
4753,2023-01-25 00:00:00,54.32,54.32,54.32,54.32,1500,2197.0,2197.0,
4754,2023-01-26 00:00:00,54.53,54.5,54.67,54.47,1815,2198.0,2198.0,
4755,2023-01-27 00:00:00,54.51,54.42,54.51,54.42,240,2199.0,2199.0,
4756,2023-01-30 00:00:00,54.45,54.33,54.45,54.14,109,2200.0,2200.0,
4757,2023-01-31 00:00:00,54.47,54.47,54.47,54.47,0,2201.0,2201.0,
4758,2023-02-01 00:00:00,54.6,54.7,54.7,54.6,137,2202.0,2202.0,
4759,2023-02-02 00:00:00,55.01,55.56,55.56,55.01,256,2203.0,2203.0,
4760,2023-02-03 00:00:00,55.43,55.43,55.43,55.43,91,2204.0,2204.0,
4761,2023-02-06 00:00:00,55.48,55.21,55.48,55.07,165,2205.0,2205.0,
4762,2023-02-07 00:00:00,55.23,55.23,55.23,55.23,7,2206.0,2206.0,
4763,2023-02-08 00:00:00,55.62,55.62,55.62,55.62,16,2207.0,2207.0,
4764,2023-02-09 00:00:00,55.72,55.75,55.89,55.68,98024,2208.0,2208.0,
4765,2023-02-10 00:00:00,55.34,55.34,55.34,55.34,0,2209.0,2209.0,
4766,2023-02-13 00:00:00,55.15,55.37,55.4,55.15,224,2210.0,2210.0,
4767,2023-02-14 00:00:00,55.65,55.64,55.65,55.64,40,2211.0,2211.0,
4768,2023-02-15 00:00:00,55.53,55.87,56.0,55.53,12535,2212.0,2212.0,
4769,2023-02-16 00:00:00,56.4,56.39,56.46,56.38,12723,2213.0,2213.0,
4770,2023-02-17 00:00:00,55.85,56.06,56.06,55.85,105,2214.0,2214.0,
4771,2023-02-20 00:00:00,56.23,56.08,56.23,56.08,17890,2215.0,2215.0,
4772,2023-02-21 00:00:00,55.96,55.72,55.96,55.72,2,2216.0,2216.0,
4773,2023-02-22 00:00:00,55.49,55.42,55.49,55.42,5,2217.0,2217.0,
4774,2023-02-23 00:00:00,55.75,55.75,55.76,55.75,141,2218.0,2218.0,
4775,2023-02-24 00:00:00,56.0,55.0,56.0,55.0,5035,2219.0,2219.0,
4776,2023-02-27 00:00:00,55.39,55.52,55.52,55.39,18000,2220.0,2220.0,
4777,2023-02-28 00:00:00,55.35,55.57,55.58,55.35,386,2221.0,2221.0,
4778,2023-03-01 00:00:00,55.73,55.71,55.73,55.7,136,2222.0,2222.0,
4779,2023-03-02 00:00:00,54.97,55.05,55.05,54.84,116,2223.0,2223.0,
4780,2023-03-03 00:00:00,55.9,55.96,55.96,55.9,5,2224.0,2224.0,
4781,2023-03-06 00:00:00,56.34,56.34,56.34,56.34,0,2225.0,2225.0,
4782,2023-03-07 00:00:00,56.15,56.39,56.46,56.15,835,2226.0,2226.0,
4783,2023-03-08 00:00:00,55.75,55.86,55.86,55.75,20,2227.0,2227.0,
4784,2023-03-09 00:00:00,55.91,55.91,55.91,55.91,0,2228.0,2228.0,
4785,2023-03-10 00:00:00,54.78,54.78,54.78,54.78,0,2229.0,2229.0,
4786,2023-03-13 00:00:00,54.82,53.97,54.82,53.21,862,2230.0,2230.0,
4787,2023-03-14 00:00:00,53.57,54.46,54.46,53.57,204,2231.0,2231.0,
4788,2023-03-15 00:00:00,54.28,52.96,54.28,52.76,807,2232.0,2232.0,
4789,2023-03-16 00:00:00,53.54,53.72,53.72,53.1,2501,2233.0,2233.0,
4790,2023-03-17 00:00:00,54.04,53.0,54.04,53.0,1151,2234.0,2234.0,
4791,2023-03-20 00:00:00,52.61,53.5,53.5,52.61,119,2235.0,2235.0,
4792,2023-03-21 00:00:00,54.07,54.07,54.07,54.07,0,2236.0,2236.0,
4793,2023-03-22 00:00:00,54.25,54.48,54.54,54.25,17842,2237.0,2237.0,
4794,2023-03-23 00:00:00,54.32,54.32,54.32,54.32,0,2238.0,2238.0,
4795,2023-03-24 00:00:00,54.18,53.52,54.18,53.21,71575,2239.0,2239.0,
4796,2023-03-27 00:00:00,54.39,54.27,54.39,53.9,16226,2240.0,2240.0,
4797,2023-03-28 00:00:00,54.53,54.12,54.53,54.0,7051,2241.0,2241.0,
4798,2023-03-29 00:00:00,54.43,54.43,54.43,54.43,3,2242.0,2242.0,
4799,2023-03-30 00:00:00,55.23,55.44,55.54,55.23,751,2243.0,2243.0,
4800,2023-03-31 00:00:00,55.68,55.68,55.68,55.68,2,2244.0,2244.0,
4801,2023-04-03 00:00:00,55.92,55.96,55.98,55.92,46,2245.0,2245.0,
4802,2023-04-04 00:00:00,56.05,56.05,56.05,56.05,0,2246.0,2246.0,
4803,2023-04-05 00:00:00,55.82,55.82,55.82,55.82,0,2247.0,2247.0,
4804,2023-04-06 00:00:00,55.64,55.77,55.77,55.64,209,2248.0,2248.0,
4805,2023-04-11 00:00:00,56.27,56.27,56.27,56.27,0,2249.0,2249.0,
4806,2023-04-12 00:00:00,56.16,56.56,56.56,56.16,16351,2250.0,2250.0,
4807,2023-04-13 00:00:00,56.41,56.41,56.41,56.41,0,2251.0,2251.0,
4808,2023-04-14 00:00:00,56.61,56.74,56.76,56.61,62,2252.0,2252.0,
4809,2023-04-17 00:00:00,56.77,56.84,57.0,56.77,611,2253.0,2253.0,
4810,2023-04-18 00:00:00,56.76,57.05,57.05,56.76,979,2254.0,2254.0,
4811,2023-04-19 00:00:00,56.74,56.72,56.74,56.72,6,2255.0,2255.0,
4812,2023-04-20 00:00:00,56.92,56.79,56.92,56.65,9,2256.0,2256.0,
4813,2023-04-21 00:00:00,56.8,56.8,56.8,56.8,18,2257.0,2257.0,
4814,2023-04-24 00:00:00,56.87,57.1,57.1,56.87,153,2258.0,2258.0,
4815,2023-04-25 00:00:00,56.69,56.73,56.73,56.69,11,2259.0,2259.0,
4816,2023-04-26 00:00:00,56.39,56.34,56.39,56.22,487,2260.0,2260.0,
4817,2023-04-27 00:00:00,56.27,56.57,56.6,56.27,10,2261.0,2261.0,
4818,2023-04-28 00:00:00,56.78,56.47,56.78,56.47,109,2262.0,2262.0,
4819,2023-05-02 00:00:00,56.89,56.52,56.89,56.52,91,2263.0,2263.0,
4820,2023-05-03 00:00:00,56.22,56.24,56.35,56.22,16,2264.0,2264.0,
4821,2023-05-04 00:00:00,56.05,55.89,56.05,55.67,1687,2265.0,2265.0,
4822,2023-05-05 00:00:00,56.18,56.63,56.63,56.18,16,2266.0,2266.0,
4823,2023-05-08 00:00:00,56.72,56.83,56.83,56.72,142,2267.0,2267.0,
4824,2023-05-09 00:00:00,56.74,56.54,56.74,56.54,62,2268.0,2268.0,
4825,2023-05-10 00:00:00,56.71,56.71,56.71,56.71,2,2269.0,2269.0,
4826,2023-05-11 00:00:00,56.75,56.75,56.75,56.75,2,2270.0,2270.0,
4827,2023-05-12 00:00:00,56.78,56.59,56.78,56.58,10007,2271.0,2271.0,
4828,2023-05-15 00:00:00,56.8,56.61,56.8,56.61,3540,2272.0,2272.0,
4829,2023-05-16 00:00:00,56.59,56.5,56.69,56.5,2162,2273.0,2273.0,
4830,2023-05-17 00:00:00,56.44,56.66,56.66,56.44,1417,2274.0,2274.0,
4831,2023-05-18 00:00:00,56.89,57.22,57.22,56.89,290,2275.0,2275.0,
4832,2023-05-19 00:00:00,57.25,57.56,57.56,57.25,1231,2276.0,2276.0,
4833,2023-05-22 00:00:00,57.39,57.39,57.47,57.39,21244,2277.0,2277.0,
4834,2023-05-23 00:00:00,57.33,57.11,57.41,57.11,24685,2278.0,2278.0,
4835,2023-05-24 00:00:00,56.51,56.0,56.51,56.0,2680,2279.0,2279.0,
4836,2023-05-25 00:00:00,56.12,56.07,56.17,56.07,1852,2280.0,2280.0,
4837,2023-05-26 00:00:00,56.2,56.86,56.86,55.91,359,2281.0,2281.0,
4838,2023-05-29 00:00:00,57.08,56.64,57.08,56.64,901,2282.0,2282.0,
4839,2023-05-30 00:00:00,56.53,56.3,56.79,56.3,2492,2283.0,2283.0,
4840,2023-05-31 00:00:00,55.79,55.5,56.1,55.5,127,2284.0,2284.0,
4841,2023-06-01 00:00:00,56.04,55.93,56.05,55.93,0,2285.0,2285.0,
4842,2023-06-02 00:00:00,56.3,56.66,56.71,56.3,19130,2286.0,2286.0,
4843,2023-06-05 00:00:00,56.86,56.44,56.88,56.44,1090,2287.0,2287.0,
4844,2023-06-06 00:00:00,56.47,56.35,56.47,56.35,7472,2288.0,2288.0,
4845,2023-06-07 00:00:00,56.62,56.62,56.62,56.62,9,2289.0,2289.0,
4846,2023-06-08 00:00:00,56.43,56.62,56.62,56.43,5,2290.0,2290.0,
4847,2023-06-09 00:00:00,56.68,56.54,56.68,56.47,192,2291.0,2291.0,
4848,2023-06-12 00:00:00,56.79,56.91,56.91,56.79,8,2292.0,2292.0,
4849,2023-06-13 00:00:00,57.14,57.18,57.18,56.93,50,2293.0,2293.0,
4850,2023-06-14 00:00:00,57.21,57.29,57.29,57.21,20,2294.0,2294.0,
4851,2023-06-15 00:00:00,57.44,57.16,57.44,57.1,77479,2295.0,2295.0,
4852,2023-06-16 00:00:00,57.39,57.55,57.55,57.39,14,2296.0,2296.0,
4853,2023-06-19 00:00:00,57.37,57.29,57.37,57.29,3944,2297.0,2297.0,
4854,2023-06-20 00:00:00,56.92,57.07,57.07,56.8,6318,2298.0,2298.0,
4855,2023-06-21 00:00:00,56.72,56.72,56.72,56.72,0,2299.0,2299.0,
4856,2023-06-22 00:00:00,56.08,56.04,56.08,56.04,10,2300.0,2300.0,
4857,2023-06-23 00:00:00,56.03,56.03,56.03,56.03,0,2301.0,2301.0,
4858,2023-06-26 00:00:00,56.03,55.89,56.03,55.89,16,2302.0,2302.0,
4859,2023-06-27 00:00:00,56.28,55.99,56.28,55.99,8,2303.0,2303.0,
4860,2023-06-28 00:00:00,56.58,56.68,56.73,56.58,12,2304.0,2304.0,
4861,2023-06-29 00:00:00,56.86,56.92,56.92,56.86,6,2305.0,2305.0,
4862,2023-06-30 00:00:00,57.04,57.57,57.57,57.04,939,2306.0,2306.0,
4863,2023-07-03 00:00:00,57.68,57.6,57.68,57.6,2334,2307.0,2307.0,
4864,2023-07-04 00:00:00,57.58,57.58,57.58,57.58,0,2308.0,2308.0,
4865,2023-07-05 00:00:00,57.07,57.0,57.11,57.0,20,2309.0,2309.0,
4866,2023-07-06 00:00:00,56.44,55.46,56.44,55.45,130,2310.0,2310.0,
4867,2023-07-07 00:00:00,55.48,55.8,55.8,55.48,56900,2311.0,2311.0,
4868,2023-07-10 00:00:00,55.57,56.06,56.06,55.57,8,2312.0,2312.0,
4869,2023-07-11 00:00:00,56.15,56.47,56.59,56.08,48215,2313.0,2313.0,
4870,2023-07-12 00:00:00,56.61,56.61,56.61,56.61,0,2314.0,2314.0,
4871,2023-07-13 00:00:00,57.39,57.8,57.8,57.39,2696,2315.0,2315.0,
4872,2023-07-14 00:00:00,57.71,57.79,57.79,57.71,75,2316.0,2316.0,
4873,2023-07-17 00:00:00,57.4,57.39,57.6,57.21,1274,2317.0,2317.0,
4874,2023-07-18 00:00:00,57.29,57.29,57.29,57.29,0,2318.0,2318.0,
4875,2023-07-19 00:00:00,57.85,57.69,57.9,57.67,1696,2319.0,2319.0,
4876,2023-07-20 00:00:00,57.44,57.76,57.76,57.44,14665,2320.0,2320.0,
4877,2023-07-21 00:00:00,57.62,57.62,57.62,57.62,0,2321.0,2321.0,
4878,2023-07-24 00:00:00,57.71,57.94,57.94,57.71,13811,2322.0,2322.0,
4879,2023-07-25 00:00:00,57.94,57.94,57.98,57.82,14295,2323.0,2323.0,
4880,2023-07-26 00:00:00,57.75,57.46,57.75,57.13,12652,2324.0,2324.0,
4881,2023-07-27 00:00:00,57.9,58.61,58.61,57.9,188,2325.0,2325.0,
4882,2023-07-28 00:00:00,58.47,58.68,58.72,58.32,462,2326.0,2326.0,
4883,2023-07-31 00:00:00,58.61,58.78,58.78,58.61,61,2327.0,2327.0,
4884,2023-08-01 00:00:00,58.52,58.0,58.55,58.0,20,2328.0,2328.0,
4885,2023-08-02 00:00:00,57.21,57.29,57.56,57.0,460,2329.0,2329.0,
4886,2023-08-03 00:00:00,56.88,56.52,56.93,56.52,583,2330.0,2330.0,
4887,2023-08-04 00:00:00,56.92,56.98,56.99,56.92,944,2331.0,2331.0,
4888,2023-08-07 00:00:00,56.98,57.03,57.03,56.84,104,2332.0,2332.0,
4889,2023-08-08 00:00:00,56.78,56.49,56.91,56.39,3146,2333.0,2333.0,
4890,2023-08-09 00:00:00,57.16,57.13,57.16,57.13,13,2334.0,2334.0,
4891,2023-08-10 00:00:00,57.2,57.27,57.46,57.2,74,2335.0,2335.0,
4892,2023-08-11 00:00:00,57.27,56.95,57.27,56.89,7011,2336.0,2336.0,
4893,2023-08-14 00:00:00,56.87,56.98,57.08,56.87,1551,2337.0,2337.0,
4894,2023-08-15 00:00:00,57.08,56.47,57.08,56.47,483,2338.0,2338.0,
4895,2023-08-16 00:00:00,56.43,56.43,56.43,56.43,590,2339.0,2339.0,
4896,2023-08-17 00:00:00,56.23,55.83,56.41,55.83,6248,2340.0,2340.0,
4897,2023-08-18 00:00:00,55.59,55.38,55.6,55.34,333,2341.0,2341.0,
4898,2023-08-21 00:00:00,55.75,55.75,55.95,55.74,100,2342.0,2342.0,
4899,2023-08-22 00:00:00,56.08,56.08,56.08,56.08,0,2343.0,2343.0,
4900,2023-08-23 00:00:00,56.36,56.32,56.36,56.32,9,2344.0,2344.0,
4901,2023-08-24 00:00:00,56.87,55.98,56.87,55.98,265,2345.0,2345.0,
4902,2023-08-25 00:00:00,55.85,55.85,55.85,55.85,0,2346.0,2346.0,
4903,2023-08-28 00:00:00,56.45,56.73,56.73,56.41,22,2347.0,2347.0,
4904,2023-08-29 00:00:00,56.87,56.87,56.92,56.85,9899,2348.0,2348.0,
4905,2023-08-30 00:00:00,57.22,57.12,57.26,56.97,21,2349.0,2349.0,
4906,2023-08-31 00:00:00,57.05,57.13,57.25,57.05,10,2350.0,2350.0,
4907,2023-09-01 00:00:00,56.82,56.98,56.98,56.82,300,2351.0,2351.0,
4908,2023-09-04 00:00:00,57.0,56.82,57.05,56.82,646,2352.0,2352.0,
4909,2023-09-05 00:00:00,56.26,56.51,56.55,56.23,35409,2353.0,2353.0,
4910,2023-09-06 00:00:00,56.06,56.02,56.1,55.99,41,2354.0,2354.0,
4911,2023-09-07 00:00:00,55.81,55.81,55.81,55.81,2,2355.0,2355.0,
4912,2023-09-08 00:00:00,55.93,55.65,55.93,55.49,1643,2356.0,2356.0,
4913,2023-09-11 00:00:00,56.18,56.13,56.25,56.13,111,2357.0,2357.0,
4914,2023-09-12 00:00:00,56.23,56.23,56.23,56.23,0,2358.0,2358.0,
4915,2023-09-13 00:00:00,55.72,55.5,55.78,55.5,30,2359.0,2359.0,
4916,2023-09-14 00:00:00,55.74,56.23,56.23,55.71,1059,2360.0,2360.0,
4917,2023-09-15 00:00:00,56.9,56.84,56.94,56.83,253,2361.0,2361.0,
4918,2023-09-18 00:00:00,56.51,55.93,56.51,55.93,29,2362.0,2362.0,
4919,2023-09-19 00:00:00,55.89,55.91,55.91,55.89,102,2363.0,2363.0,
4920,2023-09-20 00:00:00,56.08,56.08,56.08,56.08,0,2364.0,2364.0,
4921,2023-09-21 00:00:00,56.02,55.74,56.02,55.74,1705,2365.0,2365.0,
4922,2023-09-22 00:00:00,55.22,55.42,55.46,55.22,18,2366.0,2366.0,
4923,2023-09-25 00:00:00,55.29,54.91,55.29,54.77,96,2367.0,2367.0,
4924,2023-09-26 00:00:00,54.61,54.6,54.61,54.6,2,2368.0,2368.0,
4925,2023-09-27 00:00:00,54.49,54.49,54.49,54.49,2,2369.0,2369.0,
4926,2023-09-28 00:00:00,54.41,54.41,54.41,54.41,0,2370.0,2370.0,
4927,2023-09-29 00:00:00,55.01,55.43,55.43,55.0,124,2371.0,2371.0,
4928,2023-10-02 00:00:00,55.14,54.43,55.15,54.27,35,2372.0,2372.0,
4929,2023-10-03 00:00:00,54.21,53.89,54.23,53.89,15,2373.0,2373.0,
4930,2023-10-04 00:00:00,53.47,53.65,53.95,53.47,292,2374.0,2374.0,
4931,2023-10-05 00:00:00,53.93,54.0,54.0,53.93,452,2375.0,2375.0,
4932,2023-10-06 00:00:00,53.95,54.12,54.12,53.95,23,2376.0,2376.0,
4933,2023-10-09 00:00:00,54.09,54.07,54.09,54.07,9,2377.0,2377.0,
4934,2023-10-10 00:00:00,54.55,55.1,55.1,54.55,506,2378.0,2378.0,
4935,2023-10-11 00:00:00,54.83,54.96,54.96,54.83,567,2379.0,2379.0,
4936,2023-10-12 00:00:00,55.29,55.33,55.33,55.29,2064,2380.0,2380.0,
4937,2023-10-13 00:00:00,54.87,54.49,54.87,54.49,39,2381.0,2381.0,
4938,2023-10-16 00:00:00,54.42,54.32,54.48,54.26,149,2382.0,2382.0,
4939,2023-10-17 00:00:00,54.27,54.1,54.27,54.1,40,2383.0,2383.0,
4940,2023-10-18 00:00:00,54.17,54.17,54.17,54.17,2,2384.0,2384.0,
4941,2023-10-19 00:00:00,53.57,53.43,53.59,53.29,4450,2385.0,2385.0,
4942,2023-10-20 00:00:00,52.85,52.7,52.89,52.7,25,2386.0,2386.0,
4943,2023-10-23 00:00:00,52.71,52.65,52.71,52.18,751,2387.0,2387.0,
4944,2023-10-24 00:00:00,52.88,53.0,53.0,52.64,3,2388.0,2388.0,
4945,2023-10-25 00:00:00,53.0,52.9,53.0,52.9,19,2389.0,2389.0,
4946,2023-10-26 00:00:00,52.57,52.9,52.9,52.57,1,2390.0,2390.0,
4947,2023-10-27 00:00:00,52.71,52.84,52.84,52.71,4,2391.0,2391.0,
4948,2023-10-30 00:00:00,52.72,52.87,52.93,52.72,215,2392.0,2392.0,
4949,2023-10-31 00:00:00,52.77,53.22,53.22,52.77,2000,2393.0,2393.0,
4950,2023-11-01 00:00:00,53.31,53.31,53.31,53.31,292,2394.0,2394.0,
4951,2023-11-02 00:00:00,53.97,54.68,54.68,53.97,178,2395.0,2395.0,
4952,2023-11-03 00:00:00,54.7,54.85,54.89,54.7,295,2396.0,2396.0,
4953,2023-11-06 00:00:00,54.89,54.64,54.89,54.64,110,2397.0,2397.0,
4954,2023-11-07 00:00:00,54.36,54.36,54.36,54.36,0,2398.0,2398.0,
4955,2023-11-08 00:00:00,54.2,54.2,54.2,54.2,0,2399.0,2399.0,
4956,2023-11-09 00:00:00,54.77,55.08,55.08,54.77,1000,2400.0,2400.0,
4957,2023-11-10 00:00:00,55.0,54.69,55.0,54.69,27,2401.0,2401.0,
4958,2023-11-13 00:00:00,55.08,55.08,55.08,55.08,0,2402.0,2402.0,
4959,2023-11-14 00:00:00,55.33,55.48,55.52,55.33,788,2403.0,2403.0,
4960,2023-11-15 00:00:00,56.32,56.46,56.53,56.32,268,2404.0,2404.0,
4961,2023-11-16 00:00:00,56.43,56.42,56.43,56.42,6,2405.0,2405.0,
4962,2023-11-17 00:00:00,56.43,56.61,56.61,56.43,64,2406.0,2406.0,
4963,2023-11-20 00:00:00,56.82,56.82,56.82,56.82,1,2407.0,2407.0,
4964,2023-11-21 00:00:00,56.81,56.63,56.81,56.63,246,2408.0,2408.0,
4965,2023-11-22 00:00:00,56.75,56.79,56.79,56.75,8,2409.0,2409.0,
4966,2023-11-23 00:00:00,56.89,56.93,56.93,56.89,125,2410.0,2410.0,
4967,2023-11-24 00:00:00,56.97,57.12,57.12,56.97,2149,2411.0,2411.0,
4968,2023-11-27 00:00:00,57.16,57.21,57.21,57.16,1128,2412.0,2412.0,
4969,2023-11-28 00:00:00,56.81,56.84,56.84,56.57,61,2413.0,2413.0,
4970,2023-11-29 00:00:00,56.92,57.23,57.23,56.92,274,2414.0,2414.0,
4971,2023-11-30 00:00:00,57.27,57.42,57.47,57.27,12564,2415.0,2415.0,
4972,2023-12-01 00:00:00,57.65,57.75,57.75,57.65,47,2416.0,2416.0,
4973,2023-12-04 00:00:00,57.79,57.81,57.87,57.79,444,2417.0,2417.0,
4974,2023-12-05 00:00:00,57.78,58.16,58.16,57.78,29,2418.0,2418.0,
4975,2023-12-06 00:00:00,58.33,58.69,58.69,58.33,50,2419.0,2419.0,
4976,2023-12-07 00:00:00,58.49,58.49,58.49,58.49,0,2420.0,2420.0,
4977,2023-12-08 00:00:00,58.49,58.71,58.71,58.49,789,2421.0,2421.0,
4978,2023-12-11 00:00:00,59.24,59.17,59.24,58.97,15946,2422.0,2422.0,
4979,2023-12-12 00:00:00,57.81,57.63,57.81,57.62,2969,2423.0,2423.0,
4980,2023-12-13 00:00:00,57.68,57.56,57.78,57.56,1799,2424.0,2424.0,
4981,2023-12-14 00:00:00,58.31,58.26,58.31,58.22,79,2425.0,2425.0,
4982,2023-12-15 00:00:00,58.17,58.08,58.17,57.98,2243,2426.0,2426.0,
4983,2023-12-18 00:00:00,57.85,57.91,57.91,57.79,105,2427.0,2427.0,
4984,2023-12-19 00:00:00,57.78,57.92,57.92,57.78,9,2428.0,2428.0,
4985,2023-12-20 00:00:00,58.01,57.72,58.01,57.72,3,2429.0,2429.0,
4986,2023-12-21 00:00:00,57.65,57.69,57.69,57.56,4,2430.0,2430.0,
4987,2023-12-22 00:00:00,57.64,57.75,57.76,57.64,2613,2431.0,2431.0,
4988,2023-12-27 00:00:00,58.0,57.96,58.0,57.96,15081,2432.0,2432.0,
4989,2023-12-28 00:00:00,58.04,57.76,58.04,57.76,670,2433.0,2433.0,
4990,2023-12-29 00:00:00,57.85,57.92,57.92,57.85,5,2434.0,2434.0,
4991,2024-01-02 00:00:00,58.14,57.77,58.14,57.46,503,2435.0,2435.0,
4992,2024-01-03 00:00:00,57.75,56.89,57.75,56.89,5039,2436.0,2436.0,
4993,2024-01-04 00:00:00,57.14,57.28,57.28,56.98,492,2437.0,2437.0,
4994,2024-01-05 00:00:00,56.87,56.74,56.87,56.66,124,2438.0,2438.0,
4995,2024-01-08 00:00:00,57.18,57.41,57.41,57.16,16,2439.0,2439.0,
4996,2024-01-09 00:00:00,57.5,57.25,57.5,57.25,136,2440.0,2440.0,
4997,2024-01-10 00:00:00,57.23,57.26,57.37,57.12,3511,2441.0,2441.0,
4998,2024-01-11 00:00:00,57.55,56.94,57.55,56.94,86808,2442.0,2442.0,
4999,2024-01-12 00:00:00,57.28,57.49,57.59,57.25,23519,2443.0,2443.0,
5000,2024-01-15 00:00:00,57.49,57.19,57.49,57.19,1739,2444.0,2444.0,
5001,2024-01-16 00:00:00,56.71,57.02,57.02,56.71,12670,2445.0,2445.0,
5002,2024-01-17 00:00:00,56.42,56.3,56.43,56.3,681,2446.0,2446.0,
5003,2024-01-18 00:00:00,56.64,57.05,57.05,56.58,2690,2447.0,2447.0,
5004,2024-01-19 00:00:00,57.34,56.98,57.34,56.87,12697,2448.0,2448.0,
5005,2024-01-22 00:00:00,57.52,57.45,57.52,57.32,6122,2449.0,2449.0,
5006,2024-01-23 00:00:00,57.6,57.37,57.6,57.3,11921,2450.0,2450.0,
5007,2024-01-24 00:00:00,58.04,58.3,58.3,57.84,27793,2451.0,2451.0,
5008,2024-01-25 00:00:00,58.21,58.45,58.47,58.17,12420,2452.0,2452.0,
5009,2024-01-26 00:00:00,58.66,59.04,59.1,58.59,32226,2453.0,2453.0,
5010,2024-01-29 00:00:00,58.99,59.0,59.0,58.82,26885,2454.0,2454.0,
5011,2024-01-30 00:00:00,59.14,59.24,59.26,59.14,1722,2455.0,2455.0,
5012,2024-01-31 00:00:00,59.25,59.18,59.37,59.18,4905,2456.0,2456.0,
5013,2024-02-01 00:00:00,58.82,58.78,59.13,58.78,2671,2457.0,2457.0,
5014,2024-02-02 00:00:00,59.23,58.98,59.27,58.98,7327,2458.0,2458.0,
5015,2024-02-05 00:00:00,59.04,58.88,59.04,58.86,726,2459.0,2459.0,
5016,2024-02-06 00:00:00,59.24,59.33,59.33,59.02,798,2460.0,2460.0,
5017,2024-02-07 00:00:00,59.32,59.27,59.32,59.16,6189,2461.0,2461.0,
5018,2024-02-08 00:00:00,59.3,59.45,59.6,59.3,12133,2462.0,2462.0,
5019,2024-02-09 00:00:00,59.42,59.51,59.51,59.42,58,2463.0,2463.0,
5020,2024-02-12 00:00:00,59.61,59.75,59.75,59.61,99,2464.0,2464.0,
5021,2024-02-13 00:00:00,59.64,59.15,59.64,59.14,2086,2465.0,2465.0,
5022,2024-02-14 00:00:00,59.21,59.39,59.39,59.21,1357,2466.0,2466.0,
5023,2024-02-15 00:00:00,59.74,59.88,59.95,59.74,64638,2467.0,2467.0,
5024,2024-02-16 00:00:00,60.15,60.08,60.24,59.97,5986,2468.0,2468.0,
5025,2024-02-19 00:00:00,60.0,60.1,60.1,59.93,5393,2469.0,2469.0,
5026,2024-02-20 00:00:00,59.96,59.97,59.97,59.93,685,2470.0,2470.0,
5027,2024-02-21 00:00:00,60.06,60.14,60.15,60.06,9160,2471.0,2471.0,
5028,2024-02-22 00:00:00,60.87,60.95,61.07,60.8,3313,2472.0,2472.0,
5029,2024-02-23 00:00:00,60.98,61.18,61.18,60.9,15487,2473.0,2473.0,
5030,2024-02-26 00:00:00,61.08,61.02,61.08,61.0,6756,2474.0,2474.0,
5031,2024-02-27 00:00:00,60.99,61.28,61.28,60.96,4403,2475.0,2475.0,
5032,2024-02-28 00:00:00,61.2,61.06,61.2,61.06,7574,2476.0,2476.0,
5033,2024-02-29 00:00:00,61.22,61.22,61.22,61.22,0,2477.0,2477.0,
5034,2024-03-01 00:00:00,61.39,61.39,61.39,61.37,3855,2478.0,2478.0,
5035,2024-03-04 00:00:00,61.41,61.46,61.47,61.41,8,2479.0,2479.0,
5036,2024-03-05 00:00:00,61.37,61.31,61.48,61.31,181,2480.0,2480.0,
5037,2024-03-06 00:00:00,61.33,61.56,61.64,61.33,8193,2481.0,2481.0,
5038,2024-03-07 00:00:00,61.35,62.23,62.23,61.35,3812,2482.0,2482.0,
5039,2024-03-08 00:00:00,62.22,62.09,62.22,62.09,198,2483.0,2483.0,
5040,2024-03-11 00:00:00,61.63,61.8,61.8,61.63,205,2484.0,2484.0,
5041,2024-03-12 00:00:00,62.03,62.03,62.03,62.03,0,2485.0,2485.0,
5042,2024-03-13 00:00:00,62.44,62.57,62.57,62.44,1,2486.0,2486.0,
5043,2024-03-14 00:00:00,62.75,62.3,62.8,62.23,141578,2487.0,2487.0,
5044,2024-03-15 00:00:00,62.32,62.35,62.62,62.32,41807,2488.0,2488.0,
5045,2024-03-18 00:00:00,62.37,62.3,62.37,62.3,19,2489.0,2489.0,
5046,2024-03-19 00:00:00,62.14,62.43,62.43,62.13,16002,2490.0,2490.0,
5047,2024-03-20 00:00:00,62.26,62.42,62.53,62.25,2404,2491.0,2491.0,
5048,2024-03-21 00:00:00,63.09,62.89,63.09,62.75,789,2492.0,2492.0,
5049,2024-03-22 00:00:00,62.87,62.98,63.02,62.73,82484,2493.0,2493.0,
5050,2024-03-25 00:00:00,63.0,62.9,63.0,62.9,1179,2494.0,2494.0,
5051,2024-03-26 00:00:00,63.19,63.05,63.19,63.05,8,2495.0,2495.0,
5052,2024-03-27 00:00:00,63.43,63.56,63.56,63.43,164,2496.0,2496.0,
5053,2024-03-28 00:00:00,63.72,63.6,63.75,63.6,37,2497.0,2497.0,
5054,2024-04-02 00:00:00,64.15,63.15,64.15,63.09,431,2498.0,2498.0,
5055,2024-04-03 00:00:00,63.18,63.16,63.18,63.16,111,2499.0,2499.0,
5056,2024-04-04 00:00:00,63.4,63.47,63.51,63.4,2465,2500.0,2500.0,
5057,2024-04-05 00:00:00,62.74,62.79,62.79,62.41,166123,2501.0,2501.0,
5058,2024-04-08 00:00:00,62.77,63.22,63.23,62.77,9434,2502.0,2502.0,
5059,2024-04-09 00:00:00,62.97,62.69,63.11,62.69,17203,2503.0,2503.0,
5060,2024-04-10 00:00:00,63.07,62.72,63.2,62.29,5714,2504.0,2504.0,
5061,2024-04-11 00:00:00,62.77,62.43,62.78,62.43,1021,2505.0,2505.0,
5062,2024-04-12 00:00:00,63.02,63.02,63.02,63.02,0,2506.0,2506.0,
5063,2024-04-15 00:00:00,62.68,62.92,62.92,62.68,6,2507.0,2507.0,
5064,2024-04-16 00:00:00,61.75,61.68,61.78,61.68,7851,2508.0,2508.0,
5065,2024-04-17 00:00:00,61.74,61.75,62.14,61.62,5219,2509.0,2509.0,
5066,2024-04-18 00:00:00,61.92,61.99,61.99,61.79,7405,2510.0,2510.0,
5067,2024-04-19 00:00:00,61.45,61.75,61.79,61.45,2318,2511.0,2511.0,
5068,2024-04-22 00:00:00,62.28,62.12,62.28,61.87,2720,2512.0,2512.0,
5069,2024-04-23 00:00:00,62.65,62.99,62.99,62.56,4681,2513.0,2513.0,
5070,2024-04-24 00:00:00,63.22,62.96,63.24,62.96,1140,2514.0,2514.0,
5071,2024-04-25 00:00:00,62.75,62.49,62.75,62.44,2179,2515.0,2515.0,
5072,2024-04-26 00:00:00,62.79,63.16,63.19,62.77,5091,2516.0,2516.0,
5073,2024-04-29 00:00:00,63.48,63.1,63.48,63.1,14,2517.0,2517.0,
5074,2024-04-30 00:00:00,63.18,62.49,63.18,62.49,132,2518.0,2518.0,
5075,2024-05-02 00:00:00,62.2,62.36,62.51,62.2,2699,2519.0,2519.0,
5076,2024-05-03 00:00:00,62.67,62.68,62.98,62.5,23776,2520.0,2520.0,
5077,2024-05-06 00:00:00,62.81,63.15,63.15,62.76,33,2521.0,2521.0,
5078,2024-05-07 00:00:00,63.51,63.81,63.84,63.27,7238,2522.0,2522.0,
5079,2024-05-08 00:00:00,64.01,64.1,64.1,64.01,990,2523.0,2523.0,
5080,2024-05-09 00:00:00,64.14,64.14,64.14,64.14,0,2524.0,2524.0,
5081,2024-05-10 00:00:00,64.77,64.86,64.86,64.77,20,2525.0,2525.0,
5082,2024-05-13 00:00:00,64.99,64.84,64.99,64.7,3176,2526.0,2526.0,
5083,2024-05-14 00:00:00,64.84,64.91,64.92,64.79,553,2527.0,2527.0,
5084,2024-05-15 00:00:00,65.09,65.34,65.34,65.02,148,2528.0,2528.0,
5085,2024-05-16 00:00:00,65.38,65.08,65.38,65.08,598,2529.0,2529.0,
5086,2024-05-17 00:00:00,65.07,65.04,65.07,64.79,1074,2530.0,2530.0,
5087,2024-05-20 00:00:00,65.2,65.23,65.28,65.14,15,2531.0,2531.0,
5088,2024-05-21 00:00:00,65.07,64.96,65.07,64.85,5548,2532.0,2532.0,
5089,2024-05-22 00:00:00,64.86,64.74,64.89,64.7,81159,2533.0,2533.0,
5090,2024-05-23 00:00:00,64.96,64.81,65.08,64.81,1294,2534.0,2534.0,
5091,2024-05-24 00:00:00,64.33,64.74,64.74,64.33,14407,2535.0,2535.0,
5092,2024-05-27 00:00:00,64.87,64.99,64.99,64.87,239,2536.0,2536.0,
5093,2024-05-28 00:00:00,65.32,64.74,65.32,64.74,397,2537.0,2537.0,
5094,2024-05-29 00:00:00,64.71,64.03,64.71,64.03,880,2538.0,2538.0,
5095,2024-05-30 00:00:00,63.93,64.01,64.01,63.87,1569,2539.0,2539.0,
5096,2024-05-31 00:00:00,64.27,64.2,64.41,64.04,121197,2540.0,2540.0,
5097,2024-06-03 00:00:00,64.88,64.83,64.88,64.58,98,2541.0,2541.0,
5098,2024-06-04 00:00:00,64.4,64.4,64.4,64.4,45,2542.0,2542.0,
5099,2024-06-05 00:00:00,64.37,64.89,64.89,64.37,3014,2543.0,2543.0,
5100,2024-06-06 00:00:00,65.21,65.28,65.33,65.08,178450,2544.0,2544.0,
5101,2024-06-07 00:00:00,65.28,65.04,65.28,64.63,73386,2545.0,2545.0,
5102,2024-06-10 00:00:00,64.3,64.54,64.54,64.17,5663,2546.0,2546.0,
5103,2024-06-11 00:00:00,64.74,63.85,64.74,63.59,54657,2547.0,2547.0,
5104,2024-06-12 00:00:00,64.03,64.19,64.19,64.03,574,2548.0,2548.0,
5105,2024-06-13 00:00:00,64.54,63.45,64.54,63.45,968,2549.0,2549.0,
5106,2024-06-14 00:00:00,63.51,62.32,63.51,62.32,5740,2550.0,2550.0,
5107,2024-06-17 00:00:00,62.65,62.59,62.65,62.49,29,2551.0,2551.0,
5108,2024-06-18 00:00:00,63.17,63.09,63.17,62.97,3102,2552.0,2552.0,
5109,2024-06-19 00:00:00,63.11,62.93,63.11,62.93,20,2553.0,2553.0,
5110,2024-06-20 00:00:00,62.97,63.61,63.61,62.97,189,2554.0,2554.0,
5111,2024-06-21 00:00:00,63.37,63.07,63.4,63.07,155,2555.0,2555.0,
5112,2014-06-23,44.01,43.77,44.01,43.77,1871,2556.0,0.0,0.0
5113,2014-06-24,43.87,43.71,43.87,43.71,45088,2557.0,1.0,1.0
5114,2014-06-25,43.52,43.29,43.52,43.29,535,2558.0,2.0,2.0
5115,2014-06-26,43.4,43.15,43.4,42.97,8591,2559.0,3.0,3.0
5116,2014-06-27,43.16,43.12,43.27,43.08,30765,2560.0,4.0,4.0
5117,2014-06-30,43.14,43.08,43.16,42.92,8244,2561.0,5.0,5.0
5118,2014-07-01,43.21,43.44,43.44,43.21,8824,2562.0,6.0,6.0
5119,2014-07-02,43.44,43.44,43.46,43.44,1946,2563.0,7.0,7.0
5120,2014-07-03,43.4,43.9,43.9,43.4,423,2564.0,8.0,8.0
5121,2014-07-04,43.82,43.65,43.82,43.65,698,2565.0,9.0,9.0
5122,2014-07-07,43.52,43.16,43.62,43.16,2091,2566.0,10.0,10.0
5123,2014-07-08,43.25,42.53,43.25,42.53,9027,2567.0,11.0,11.0
5124,2014-07-09,41.73,41.73,41.73,41.73,36,2568.0,12.0,12.0
5125,2014-07-10,41.61,41.04,41.61,40.87,896,2569.0,13.0,13.0
5126,2014-07-11,41.14,41.19,41.19,41.0,5239,2570.0,14.0,14.0
5127,2014-07-14,41.32,41.52,41.52,41.31,14300,2571.0,15.0,15.0
5128,2014-07-15,41.45,41.17,41.45,41.11,31268,2572.0,16.0,16.0
5129,2014-07-16,41.37,41.82,41.82,41.37,5758,2573.0,17.0,17.0
5130,2014-07-17,41.61,41.32,41.62,41.32,3445,2574.0,18.0,18.0
5131,2014-07-18,41.08,41.36,41.36,41.08,2804,2575.0,19.0,19.0
5132,2014-07-21,41.31,41.05,41.31,41.05,0,2576.0,20.0,20.0
5133,2014-07-22,41.23,41.56,41.62,41.23,11780,2577.0,21.0,21.0
5134,2014-07-23,41.56,41.68,41.84,41.56,318,2578.0,22.0,22.0
5135,2014-07-24,41.67,42.04,42.04,41.47,5000,2579.0,23.0,23.0
5136,2014-07-25,41.9,41.53,41.96,41.52,14570,2580.0,24.0,24.0
5137,2014-07-28,41.66,41.45,41.66,41.18,13507,2581.0,25.0,25.0
5138,2014-07-29,41.59,41.63,41.73,41.59,189,2582.0,26.0,26.0
5139,2014-07-30,41.56,41.42,41.56,41.42,128,2583.0,27.0,27.0
5140,2014-07-31,41.39,40.7,41.39,40.6,69489,2584.0,28.0,28.0
5141,2014-08-01,40.67,40.14,40.67,39.99,20687,2585.0,29.0,29.0
5142,2014-08-04,40.2,40.0,40.2,40.0,11719,2586.0,30.0,30.0
5143,2014-08-05,40.15,40.02,40.26,40.02,3965,2587.0,31.0,31.0
5144,2014-08-06,39.7,39.73,39.73,39.47,13765,2588.0,32.0,32.0
5145,2014-08-07,39.57,39.25,39.65,39.25,12932,2589.0,33.0,33.0
5146,2014-08-08,38.92,39.19,39.29,38.92,115331,2590.0,34.0,34.0
5147,2014-08-11,39.5,39.7,39.77,39.5,32938,2591.0,35.0,35.0
5148,2014-08-12,39.62,39.46,39.62,39.46,11102,2592.0,36.0,36.0
5149,2014-08-13,39.65,39.85,39.85,39.61,768,2593.0,37.0,37.0
5150,2014-08-14,39.65,39.88,39.88,39.65,0,2594.0,38.0,38.0
5151,2014-08-15,39.96,39.57,39.96,39.57,0,2595.0,39.0,39.0
5152,2014-08-18,40.09,40.07,40.1,40.0,7006,2596.0,40.0,40.0
5153,2014-08-19,40.24,40.36,40.41,40.24,10772,2597.0,41.0,41.0
5154,2014-08-20,40.35,40.33,40.35,40.27,1900,2598.0,42.0,42.0
5155,2014-08-21,40.32,40.77,40.77,40.32,9920,2599.0,43.0,43.0
5156,2014-08-22,40.74,40.52,40.74,40.52,0,2600.0,44.0,44.0
5157,2014-08-25,41.01,41.25,41.25,40.9,17379,2601.0,45.0,45.0
5158,2014-08-26,41.16,41.62,41.62,41.16,14848,2602.0,46.0,46.0
5159,2014-08-27,41.56,41.65,41.65,41.56,8099,2603.0,47.0,47.0
5160,2014-08-28,41.57,41.3,41.57,41.25,1404,2604.0,48.0,48.0
5161,2014-08-29,41.38,41.35,41.43,41.23,20388,2605.0,49.0,49.0
5162,2014-09-01,41.44,41.35,41.44,41.28,18338,2606.0,50.0,50.0
5163,2014-09-02,41.46,41.39,41.61,41.39,1050,2607.0,51.0,51.0
5164,2014-09-03,41.53,41.84,41.88,41.53,18989,2608.0,52.0,52.0
5165,2014-09-04,41.77,42.52,42.52,41.77,15000,2609.0,53.0,53.0
5166,2014-09-05,42.52,42.51,42.52,42.47,640,2610.0,54.0,54.0
5167,2014-09-08,42.49,42.45,42.49,42.33,2400,2611.0,55.0,55.0
5168,2014-09-09,42.4,42.19,42.4,42.19,0,2612.0,56.0,56.0
5169,2014-09-10,42.08,42.14,42.14,41.91,14636,2613.0,57.0,57.0
5170,2014-09-11,42.23,42.05,42.23,42.05,0,2614.0,58.0,58.0
5171,2014-09-12,42.1,42.01,42.1,42.01,0,2615.0,59.0,59.0
5172,2014-09-15,41.85,41.93,41.93,41.85,0,2616.0,60.0,60.0
5173,2014-09-16,41.83,41.77,41.83,41.77,0,2617.0,61.0,61.0
5174,2014-09-17,41.94,41.98,41.98,41.92,50,2618.0,62.0,62.0
5175,2014-09-18,42.09,42.37,42.37,42.09,44,2619.0,63.0,63.0
5176,2014-09-19,42.66,42.4,42.67,42.35,105464,2620.0,64.0,64.0
5177,2014-09-22,42.21,42.17,42.21,42.17,0,2621.0,65.0,65.0
5178,2014-09-23,42.02,41.55,42.02,41.54,3791,2622.0,66.0,66.0
5179,2014-09-24,41.59,41.89,41.95,41.49,1538,2623.0,67.0,67.0
5180,2014-09-25,41.91,41.41,42.08,41.41,557,2624.0,68.0,68.0
5181,2014-09-26,41.35,41.62,41.62,41.35,10388,2625.0,69.0,69.0
5182,2014-09-29,41.67,41.29,41.67,41.11,5936,2626.0,70.0,70.0
5183,2014-09-30,41.45,41.68,41.68,41.45,0,2627.0,71.0,71.0
5184,2014-10-01,41.6,41.3,41.69,41.3,25,2628.0,72.0,72.0
5185,2014-10-02,41.17,40.24,41.26,40.24,10776,2629.0,73.0,73.0
5186,2014-10-03,40.53,40.64,40.64,40.52,7002,2630.0,74.0,74.0
5187,2014-10-06,40.92,40.67,40.92,40.67,15000,2631.0,75.0,75.0
5188,2014-10-07,40.43,40.01,40.43,40.01,5468,2632.0,76.0,76.0
5189,2014-10-08,39.82,39.63,39.82,39.63,529,2633.0,77.0,77.0
5190,2014-10-09,40.03,39.48,40.04,39.48,550,2634.0,78.0,78.0
5191,2014-10-10,39.21,38.83,39.21,38.78,16076,2635.0,79.0,79.0
5192,2014-10-13,38.53,38.86,39.04,38.51,22438,2636.0,80.0,80.0
5193,2014-10-14,38.67,38.92,38.92,38.29,6768,2637.0,81.0,81.0
5194,2014-10-15,38.88,37.61,38.88,37.61,8750,2638.0,82.0,82.0
5195,2014-10-16,37.91,37.4,37.91,36.4,34492,2639.0,83.0,83.0
5196,2014-10-17,37.55,38.54,38.54,37.55,7311,2640.0,84.0,84.0
5197,2014-10-20,38.35,38.18,38.35,38.14,1150,2641.0,85.0,85.0
5198,2014-10-21,38.1,39.04,39.04,38.1,3307,2642.0,86.0,86.0
5199,2014-10-22,39.14,39.29,39.29,39.14,10257,2643.0,87.0,87.0
5200,2014-10-23,38.98,39.68,39.69,38.98,4983,2644.0,88.0,88.0
5201,2014-10-24,39.42,39.54,39.61,39.42,32653,2645.0,89.0,89.0
5202,2014-10-27,39.98,39.15,39.98,39.15,6896,2646.0,90.0,90.0
5203,2014-10-28,39.42,39.68,39.68,39.42,0,2647.0,91.0,91.0
5204,2014-10-29,39.87,39.57,39.87,39.57,59000,2648.0,92.0,92.0
5205,2014-10-30,39.87,39.78,39.87,39.78,218,2649.0,93.0,93.0
5206,2014-10-31,40.27,40.57,40.57,40.27,19879,2650.0,94.0,94.0
5207,2014-11-03,40.57,40.29,40.57,40.29,5110,2651.0,95.0,95.0
5208,2014-11-04,40.23,39.75,40.5,39.75,12921,2652.0,96.0,96.0
5209,2014-11-05,40.1,40.41,40.41,40.1,24459,2653.0,97.0,97.0
5210,2014-11-06,40.28,40.55,40.56,40.24,20802,2654.0,98.0,98.0
5211,2014-11-07,40.69,40.18,40.69,39.99,6536,2655.0,99.0,99.0
5212,2014-11-10,40.03,40.52,40.52,40.03,1104,2656.0,100.0,100.0
5213,2014-11-11,40.64,40.68,40.72,40.64,3049,2657.0,101.0,101.0
5214,2014-11-12,40.56,40.04,40.56,40.04,0,2658.0,102.0,102.0
5215,2014-11-13,40.25,40.14,40.29,40.14,1566,2659.0,103.0,103.0
5216,2014-11-14,40.3,40.24,40.3,40.15,306,2660.0,104.0,104.0
5217,2014-11-17,39.88,40.5,40.5,39.88,186,2661.0,105.0,105.0
5218,2014-11-18,40.56,40.95,40.95,40.56,24838,2662.0,106.0,106.0
5219,2014-11-19,40.92,40.94,41.1,40.92,6268,2663.0,107.0,107.0
5220,2014-11-20,40.88,40.73,40.99,40.73,5530,2664.0,108.0,108.0
5221,2014-11-21,40.9,41.83,41.9,40.9,2130,2665.0,109.0,109.0
5222,2014-11-24,41.86,42.07,42.26,41.86,18000,2666.0,110.0,110.0
5223,2014-11-25,42.11,42.28,42.28,42.11,0,2667.0,111.0,111.0
5224,2014-11-26,42.4,42.27,42.4,42.21,3617,2668.0,112.0,112.0
5225,2014-11-27,42.31,42.52,42.52,42.31,346,2669.0,113.0,113.0
5226,2014-11-28,42.53,42.59,42.6,42.34,17597,2670.0,114.0,114.0
5227,2014-12-01,42.36,42.38,42.43,42.23,270705,2671.0,115.0,115.0
5228,2014-12-02,42.49,42.48,42.57,42.4,1979,2672.0,116.0,116.0
5229,2014-12-03,42.55,42.64,42.64,42.47,873,2673.0,117.0,117.0
5230,2014-12-04,42.76,42.03,42.84,42.03,52679,2674.0,118.0,118.0
5231,2014-12-05,42.44,42.99,42.99,42.44,305,2675.0,119.0,119.0
5232,2014-12-08,42.76,42.69,42.93,42.69,10288,2676.0,120.0,120.0
5233,2014-12-09,42.24,41.64,42.33,41.64,52799,2677.0,121.0,121.0
5234,2014-12-10,41.72,41.29,41.77,41.17,30931,2678.0,122.0,122.0
5235,2014-12-11,41.29,41.35,41.4,41.22,23007,2679.0,123.0,123.0
5236,2014-12-12,41.04,40.27,41.04,40.27,30424,2680.0,124.0,124.0
5237,2014-12-15,40.17,39.26,40.49,39.26,29213,2681.0,125.0,125.0
5238,2014-12-16,39.44,40.11,40.11,39.01,1685,2682.0,126.0,126.0
5239,2014-12-17,39.58,40.01,40.2,39.58,22512,2683.0,127.0,127.0
5240,2014-12-18,40.6,41.3,41.3,40.6,19749,2684.0,128.0,128.0
5241,2014-12-19,41.58,41.24,41.58,40.94,12835,2685.0,129.0,129.0
5242,2014-12-22,41.45,41.48,41.55,41.31,7161,2686.0,130.0,130.0
5243,2014-12-23,41.92,41.92,41.92,41.92,0,2687.0,131.0,131.0
5244,2014-12-29,41.89,41.81,41.89,41.42,5118,2688.0,132.0,132.0
5245,2014-12-30,41.25,41.25,41.25,41.25,0,2689.0,133.0,133.0
5246,2015-01-02,41.68,41.35,41.68,41.35,94,2690.0,134.0,134.0
5247,2015-01-05,41.07,40.07,41.15,40.07,12790,2691.0,135.0,135.0
5248,2015-01-06,40.16,39.86,40.43,39.86,600,2692.0,136.0,136.0
5249,2015-01-07,40.05,40.06,40.13,40.05,215,2693.0,137.0,137.0
5250,2015-01-08,40.58,41.29,41.29,40.58,1058,2694.0,138.0,138.0
5251,2015-01-09,41.08,40.45,41.31,40.45,950,2695.0,139.0,139.0
5252,2015-01-12,40.66,40.86,40.97,40.42,25438,2696.0,140.0,140.0
5253,2015-01-13,40.77,41.49,41.49,40.77,949,2697.0,141.0,141.0
5254,2015-01-14,40.98,40.99,41.25,40.88,16320,2698.0,142.0,142.0
5255,2015-01-15,41.46,41.81,41.91,41.46,342168,2699.0,143.0,143.0
5256,2015-01-16,41.77,42.33,42.33,41.62,14895,2700.0,144.0,144.0
5257,2015-01-19,42.42,42.65,42.73,42.25,6370,2701.0,145.0,145.0
5258,2015-01-20,42.8,42.93,43.0,42.8,61888,2702.0,146.0,146.0
5259,2015-01-21,43.06,42.71,43.15,42.66,126738,2703.0,147.0,147.0
5260,2015-01-22,43.26,43.9,43.92,43.23,47179,2704.0,148.0,148.0
5261,2015-01-23,44.3,44.65,44.73,44.3,12212,2705.0,149.0,149.0
5262,2015-01-26,44.51,45.11,45.11,44.49,2024,2706.0,150.0,150.0
5263,2015-01-27,45.14,44.59,45.14,44.44,200877,2707.0,151.0,151.0
5264,2015-01-28,44.97,44.53,44.97,44.45,50595,2708.0,152.0,152.0
5265,2015-01-29,44.35,44.69,44.7,44.32,4792,2709.0,153.0,153.0
5266,2015-01-30,44.93,44.48,44.93,44.4,1292,2710.0,154.0,154.0
5267,2015-02-02,44.54,44.65,44.65,44.28,19433,2711.0,155.0,155.0
5268,2015-02-03,44.88,45.08,45.2,44.88,80921,2712.0,156.0,156.0
5269,2015-02-04,45.21,45.23,45.24,44.85,12154,2713.0,157.0,157.0
5270,2015-02-05,44.9,45.25,45.25,44.9,9316,2714.0,158.0,158.0
5271,2015-02-06,45.1,45.12,45.12,45.0,1100,2715.0,159.0,159.0
5272,2015-02-09,44.59,44.5,44.59,44.36,10258,2716.0,160.0,160.0
5273,2015-02-10,44.56,45.03,45.03,44.5,6925,2717.0,161.0,161.0
5274,2015-02-11,44.97,44.89,44.97,44.88,2459,2718.0,162.0,162.0
5275,2015-02-12,44.94,45.5,45.52,44.94,1198,2719.0,163.0,163.0
5276,2015-02-13,45.71,45.8,45.87,45.7,1345,2720.0,164.0,164.0
5277,2015-02-16,45.76,45.67,45.83,45.67,363,2721.0,165.0,165.0
5278,2015-02-17,45.47,45.68,45.68,45.17,12670,2722.0,166.0,166.0
5279,2015-02-18,45.82,46.09,46.09,45.82,121638,2723.0,167.0,167.0
5280,2015-02-19,45.96,46.38,46.38,45.94,16775,2724.0,168.0,168.0
5281,2015-02-20,46.2,46.42,46.49,46.05,28740,2725.0,169.0,169.0
5282,2015-02-23,46.9,46.83,46.9,46.66,1570,2726.0,170.0,170.0
5283,2015-02-24,46.91,47.12,47.2,46.75,2511,2727.0,171.0,171.0
5284,2015-02-25,47.13,47.02,47.13,46.98,15404,2728.0,172.0,172.0
5285,2015-02-26,47.11,47.45,47.45,47.07,6854,2729.0,173.0,173.0
5286,2015-02-27,47.52,47.71,47.72,47.33,37334,2730.0,174.0,174.0
5287,2015-03-02,47.77,47.69,47.78,47.61,433,2731.0,175.0,175.0
5288,2015-03-03,47.77,47.14,47.85,47.14,3894,2732.0,176.0,176.0
5289,2015-03-04,47.31,47.47,47.47,47.01,54464,2733.0,177.0,177.0
5290,2015-03-05,47.64,47.99,47.99,47.64,35,2734.0,178.0,178.0
5291,2015-03-06,48.06,48.08,48.19,48.03,4183,2735.0,179.0,179.0
5292,2015-03-09,47.83,47.97,48.02,47.83,5280,2736.0,180.0,180.0
5293,2015-03-10,47.98,47.51,47.98,47.38,25885,2737.0,181.0,181.0
5294,2015-03-11,47.7,48.56,48.56,47.65,9239,2738.0,182.0,182.0
5295,2015-03-12,48.57,48.52,48.61,48.52,12881,2739.0,183.0,183.0
5296,2015-03-13,48.7,48.73,48.73,48.43,4368,2740.0,184.0,184.0
5297,2015-03-16,48.87,49.37,49.47,48.87,2490,2741.0,185.0,185.0
5298,2015-03-17,49.4,48.86,49.41,48.76,3826,2742.0,186.0,186.0
5299,2015-03-18,48.99,48.76,48.99,48.4,21424,2743.0,187.0,187.0
5300,2015-03-19,48.9,48.91,49.05,48.86,302,2744.0,188.0,188.0
5301,2015-03-20,49.02,49.5,49.5,48.97,1984,2745.0,189.0,189.0
5302,2015-03-23,49.14,49.16,49.16,49.01,60473,2746.0,190.0,190.0
5303,2015-03-24,48.95,49.59,49.6,48.95,13682,2747.0,191.0,191.0
5304,2015-03-25,49.46,48.99,49.53,48.97,32177,2748.0,192.0,192.0
5305,2015-03-26,48.53,48.75,48.75,48.1,3547,2749.0,193.0,193.0
5306,2015-03-27,48.96,48.88,48.96,48.83,7641,2750.0,194.0,194.0
5307,2015-03-30,49.17,49.56,49.6,49.17,1638,2751.0,195.0,195.0
5308,2015-03-31,49.47,49.17,49.69,49.11,10683,2752.0,196.0,196.0
5309,2015-04-01,48.88,49.3,49.73,48.88,35119,2753.0,197.0,197.0
5310,2015-04-02,49.37,49.4,49.42,49.28,2313,2754.0,198.0,198.0
5311,2015-04-07,49.67,50.1,50.2,49.67,15518,2755.0,199.0,199.0
5312,2015-04-08,50.15,49.89,50.2,49.85,7151,2756.0,200.0,200.0
5313,2015-04-09,50.09,50.44,50.45,50.09,33758,2757.0,201.0,201.0
5314,2015-04-10,50.7,50.91,50.92,50.59,13582,2758.0,202.0,202.0
5315,2015-04-13,50.85,51.05,51.15,50.85,1640,2759.0,203.0,203.0
5316,2015-04-14,50.96,50.62,50.96,50.46,7447,2760.0,204.0,204.0
5317,2015-04-15,50.72,50.81,51.01,50.72,44388,2761.0,205.0,205.0
5318,2015-04-16,50.69,50.21,50.69,50.21,11873,2762.0,206.0,206.0
5319,2015-04-17,50.04,49.18,50.04,49.11,77229,2763.0,207.0,207.0
5320,2015-04-20,49.38,49.67,49.67,49.38,63122,2764.0,208.0,208.0
5321,2015-04-21,50.0,49.89,50.22,49.75,41322,2765.0,209.0,209.0
5322,2015-04-22,50.15,49.83,50.15,49.44,316,2766.0,210.0,210.0
5323,2015-04-23,49.97,49.49,49.97,49.3,2485,2767.0,211.0,211.0
5324,2015-04-24,49.82,49.79,49.98,49.6,1619,2768.0,212.0,212.0
5325,2015-04-27,49.87,50.51,50.51,49.53,13556,2769.0,213.0,213.0
5326,2015-04-28,50.4,49.71,50.4,49.55,6118,2770.0,214.0,214.0
5327,2015-04-29,49.99,48.39,49.99,48.39,322022,2771.0,215.0,215.0
5328,2015-04-30,48.34,48.45,48.54,47.9,19059,2772.0,216.0,216.0
5329,2015-05-04,48.54,48.81,48.95,48.31,26396,2773.0,217.0,217.0
5330,2015-05-05,48.73,47.73,49.25,47.64,27436,2774.0,218.0,218.0
5331,2015-05-06,47.7,47.75,48.11,47.5,18521,2775.0,219.0,219.0
5332,2015-05-07,47.47,47.88,47.88,46.93,41107,2776.0,220.0,220.0
5333,2015-05-08,48.19,49.06,49.06,48.15,11997,2777.0,221.0,221.0
5334,2015-05-11,49.0,48.94,49.0,48.78,19859,2778.0,222.0,222.0
5335,2015-05-12,48.55,48.35,48.55,48.01,3387,2779.0,223.0,223.0
5336,2015-05-13,48.55,48.19,48.88,48.05,19540,2780.0,224.0,224.0
5337,2015-05-14,47.95,48.84,48.84,47.95,1360,2781.0,225.0,225.0
5338,2015-05-15,48.93,48.55,49.07,48.55,4885,2782.0,226.0,226.0
5339,2015-05-18,48.44,48.81,48.82,48.28,52060,2783.0,227.0,227.0
5340,2015-05-19,49.32,49.79,49.79,49.32,6043,2784.0,228.0,228.0
5341,2015-05-20,49.79,49.95,49.95,49.61,2660,2785.0,229.0,229.0
5342,2015-05-21,49.91,50.02,50.04,49.82,21759,2786.0,230.0,230.0
5343,2015-05-22,50.03,49.94,50.03,49.91,250,2787.0,231.0,231.0
5344,2015-05-26,49.7,49.2,49.7,49.12,15012,2788.0,232.0,232.0
5345,2015-05-27,49.45,50.0,50.14,49.24,190240,2789.0,233.0,233.0
5346,2015-05-28,49.82,49.68,49.96,49.57,18995,2790.0,234.0,234.0
5347,2015-05-29,49.71,48.7,49.71,48.7,5809,2791.0,235.0,235.0
5348,2015-06-01,48.9,48.78,48.9,48.67,37260,2792.0,236.0,236.0
5349,2015-06-02,48.93,48.57,48.93,48.46,31318,2793.0,237.0,237.0
5350,2015-06-03,48.69,48.79,48.79,48.5,6019,2794.0,238.0,238.0
5351,2015-06-04,48.45,48.4,48.89,48.35,1214,2795.0,239.0,239.0
5352,2015-06-05,48.03,47.77,48.09,47.62,23019,2796.0,240.0,240.0
5353,2015-06-08,47.59,47.26,47.65,47.26,9896,2797.0,241.0,241.0
5354,2015-06-09,47.16,47.15,47.16,46.53,25418,2798.0,242.0,242.0
5355,2015-06-10,47.01,48.05,48.14,47.0,98628,2799.0,243.0,243.0
5356,2015-06-11,47.98,48.35,48.47,47.98,12885,2800.0,244.0,244.0
5357,2015-06-12,48.06,47.76,48.28,47.58,26412,2801.0,245.0,245.0
5358,2015-06-15,47.13,46.91,47.2,46.83,67181,2802.0,246.0,246.0
5359,2015-06-16,46.61,47.14,47.21,46.33,35936,2803.0,247.0,247.0
5360,2015-06-17,47.18,46.79,47.18,46.79,9000,2804.0,248.0,248.0
5361,2015-06-18,46.66,47.07,47.07,46.27,86663,2805.0,249.0,249.0
5362,2015-06-19,47.11,47.16,47.51,47.11,6111,2806.0,250.0,250.0
5363,2015-06-22,48.39,48.87,48.96,48.3,28658,2807.0,251.0,251.0
5364,2015-06-23,49.17,49.28,49.5,49.17,45469,2808.0,252.0,252.0
5365,2015-06-24,49.27,49.11,49.4,48.71,165610,2809.0,253.0,253.0
5366,2015-06-25,48.81,49.09,49.37,48.81,32597,2810.0,254.0,254.0
5367,2015-06-26,48.78,49.24,49.37,48.72,11711,2811.0,255.0,255.0
5368,2015-06-29,47.16,47.38,47.99,47.16,160129,2812.0,256.0,256.0
5369,2015-06-30,47.26,46.81,47.4,46.81,783,2813.0,257.0,257.0
5370,2015-07-01,47.15,47.72,48.09,47.15,6135,2814.0,258.0,258.0
5371,2015-07-02,47.78,47.31,47.78,47.3,52819,2815.0,259.0,259.0
5372,2015-07-03,47.21,47.05,47.33,46.84,63095,2816.0,260.0,260.0
5373,2015-07-06,46.13,46.14,46.64,46.13,55352,2817.0,261.0,261.0
5374,2015-07-07,46.2,45.2,46.2,45.2,52719,2818.0,262.0,262.0
5375,2015-07-08,44.06,44.24,44.44,44.06,18610,2819.0,263.0,263.0
5376,2015-07-09,44.46,45.4,45.4,44.46,2932,2820.0,264.0,264.0
5377,2015-07-10,46.42,46.7,46.7,46.25,25781,2821.0,265.0,265.0
5378,2015-07-13,47.25,47.45,47.52,47.23,23260,2822.0,266.0,266.0
5379,2015-07-14,47.38,47.66,47.66,47.35,18623,2823.0,267.0,267.0
5380,2015-07-15,47.61,47.87,47.9,47.58,19835,2824.0,268.0,268.0
5381,2015-07-16,48.15,48.55,48.72,48.15,62875,2825.0,269.0,269.0
5382,2015-07-17,48.72,48.51,48.72,48.49,30713,2826.0,270.0,270.0
5383,2015-07-20,48.72,48.78,49.1,48.72,16275,2827.0,271.0,271.0
5384,2015-07-21,48.88,48.31,48.88,48.26,3060,2828.0,272.0,272.0
5385,2015-07-22,48.06,48.12,48.17,48.06,2764,2829.0,273.0,273.0
5386,2015-07-23,48.46,48.08,48.46,48.08,30481,2830.0,274.0,274.0
5387,2015-07-24,47.96,47.64,48.19,47.64,17212,2831.0,275.0,275.0
5388,2015-07-27,47.39,46.53,47.39,46.53,4233,2832.0,276.0,276.0
5389,2015-07-28,46.8,47.02,47.12,46.66,13352,2833.0,277.0,277.0
5390,2015-07-29,47.3,47.25,47.33,46.98,14059,2834.0,278.0,278.0
5391,2015-07-30,47.52,47.36,47.52,47.36,86,2835.0,279.0,279.0
5392,2015-07-31,47.41,47.59,47.59,47.38,3235,2836.0,280.0,280.0
5393,2015-08-03,47.66,48.06,48.06,47.47,15291,2837.0,281.0,281.0
5394,2015-08-04,47.92,47.95,47.98,47.86,151,2838.0,282.0,282.0
5395,2015-08-05,48.16,48.59,48.59,48.16,41,2839.0,283.0,283.0
5396,2015-08-06,48.48,48.45,48.65,48.45,11315,2840.0,284.0,284.0
5397,2015-08-07,48.3,48.06,48.3,48.06,200,2841.0,285.0,285.0
5398,2015-08-10,48.31,48.53,48.53,47.95,683,2842.0,286.0,286.0
5399,2015-08-11,48.33,47.61,48.33,47.61,10312,2843.0,287.0,287.0
5400,2015-08-12,46.96,46.13,46.96,46.05,39715,2844.0,288.0,288.0
5401,2015-08-13,46.68,46.6,46.95,46.6,41601,2845.0,289.0,289.0
5402,2015-08-14,46.7,46.37,46.81,46.32,109506,2846.0,290.0,290.0
5403,2015-08-17,46.79,46.44,46.79,46.05,389,2847.0,291.0,291.0
5404,2015-08-18,46.4,46.42,46.56,46.38,1355,2848.0,292.0,292.0
5405,2015-08-19,46.22,45.61,46.22,45.61,1188,2849.0,293.0,293.0
5406,2015-08-20,45.5,44.6,45.5,44.6,18238,2850.0,294.0,294.0
5407,2015-08-21,43.99,43.3,44.1,43.3,48190,2851.0,295.0,295.0
5408,2015-08-24,42.06,41.21,42.29,39.79,114825,2852.0,296.0,296.0
5409,2015-08-25,41.81,42.97,43.15,41.55,61697,2853.0,297.0,297.0
5410,2015-08-26,42.2,42.33,42.82,42.17,20013,2854.0,298.0,298.0
5411,2015-08-27,43.33,43.68,43.82,43.33,188811,2855.0,299.0,299.0
5412,2015-08-28,43.8,43.74,43.8,43.45,6954,2856.0,300.0,300.0
5413,2015-08-31,43.52,43.51,43.52,43.38,126,2857.0,301.0,301.0
5414,2015-09-01,43.01,42.51,43.01,42.23,3892,2858.0,302.0,302.0
5415,2015-09-02,42.67,42.6,42.69,42.45,2540,2859.0,303.0,303.0
5416,2015-09-03,43.06,43.49,43.72,43.06,12219,2860.0,304.0,304.0
5417,2015-09-04,43.09,42.42,43.09,42.42,22608,2861.0,305.0,305.0
5418,2015-09-07,42.92,42.63,42.92,42.54,152,2862.0,306.0,306.0
5419,2015-09-08,43.01,43.13,43.44,43.01,6072,2863.0,307.0,307.0
5420,2015-09-09,44.07,43.61,44.24,43.61,42366,2864.0,308.0,308.0
5421,2015-09-10,43.24,43.07,43.5,43.07,196,2865.0,309.0,309.0
5422,2015-09-11,43.12,42.61,43.12,42.61,6029,2866.0,310.0,310.0
5423,2015-09-14,42.63,42.44,42.66,42.4,93680,2867.0,311.0,311.0
5424,2015-09-15,42.61,42.83,43.0,42.45,13448,2868.0,312.0,312.0
5425,2015-09-16,43.29,43.35,43.35,43.26,1248,2869.0,313.0,313.0
5426,2015-09-17,43.49,43.45,43.49,43.36,436,2870.0,314.0,314.0
5427,2015-09-18,43.03,42.37,43.08,42.14,5323,2871.0,315.0,315.0
5428,2015-09-21,42.31,42.67,42.85,42.24,27670,2872.0,316.0,316.0
5429,2015-09-22,42.59,41.26,42.59,41.25,23572,2873.0,317.0,317.0
5430,2015-09-23,41.4,41.29,41.49,41.29,973,2874.0,318.0,318.0
5431,2015-09-24,41.24,40.5,41.46,40.43,354,2875.0,319.0,319.0
5432,2015-09-25,41.13,41.69,41.79,41.13,10954,2876.0,320.0,320.0
5433,2015-09-28,41.61,40.77,41.61,40.77,4568,2877.0,321.0,321.0
5434,2015-09-29,40.22,40.61,40.91,40.15,2541,2878.0,322.0,322.0
5435,2015-09-30,41.38,41.55,41.59,41.38,970,2879.0,323.0,323.0
5436,2015-10-01,42.03,41.21,42.03,41.21,3334,2880.0,324.0,324.0
5437,2015-10-02,41.63,41.47,41.81,41.47,10906,2881.0,325.0,325.0
5438,2015-10-05,42.2,42.78,42.78,42.2,12334,2882.0,326.0,326.0
5439,2015-10-06,42.81,43.15,43.15,42.62,17476,2883.0,327.0,327.0
5440,2015-10-07,43.35,43.23,43.5,43.23,38289,2884.0,328.0,328.0
5441,2015-10-08,43.25,43.3,43.34,43.08,5752,2885.0,329.0,329.0
5442,2015-10-09,43.72,43.58,43.74,43.58,322,2886.0,330.0,330.0
5443,2015-10-12,43.66,43.5,43.66,43.41,1531,2887.0,331.0,331.0
5444,2015-10-13,43.38,43.16,43.38,42.83,6106,2888.0,332.0,332.0
5445,2015-10-14,42.71,42.8,42.93,42.7,19352,2889.0,333.0,333.0
5446,2015-10-15,43.1,43.4,43.45,43.1,25319,2890.0,334.0,334.0
5447,2015-10-16,43.53,43.65,43.74,43.53,35391,2891.0,335.0,335.0
5448,2015-10-19,43.75,43.78,43.97,43.68,21153,2892.0,336.0,336.0
5449,2015-10-20,43.81,43.56,43.81,43.41,4548,2893.0,337.0,337.0
5450,2015-10-21,43.66,43.77,43.77,43.42,11877,2894.0,338.0,338.0
5451,2015-10-22,43.53,44.73,44.75,43.53,19261,2895.0,339.0,339.0
5452,2015-10-23,45.06,45.66,45.75,45.06,46304,2896.0,340.0,340.0
5453,2015-10-26,45.53,45.55,45.76,45.46,52876,2897.0,341.0,341.0
5454,2015-10-27,45.36,45.04,45.81,45.04,84444,2898.0,342.0,342.0
5455,2015-10-28,45.19,45.56,45.56,45.12,17526,2899.0,343.0,343.0
5456,2015-10-29,45.69,45.51,45.69,45.38,16043,2900.0,344.0,344.0
5457,2015-10-30,45.61,45.6,45.61,45.37,19683,2901.0,345.0,345.0
5458,2015-11-02,45.37,45.86,45.98,45.37,9774,2902.0,346.0,346.0
5459,2015-11-03,45.79,45.96,45.96,45.79,624,2903.0,347.0,347.0
5460,2015-11-04,46.08,45.88,46.26,45.88,12094,2904.0,348.0,348.0
5461,2015-11-05,45.93,45.97,46.24,45.81,11195,2905.0,349.0,349.0
5462,2015-11-06,45.92,46.27,46.31,45.76,6841,2906.0,350.0,350.0
5463,2015-11-09,46.25,45.56,46.25,45.56,89825,2907.0,351.0,351.0
5464,2015-11-10,45.65,45.65,45.65,45.38,8382,2908.0,352.0,352.0
5465,2015-11-11,45.78,45.98,46.21,45.78,14860,2909.0,353.0,353.0
5466,2015-11-12,45.78,45.22,45.78,45.2,11326,2910.0,354.0,354.0
5467,2015-11-13,45.13,44.91,45.19,44.64,33355,2911.0,355.0,355.0
5468,2015-11-16,44.45,44.97,44.97,44.45,952,2912.0,356.0,356.0
5469,2015-11-17,45.24,46.09,46.09,45.24,8598,2913.0,357.0,357.0
5470,2015-11-18,45.73,45.88,45.97,45.69,5882,2914.0,358.0,358.0
5471,2015-11-19,46.18,46.18,46.5,46.05,31442,2915.0,359.0,359.0
5472,2015-11-20,46.28,46.23,46.34,46.15,5298,2916.0,360.0,360.0
5473,2015-11-23,46.09,46.17,46.23,45.98,10984,2917.0,361.0,361.0
5474,2015-11-24,45.9,45.63,45.9,45.46,28791,2918.0,362.0,362.0
5475,2015-11-25,45.58,46.27,46.35,45.58,7382,2919.0,363.0,363.0
5476,2015-11-26,46.29,46.78,46.8,46.29,7884,2920.0,364.0,364.0
5477,2015-11-27,46.55,46.72,46.87,46.52,29421,2921.0,365.0,365.0
5478,2015-11-30,46.68,46.96,47.08,46.66,50532,2922.0,366.0,366.0
5479,2015-12-01,47.1,46.63,47.1,46.6,2079,2923.0,367.0,367.0
5480,2015-12-02,46.73,46.5,46.73,46.5,11270,2924.0,368.0,368.0
5481,2015-12-03,46.52,45.03,46.96,45.03,66506,2925.0,369.0,369.0
5482,2015-12-04,45.0,44.92,45.04,44.46,23938,2926.0,370.0,370.0
5483,2015-12-07,45.14,45.28,45.72,45.14,1055,2927.0,371.0,371.0
5484,2015-12-08,45.27,44.48,45.27,44.48,160,2928.0,372.0,372.0
5485,2015-12-09,44.37,44.0,44.37,43.9,17444,2929.0,373.0,373.0
5486,2015-12-10,43.73,43.9,44.09,43.73,2089,2930.0,374.0,374.0
5487,2015-12-11,43.76,43.03,43.84,42.95,24847,2931.0,375.0,375.0
5488,2015-12-14,43.22,42.22,43.39,42.22,60804,2932.0,376.0,376.0
5489,2015-12-15,42.69,43.49,43.54,42.69,36293,2933.0,377.0,377.0
5490,2015-12-16,43.62,43.61,43.66,43.47,4325,2934.0,378.0,378.0
5491,2015-12-17,44.46,44.34,44.71,44.32,1156,2935.0,379.0,379.0
5492,2015-12-18,44.01,43.81,44.01,43.73,29512,2936.0,380.0,380.0
5493,2015-12-21,43.55,43.19,44.17,43.19,1065,2937.0,381.0,381.0
5494,2015-12-22,43.52,43.28,43.58,43.08,118024,2938.0,382.0,382.0
5495,2015-12-23,44.24,44.24,44.24,44.24,0,2939.0,383.0,383.0
5496,2015-12-28,43.86,43.9,44.21,43.86,14665,2940.0,384.0,384.0
5497,2015-12-29,44.26,44.54,44.57,44.26,17825,2941.0,385.0,385.0
5498,2015-12-30,44.33,44.33,44.33,44.33,0,2942.0,386.0,386.0
5499,2016-01-04,43.18,42.81,43.34,42.71,31091,2943.0,387.0,387.0
5500,2016-01-05,43.18,42.98,43.18,42.84,941,2944.0,388.0,388.0
5501,2016-01-06,42.78,42.43,42.78,42.27,4036,2945.0,389.0,389.0
5502,2016-01-07,41.35,41.66,41.77,41.07,16517,2946.0,390.0,390.0
5503,2016-01-08,41.79,41.05,41.79,41.05,150,2947.0,391.0,391.0
5504,2016-01-11,41.07,40.97,41.42,40.97,17171,2948.0,392.0,392.0
5505,2016-01-12,41.07,41.51,41.94,41.07,6482,2949.0,393.0,393.0
5506,2016-01-13,41.98,41.58,42.24,41.58,30123,2950.0,394.0,394.0
5507,2016-01-14,41.02,40.82,41.02,40.63,21789,2951.0,395.0,395.0
5508,2016-01-15,40.89,39.9,40.89,39.75,60334,2952.0,396.0,396.0
5509,2016-01-18,39.9,39.63,40.19,39.41,18900,2953.0,397.0,397.0
5510,2016-01-19,40.36,40.22,40.5,40.24,8944,2954.0,398.0,398.0
5511,2016-01-20,39.33,38.94,39.33,38.9,34338,2955.0,399.0,399.0
5512,2016-01-21,38.84,39.74,39.91,38.84,47679,2956.0,400.0,400.0
5513,2016-01-22,40.41,40.81,41.1,40.41,47639,2957.0,401.0,401.0
5514,2016-01-25,40.96,40.58,40.96,40.47,4256,2958.0,402.0,402.0
5515,2016-01-26,40.0,40.99,41.03,39.97,37438,2959.0,403.0,403.0
5516,2016-01-27,40.86,41.13,41.13,40.64,31535,2960.0,404.0,404.0
5517,2016-01-28,40.83,40.37,41.13,40.28,20950,2961.0,405.0,405.0
5518,2016-01-29,41.01,41.28,41.28,40.83,4418,2962.0,406.0,406.0
5519,2016-02-01,41.27,41.1,41.39,40.89,1383,2963.0,407.0,407.0
5520,2016-02-02,40.98,40.23,40.98,40.06,8080,2964.0,408.0,408.0
5521,2016-02-03,40.07,39.54,40.07,39.53,25234,2965.0,409.0,409.0
5522,2016-02-04,39.96,39.53,39.96,39.1,13758,2966.0,410.0,410.0
5523,2016-02-05,39.54,39.17,39.73,39.17,30891,2967.0,411.0,411.0
5524,2016-02-08,39.26,37.78,39.26,37.64,42691,2968.0,412.0,412.0
5525,2016-02-09,37.91,37.14,37.99,36.81,45392,2969.0,413.0,413.0
5526,2016-02-10,37.32,37.76,37.96,37.21,7605,2970.0,414.0,414.0
5527,2016-02-11,37.25,36.37,37.25,36.37,11691,2971.0,415.0,415.0
5528,2016-02-12,36.89,37.3,37.3,36.81,42933,2972.0,416.0,416.0
5529,2016-02-15,38.04,38.42,38.49,38.04,2150,2973.0,417.0,417.0
5530,2016-02-16,38.59,38.18,38.65,38.07,4944,2974.0,418.0,418.0
5531,2016-02-17,38.35,39.29,39.33,38.35,4323,2975.0,419.0,419.0
5532,2016-02-18,39.53,39.29,39.73,39.27,53134,2976.0,420.0,420.0
5533,2016-02-19,39.23,38.98,39.23,38.98,249,2977.0,421.0,421.0
5534,2016-02-22,39.53,39.85,39.85,39.53,2379,2978.0,422.0,422.0
5535,2016-02-23,39.52,39.28,39.72,39.28,29001,2979.0,423.0,423.0
5536,2016-02-24,39.23,38.35,39.23,38.3,6807,2980.0,424.0,424.0
5537,2016-02-25,38.9,39.07,39.17,38.9,4389,2981.0,425.0,425.0
5538,2016-02-26,39.26,39.74,39.84,39.26,3290,2982.0,426.0,426.0
5539,2016-02-29,39.32,40.0,40.0,39.32,4853,2983.0,427.0,427.0
5540,2016-03-01,39.88,40.7,40.7,39.86,15869,2984.0,428.0,428.0
5541,2016-03-02,40.95,40.91,40.95,40.64,17178,2985.0,429.0,429.0
5542,2016-03-03,40.92,40.83,40.92,40.75,232726,2986.0,430.0,430.0
5543,2016-03-04,41.0,41.13,41.25,40.91,96778,2987.0,431.0,431.0
5544,2016-03-07,40.92,40.92,40.95,40.65,34959,2988.0,432.0,432.0
5545,2016-03-08,40.25,40.62,40.78,40.25,17223,2989.0,433.0,433.0
5546,2016-03-09,40.73,40.81,41.12,40.73,17219,2990.0,434.0,434.0
5547,2016-03-10,40.79,40.23,42.01,40.23,19635,2991.0,435.0,435.0
5548,2016-03-11,40.89,41.65,41.65,40.89,49087,2992.0,436.0,436.0
5549,2016-03-14,41.9,41.88,41.96,41.87,2382,2993.0,437.0,437.0
5550,2016-03-15,41.59,41.58,41.72,41.58,610,2994.0,438.0,438.0
5551,2016-03-16,41.68,41.54,41.68,41.54,232,2995.0,439.0,439.0
5552,2016-03-17,41.85,41.42,41.85,40.91,4179,2996.0,440.0,440.0
5553,2016-03-18,41.43,41.59,41.64,41.29,11580,2997.0,441.0,441.0
5554,2016-03-21,41.29,41.49,41.94,41.29,12584,2998.0,442.0,442.0
5555,2016-03-22,41.21,41.55,41.55,41.21,731,2999.0,443.0,443.0
5556,2016-03-23,41.75,41.51,41.83,41.51,19667,3000.0,444.0,444.0
5557,2016-03-24,41.17,40.8,41.17,40.8,14480,3001.0,445.0,445.0
5558,2016-03-29,41.5,41.04,41.5,40.82,4245,3002.0,446.0,446.0
5559,2016-03-30,41.32,41.61,41.65,41.32,1291,3003.0,447.0,447.0
5560,2016-03-31,41.33,41.09,41.33,41.09,11325,3004.0,448.0,448.0
5561,2016-04-01,40.5,40.53,40.61,40.22,24082,3005.0,449.0,449.0
5562,2016-04-04,40.28,40.59,40.59,40.28,0,3006.0,450.0,450.0
5563,2016-04-05,40.06,39.72,40.06,39.7,2369,3007.0,451.0,451.0
5564,2016-04-06,39.69,39.94,39.97,39.69,734,3008.0,452.0,452.0
5565,2016-04-07,40.1,39.47,40.1,39.45,48042,3009.0,453.0,453.0
5566,2016-04-08,39.73,39.99,40.1,39.73,114761,3010.0,454.0,454.0
5567,2016-04-11,39.95,40.25,40.47,39.95,6893,3011.0,455.0,455.0
5568,2016-04-12,40.28,40.43,40.43,39.95,8998,3012.0,456.0,456.0
5569,2016-04-13,40.88,41.58,41.58,40.88,4455,3013.0,457.0,457.0
5570,2016-04-14,41.58,41.8,41.8,41.48,38733,3014.0,458.0,458.0
5571,2016-04-15,41.69,41.7,41.77,41.61,23690,3015.0,459.0,459.0
5572,2016-04-18,41.17,41.87,41.87,41.17,15046,3016.0,460.0,460.0
5573,2016-04-19,42.12,42.5,42.5,42.12,14911,3017.0,461.0,461.0
5574,2016-04-20,42.44,42.79,42.79,42.44,350,3018.0,462.0,462.0
5575,2016-04-21,43.02,42.75,43.02,42.46,3351,3019.0,463.0,463.0
5576,2016-04-22,42.65,42.61,42.72,42.49,23844,3020.0,464.0,464.0
5577,2016-04-25,42.65,42.3,42.65,42.3,32746,3021.0,465.0,465.0
5578,2016-04-26,42.57,42.38,42.57,42.38,1273,3022.0,466.0,466.0
5579,2016-04-27,42.52,42.59,42.59,42.4,24853,3023.0,467.0,467.0
5580,2016-04-28,42.31,42.62,42.66,41.9,7563,3024.0,468.0,468.0
5581,2016-04-29,42.26,41.59,42.26,41.59,5277,3025.0,469.0,469.0
5582,2016-05-02,41.81,41.73,41.81,41.65,18963,3026.0,470.0,470.0
5583,2016-05-03,41.44,40.99,41.44,40.91,14026,3027.0,471.0,471.0
5584,2016-05-04,40.96,40.58,41.03,40.58,9817,3028.0,472.0,472.0
5585,2016-05-05,40.71,40.69,40.71,40.69,85013,3029.0,473.0,473.0
5586,2016-05-06,40.39,40.69,40.69,40.18,3581,3030.0,474.0,474.0
5587,2016-05-09,40.93,40.88,41.0,40.82,4485,3031.0,475.0,475.0
5588,2016-05-10,41.2,41.24,41.46,41.06,10230,3032.0,476.0,476.0
5589,2016-05-11,41.09,40.98,41.09,40.8,83564,3033.0,477.0,477.0
5590,2016-05-12,40.65,40.72,41.16,40.65,2002,3034.0,478.0,478.0
5591,2016-05-13,40.45,40.96,40.96,40.42,12574,3035.0,479.0,479.0
5592,2016-05-16,40.47,40.91,40.91,40.47,3301,3036.0,480.0,480.0
5593,2016-05-17,41.25,40.78,41.25,40.78,0,3037.0,481.0,481.0
5594,2016-05-18,40.6,41.01,41.01,40.55,18361,3038.0,482.0,482.0
5595,2016-05-19,40.77,40.6,40.77,40.59,3037,3039.0,483.0,483.0
5596,2016-05-20,40.98,41.16,41.16,40.91,1248,3040.0,484.0,484.0
5597,2016-05-23,41.07,40.91,41.29,40.88,7304,3041.0,485.0,485.0
5598,2016-05-24,40.77,41.83,41.83,40.77,7940,3042.0,486.0,486.0
5599,2016-05-25,42.11,42.42,42.42,42.11,155,3043.0,487.0,487.0
5600,2016-05-26,42.39,42.62,42.62,42.39,13044,3044.0,488.0,488.0
5601,2016-05-27,42.53,42.7,42.7,42.48,35298,3045.0,489.0,489.0
5602,2016-05-30,42.7,42.82,42.82,42.7,269,3046.0,490.0,490.0
5603,2016-05-31,42.86,42.56,42.86,42.56,0,3047.0,491.0,491.0
5604,2016-06-01,42.5,42.28,42.54,42.21,208,3048.0,492.0,492.0
5605,2016-06-02,42.28,42.32,42.39,42.28,1890,3049.0,493.0,493.0
5606,2016-06-03,41.87,41.87,42.57,41.87,810,3050.0,494.0,494.0
5607,2016-06-06,41.99,41.99,41.99,41.99,0,3051.0,495.0,495.0
5608,2016-06-07,42.22,42.57,42.57,42.22,5140,3052.0,496.0,496.0
5609,2016-06-08,42.37,42.29,42.37,42.21,6490,3053.0,497.0,497.0
5610,2016-06-09,42.16,41.84,42.16,41.84,0,3054.0,498.0,498.0
5611,2016-06-10,41.58,40.8,41.58,40.8,300,3055.0,499.0,499.0
5612,2016-06-13,40.38,40.02,40.38,40.02,36632,3056.0,500.0,500.0
5613,2016-06-14,39.68,39.29,39.68,39.29,51540,3057.0,501.0,501.0
5614,2016-06-15,39.58,39.64,39.69,39.58,26615,3058.0,502.0,502.0
5615,2016-06-16,39.22,39.41,39.41,39.01,505,3059.0,503.0,503.0
5616,2016-06-17,39.69,39.85,39.95,39.69,7230,3060.0,504.0,504.0
5617,2016-06-20,40.81,41.18,41.18,40.81,37664,3061.0,505.0,505.0
5618,2016-06-21,41.07,41.39,41.39,41.07,4302,3062.0,506.0,506.0
5619,2016-06-22,41.66,41.51,41.76,41.44,8830,3063.0,507.0,507.0
5620,2016-06-23,41.76,42.31,42.44,41.76,160560,3064.0,508.0,508.0
5621,2016-06-24,38.38,39.07,39.85,38.38,68170,3065.0,509.0,509.0
5622,2016-06-27,38.91,37.74,38.91,37.6,37036,3066.0,510.0,510.0
5623,2016-06-28,38.55,38.63,38.97,38.55,11321,3067.0,511.0,511.0
5624,2016-06-29,39.18,39.56,39.56,39.13,15403,3068.0,512.0,512.0
5625,2016-06-30,39.4,40.0,40.0,39.4,10140,3069.0,513.0,513.0
5626,2016-07-01,40.32,40.38,40.43,40.17,7728,3070.0,514.0,514.0
5627,2016-07-04,40.51,40.03,40.51,40.03,12623,3071.0,515.0,515.0
5628,2016-07-05,39.87,39.35,39.87,39.29,5364,3072.0,516.0,516.0
5629,2016-07-06,37.77,37.44,37.77,37.25,9763,3073.0,517.0,517.0
5630,2016-07-07,37.8,37.71,37.85,37.71,506,3074.0,518.0,518.0
5631,2016-07-08,37.71,38.48,38.48,37.71,777,3075.0,519.0,519.0
5632,2016-07-11,38.87,39.13,39.13,38.82,13800,3076.0,520.0,520.0
5633,2016-07-12,39.24,39.7,39.75,39.24,3951,3077.0,521.0,521.0
5634,2016-07-13,39.68,39.62,39.79,39.62,87,3078.0,522.0,522.0
5635,2016-07-14,40.07,40.01,40.11,40.0,600,3079.0,523.0,523.0
5636,2016-07-15,39.89,40.01,40.07,39.8,1177,3080.0,524.0,524.0
5637,2016-07-18,40.12,39.91,40.12,39.77,2200,3081.0,525.0,525.0
5638,2016-07-19,39.81,39.78,39.81,39.6,2248,3082.0,526.0,526.0
5639,2016-07-20,40.0,40.23,40.23,40.0,0,3083.0,527.0,527.0
5640,2016-07-21,40.34,40.25,40.34,40.04,409285,3084.0,528.0,528.0
5641,2016-07-22,40.1,40.29,40.35,40.1,3195,3085.0,529.0,529.0
5642,2016-07-25,40.26,40.39,40.55,40.26,3247,3086.0,530.0,530.0
5643,2016-07-26,40.37,40.4,40.54,40.32,987,3087.0,531.0,531.0
5644,2016-07-27,40.75,40.69,40.75,40.69,80000,3088.0,532.0,532.0
5645,2016-07-28,40.55,40.4,40.68,40.4,4525,3089.0,533.0,533.0
5646,2016-07-29,40.52,40.66,40.66,40.52,256,3090.0,534.0,534.0
5647,2016-08-01,40.99,40.47,40.99,40.38,13207,3091.0,535.0,535.0
5648,2016-08-02,40.33,39.68,40.33,39.68,8905,3092.0,536.0,536.0
5649,2016-08-03,39.76,39.73,39.76,39.53,8344,3093.0,537.0,537.0
5650,2016-08-04,39.93,39.99,39.99,39.9,7960,3094.0,538.0,538.0
5651,2016-08-05,40.16,40.6,40.6,40.14,1175,3095.0,539.0,539.0
5652,2016-08-08,40.75,40.68,40.86,40.68,1147,3096.0,540.0,540.0
5653,2016-08-09,40.72,41.32,41.32,40.72,16140,3097.0,541.0,541.0
5654,2016-08-10,41.17,41.19,41.25,41.12,23901,3098.0,542.0,542.0
5655,2016-08-11,41.38,41.65,41.65,41.19,536,3099.0,543.0,543.0
5656,2016-08-12,41.56,41.54,41.59,41.54,885,3100.0,544.0,544.0
5657,2016-08-15,41.57,41.59,41.59,41.57,0,3101.0,545.0,545.0
5658,2016-08-16,41.39,41.18,41.52,41.18,12800,3102.0,546.0,546.0
5659,2016-08-17,41.27,40.78,41.27,40.78,619,3103.0,547.0,547.0
5660,2016-08-18,41.07,41.08,41.08,40.92,2589,3104.0,548.0,548.0
5661,2016-08-19,40.99,40.71,40.99,40.59,1979,3105.0,549.0,549.0
5662,2016-08-22,40.76,40.63,41.0,40.63,1103,3106.0,550.0,550.0
5663,2016-08-23,40.88,41.07,41.07,40.88,0,3107.0,551.0,551.0
5664,2016-08-24,40.81,41.22,41.22,40.81,6,3108.0,552.0,552.0
5665,2016-08-25,41.04,40.94,41.04,40.82,4,3109.0,553.0,553.0
5666,2016-08-26,40.88,41.2,41.28,40.88,1138,3110.0,554.0,554.0
5667,2016-08-29,41.0,41.04,41.11,40.95,20,3111.0,555.0,555.0
5668,2016-08-30,41.28,41.38,41.49,41.28,167,3112.0,556.0,556.0
5669,2016-08-31,41.31,41.22,41.53,41.22,864,3113.0,557.0,557.0
5670,2016-09-01,41.49,41.26,41.71,41.25,5048,3114.0,558.0,558.0
5671,2016-09-02,41.43,41.98,41.98,41.43,162,3115.0,559.0,559.0
5672,2016-09-05,42.16,41.98,42.16,41.97,57,3116.0,560.0,560.0
5673,2016-09-06,42.09,41.87,42.09,41.87,140,3117.0,561.0,561.0
5674,2016-09-07,42.0,42.2,42.2,41.92,125425,3118.0,562.0,562.0
5675,2016-09-08,42.17,42.05,42.17,42.05,213,3119.0,563.0,563.0
5676,2016-09-09,41.88,41.58,41.96,41.58,152,3120.0,564.0,564.0
5677,2016-09-12,40.94,41.09,41.09,40.7,12,3121.0,565.0,565.0
5678,2016-09-13,41.27,40.68,41.27,40.68,4584,3122.0,566.0,566.0
5679,2016-09-14,40.83,40.54,40.83,40.54,44,3123.0,567.0,567.0
5680,2016-09-15,40.53,40.72,40.72,40.53,75,3124.0,568.0,568.0
5681,2016-09-16,40.64,40.32,40.64,40.32,2124,3125.0,569.0,569.0
5682,2016-09-19,40.6,40.75,40.77,40.6,39,3126.0,570.0,570.0
5683,2016-09-20,40.74,40.71,40.88,40.71,515,3127.0,571.0,571.0
5684,2016-09-21,41.2,40.92,41.2,40.92,0,3128.0,572.0,572.0
5685,2016-09-22,41.27,41.8,41.8,41.27,77,3129.0,573.0,573.0
5686,2016-09-23,41.66,41.56,41.66,41.56,0,3130.0,574.0,574.0
5687,2016-09-26,41.2,40.92,41.2,40.9,52271,3131.0,575.0,575.0
5688,2016-09-27,41.12,40.83,41.12,40.68,31610,3132.0,576.0,576.0
5689,2016-09-28,41.04,41.07,41.2,41.04,89,3133.0,577.0,577.0
5690,2016-09-29,41.51,41.06,41.51,41.06,12092,3134.0,578.0,578.0
5691,2016-09-30,40.45,41.26,41.26,40.45,10069,3135.0,579.0,579.0
5692,2016-10-03,41.18,41.25,41.28,41.18,11109,3136.0,580.0,580.0
5693,2016-10-04,41.38,41.57,41.57,41.38,10024,3137.0,581.0,581.0
5694,2016-10-05,41.18,41.5,41.5,41.18,7285,3138.0,582.0,582.0
5695,2016-10-06,41.68,41.36,41.68,41.36,3240,3139.0,583.0,583.0
5696,2016-10-07,41.28,41.02,41.28,41.02,2820,3140.0,584.0,584.0
5697,2016-10-10,41.11,41.48,41.48,40.96,21991,3141.0,585.0,585.0
5698,2016-10-11,41.4,41.34,41.44,41.34,24155,3142.0,586.0,586.0
5699,2016-10-12,41.25,41.2,41.25,41.2,0,3143.0,587.0,587.0
5700,2016-10-13,40.83,40.82,40.83,40.69,14962,3144.0,588.0,588.0
5701,2016-10-14,40.96,41.4,41.49,40.96,663,3145.0,589.0,589.0
5702,2016-10-17,41.33,41.24,41.33,41.24,272,3146.0,590.0,590.0
5703,2016-10-18,41.45,41.74,41.74,41.45,0,3147.0,591.0,591.0
5704,2016-10-19,41.76,41.86,41.86,41.76,28500,3148.0,592.0,592.0
5705,2016-10-20,41.91,42.05,42.05,41.91,1514,3149.0,593.0,593.0
5706,2016-10-21,42.14,42.06,42.14,41.99,862,3150.0,594.0,594.0
5707,2016-10-24,42.31,42.26,42.47,42.26,66225,3151.0,595.0,595.0
5708,2016-10-25,42.37,42.19,42.43,42.19,5796,3152.0,596.0,596.0
5709,2016-10-26,42.09,42.01,42.09,42.01,5255,3153.0,597.0,597.0
5710,2016-10-27,42.0,42.14,42.14,42.0,0,3154.0,598.0,598.0
5711,2016-10-28,41.84,42.09,42.09,41.84,3861,3155.0,599.0,599.0
5712,2016-10-31,41.91,41.79,41.91,41.79,7,3156.0,600.0,600.0
5713,2016-11-01,42.05,41.47,42.05,41.47,23,3157.0,601.0,601.0
5714,2016-11-02,41.05,40.78,41.12,40.78,24945,3158.0,602.0,602.0
5715,2016-11-03,40.74,40.7,40.85,40.7,1054,3159.0,603.0,603.0
5716,2016-11-04,40.57,40.43,40.57,40.43,1916,3160.0,604.0,604.0
5717,2016-11-07,40.95,41.18,41.18,40.95,100,3161.0,605.0,605.0
5718,2016-11-08,41.15,41.32,41.32,41.15,0,3162.0,606.0,606.0
5719,2016-11-09,39.78,41.64,41.64,39.78,30154,3163.0,607.0,607.0
5720,2016-11-10,41.97,41.4,42.1,41.4,88,3164.0,608.0,608.0
5721,2016-11-11,41.66,41.27,41.66,41.26,16579,3165.0,609.0,609.0
5722,2016-11-14,41.66,41.25,41.72,41.25,10512,3166.0,610.0,610.0
5723,2016-11-15,41.41,41.46,41.46,41.38,10629,3167.0,611.0,611.0
5724,2016-11-16,41.59,41.24,41.59,41.24,0,3168.0,612.0,612.0
5725,2016-11-17,41.18,41.44,41.44,41.17,10,3169.0,613.0,613.0
5726,2016-11-18,41.57,41.2,41.57,41.2,484,3170.0,614.0,614.0
5727,2016-11-21,41.48,41.35,41.48,41.33,3179,3171.0,615.0,615.0
5728,2016-11-22,41.6,41.51,41.69,41.51,23484,3172.0,616.0,616.0
5729,2016-11-23,41.51,41.39,41.52,41.39,18097,3173.0,617.0,617.0
5730,2016-11-24,41.59,41.55,41.59,41.48,186,3174.0,618.0,618.0
5731,2016-11-25,41.57,41.62,41.62,41.56,2678,3175.0,619.0,619.0
5732,2016-11-28,41.48,41.22,41.48,41.16,13854,3176.0,620.0,620.0
5733,2016-11-29,41.15,41.51,41.51,41.15,13246,3177.0,621.0,621.0
5734,2016-11-30,41.54,41.71,41.71,41.54,300,3178.0,622.0,622.0
5735,2016-12-01,41.52,41.44,41.52,41.29,19671,3179.0,623.0,623.0
5736,2016-12-02,41.09,41.19,41.19,40.94,9550,3180.0,624.0,624.0
5737,2016-12-05,41.17,41.61,41.83,41.17,3121,3181.0,625.0,625.0
5738,2016-12-06,41.67,42.22,42.22,41.54,611,3182.0,626.0,626.0
5739,2016-12-07,42.59,42.81,42.81,42.56,13253,3183.0,627.0,627.0
5740,2016-12-08,43.0,43.28,43.28,42.85,5116,3184.0,628.0,628.0
5741,2016-12-09,43.37,43.49,43.56,43.37,43011,3185.0,629.0,629.0
5742,2016-12-12,43.6,43.48,43.6,43.45,13558,3186.0,630.0,630.0
5743,2016-12-13,43.5,43.92,43.92,43.5,0,3187.0,631.0,631.0
5744,2016-12-14,43.67,43.42,43.68,43.42,1567,3188.0,632.0,632.0
5745,2016-12-15,43.58,43.89,43.89,43.58,285,3189.0,633.0,633.0
5746,2016-12-16,43.88,44.08,44.1,43.88,4547,3190.0,634.0,634.0
5747,2016-12-19,43.94,44.02,44.02,43.94,240,3191.0,635.0,635.0
5748,2016-12-20,44.0,44.36,44.36,44.0,7045,3192.0,636.0,636.0
5749,2016-12-21,44.25,44.23,44.25,44.13,5386,3193.0,637.0,637.0
5750,2016-12-22,44.18,44.19,44.19,44.13,701,3194.0,638.0,638.0
5751,2016-12-23,44.22,44.29,44.31,44.22,60,3195.0,639.0,639.0
5752,2016-12-27,44.37,44.35,44.37,44.35,0,3196.0,640.0,640.0
5753,2016-12-28,44.16,44.37,44.37,44.16,4531,3197.0,641.0,641.0
5754,2016-12-29,44.23,44.25,44.31,44.23,5190,3198.0,642.0,642.0
5755,2016-12-30,44.22,44.41,44.41,44.22,11875,3199.0,643.0,643.0
5756,2017-01-02,44.27,44.59,44.59,44.27,486,3200.0,644.0,644.0
5757,2017-01-03,44.89,44.84,44.99,44.84,3319,3201.0,645.0,645.0
5758,2017-01-04,44.95,44.8,44.95,44.75,18,3202.0,646.0,646.0
5759,2017-01-05,44.72,44.8,44.89,44.72,9775,3203.0,647.0,647.0
5760,2017-01-06,44.77,44.89,44.89,44.73,15000,3204.0,648.0,648.0
5761,2017-01-09,44.92,44.69,44.92,44.59,1946,3205.0,649.0,649.0
5762,2017-01-10,44.8,44.69,44.8,44.68,1927,3206.0,650.0,650.0
5763,2017-01-11,44.7,44.81,44.81,44.7,125000,3207.0,651.0,651.0
5764,2017-01-12,44.57,44.49,44.57,44.49,22,3208.0,652.0,652.0
5765,2017-01-13,44.69,44.95,44.95,44.69,0,3209.0,653.0,653.0
5766,2017-01-16,44.66,44.57,44.68,44.57,569,3210.0,654.0,654.0
5767,2017-01-17,44.44,44.45,44.52,44.31,578,3211.0,655.0,655.0
5768,2017-01-18,44.62,44.56,44.62,44.38,11210,3212.0,656.0,656.0
5769,2017-01-19,44.64,44.59,44.64,44.59,0,3213.0,657.0,657.0
5770,2017-01-20,44.47,44.65,44.71,44.47,7982,3214.0,658.0,658.0
5771,2017-01-23,44.35,44.39,44.57,44.33,13882,3215.0,659.0,659.0
5772,2017-01-24,44.48,44.56,44.56,44.48,0,3216.0,660.0,660.0
5773,2017-01-25,44.84,45.15,45.15,44.84,1100,3217.0,661.0,661.0
5774,2017-01-26,45.29,45.08,45.29,45.08,20233,3218.0,662.0,662.0
5775,2017-01-27,44.96,44.96,44.96,44.85,11280,3219.0,663.0,663.0
5776,2017-01-30,44.9,44.37,44.9,44.37,5127,3220.0,664.0,664.0
5777,2017-01-31,44.42,43.98,44.44,43.98,10000,3221.0,665.0,665.0
5778,2017-02-01,44.4,44.32,44.41,44.32,9860,3222.0,666.0,666.0
5779,2017-02-02,44.21,44.4,44.52,44.21,169,3223.0,667.0,667.0
5780,2017-02-03,44.56,44.77,44.77,44.56,1033,3224.0,668.0,668.0
5781,2017-02-06,44.61,44.15,44.74,44.15,4841,3225.0,669.0,669.0
5782,2017-02-07,44.09,44.18,44.18,44.09,0,3226.0,670.0,670.0
5783,2017-02-08,44.28,44.28,44.28,43.97,23755,3227.0,671.0,671.0
5784,2017-02-09,44.44,44.67,44.67,44.23,29438,3228.0,672.0,672.0
5785,2017-02-10,44.81,44.65,44.81,44.65,125,3229.0,673.0,673.0
5786,2017-02-13,44.78,45.1,45.1,44.78,0,3230.0,674.0,674.0
5787,2017-02-14,45.07,45.21,45.21,45.07,2341,3231.0,675.0,675.0
5788,2017-02-15,45.33,45.31,45.37,45.15,8298,3232.0,676.0,676.0
5789,2017-02-16,45.32,45.2,45.32,45.13,990,3233.0,677.0,677.0
5790,2017-02-17,45.2,45.15,45.2,44.9,10425,3234.0,678.0,678.0
5791,2017-02-20,45.36,45.2,45.36,45.2,0,3235.0,679.0,679.0
5792,2017-02-21,45.18,45.49,45.49,45.18,0,3236.0,680.0,680.0
5793,2017-02-22,45.65,45.46,45.65,45.46,3339,3237.0,681.0,681.0
5794,2017-02-23,45.53,45.39,45.58,45.36,4591,3238.0,682.0,682.0
5795,2017-02-24,45.38,44.97,45.38,44.85,1637,3239.0,683.0,683.0
5796,2017-02-27,45.19,45.03,45.19,45.03,174,3240.0,684.0,684.0
5797,2017-02-28,45.17,45.16,45.17,45.04,171,3241.0,685.0,685.0
5798,2017-03-01,45.58,46.02,46.02,45.58,933,3242.0,686.0,686.0
5799,2017-03-02,46.0,45.99,46.0,45.92,8695,3243.0,687.0,687.0
5800,2017-03-03,45.92,46.15,46.15,45.92,814,3244.0,688.0,688.0
5801,2017-03-06,45.97,45.94,45.97,45.85,1795,3245.0,689.0,689.0
5802,2017-03-07,45.9,45.89,45.9,45.77,1202,3246.0,690.0,690.0
5803,2017-03-08,45.86,45.92,45.92,45.86,225,3247.0,691.0,691.0
5804,2017-03-09,45.91,46.19,46.19,45.91,40,3248.0,692.0,692.0
5805,2017-03-10,46.34,46.28,46.54,46.28,3145,3249.0,693.0,693.0
5806,2017-03-13,46.3,46.35,46.35,46.3,0,3250.0,694.0,694.0
5807,2017-03-14,46.34,46.2,46.34,46.2,0,3251.0,695.0,695.0
5808,2017-03-15,46.2,46.31,46.33,46.2,2357,3252.0,696.0,696.0
5809,2017-03-16,46.77,46.71,46.81,46.59,13923,3253.0,697.0,697.0
5810,2017-03-17,46.65,46.9,46.9,46.65,3465,3254.0,698.0,698.0
5811,2017-03-20,46.76,46.69,46.78,46.69,3606,3255.0,699.0,699.0
5812,2017-03-21,46.89,46.53,46.92,46.45,10751,3256.0,700.0,700.0
5813,2017-03-22,46.27,46.34,46.38,46.22,3526,3257.0,701.0,701.0
5814,2017-03-23,46.36,46.77,46.77,46.36,4648,3258.0,702.0,702.0
5815,2017-03-24,46.77,46.75,46.78,46.7,1497,3259.0,703.0,703.0
5816,2017-03-27,46.44,46.63,46.63,46.4,27648,3260.0,704.0,704.0
5817,2017-03-28,46.8,47.0,47.0,46.8,4000,3261.0,705.0,705.0
5818,2017-03-29,47.24,47.15,47.24,47.05,25944,3262.0,706.0,706.0
5819,2017-03-30,47.15,47.33,47.33,47.1,8165,3263.0,707.0,707.0
5820,2017-03-31,47.24,47.68,47.68,47.24,11921,3264.0,708.0,708.0
5821,2017-04-03,47.7,47.28,47.7,47.28,39992,3265.0,709.0,709.0
5822,2017-04-04,47.3,47.4,47.4,47.22,29931,3266.0,710.0,710.0
5823,2017-04-05,47.41,47.34,47.5,47.34,4260,3267.0,711.0,711.0
5824,2017-04-06,47.12,47.53,47.53,47.12,17674,3268.0,712.0,712.0
5825,2017-04-07,47.35,47.63,47.63,47.29,10506,3269.0,713.0,713.0
5826,2017-04-10,47.58,47.43,47.58,47.43,82,3270.0,714.0,714.0
5827,2017-04-11,47.3,47.31,47.42,47.23,10501,3271.0,715.0,715.0
5828,2017-04-12,47.46,47.29,47.56,47.28,812,3272.0,716.0,716.0
5829,2017-04-13,47.23,47.03,47.23,46.97,20101,3273.0,717.0,717.0
5830,2017-04-18,47.19,46.58,47.19,46.57,25679,3274.0,718.0,718.0
5831,2017-04-19,46.61,46.78,46.83,46.61,29696,3275.0,719.0,719.0
5832,2017-04-20,46.69,47.03,47.09,46.69,3561,3276.0,720.0,720.0
5833,2017-04-21,47.02,46.99,47.14,46.78,9840,3277.0,721.0,721.0
5834,2017-04-24,48.33,48.7,48.7,48.24,24585,3278.0,722.0,722.0
5835,2017-04-25,48.68,48.81,48.85,48.68,453,3279.0,723.0,723.0
5836,2017-04-26,48.8,48.84,48.84,48.72,18539,3280.0,724.0,724.0
5837,2017-04-27,48.78,48.67,48.78,48.6,24933,3281.0,725.0,725.0
5838,2017-04-28,48.66,48.69,48.69,48.62,22016,3282.0,726.0,726.0
5839,2017-05-02,48.86,49.08,49.08,48.85,2840,3283.0,727.0,727.0
5840,2017-05-03,48.98,49.07,49.07,48.89,8811,3284.0,728.0,728.0
5841,2017-05-04,49.24,49.72,49.72,49.24,53170,3285.0,729.0,729.0
5842,2017-05-05,49.66,50.18,50.18,49.61,35763,3286.0,730.0,730.0
5843,2017-05-08,50.39,49.99,50.39,49.92,8138,3287.0,731.0,731.0
5844,2017-05-09,50.2,50.13,50.2,50.13,2216,3288.0,732.0,732.0
5845,2017-05-10,50.11,50.13,50.13,49.93,35264,3289.0,733.0,733.0
5846,2017-05-11,50.07,49.79,50.07,49.64,70876,3290.0,734.0,734.0
5847,2017-05-12,50.02,50.03,50.03,49.83,11153,3291.0,735.0,735.0
5848,2017-05-15,50.16,50.2,50.2,49.98,1322,3292.0,736.0,736.0
5849,2017-05-16,50.18,50.2,50.31,50.18,1700,3293.0,737.0,737.0
5850,2017-05-17,49.97,49.51,49.98,49.4,1881,3294.0,738.0,738.0
5851,2017-05-18,49.37,49.13,49.37,48.76,22255,3295.0,739.0,739.0
5852,2017-05-19,49.26,49.52,49.58,49.26,13207,3296.0,740.0,740.0
5853,2017-05-22,49.68,49.49,49.7,49.49,981,3297.0,741.0,741.0
5854,2017-05-23,49.57,49.74,49.8,49.57,7370,3298.0,742.0,742.0
5855,2017-05-24,49.64,49.72,49.74,49.63,6814,3299.0,743.0,743.0
5856,2017-05-25,49.96,49.81,49.96,49.69,16211,3300.0,744.0,744.0
5857,2017-05-26,49.66,49.68,49.68,49.45,8891,3301.0,745.0,745.0
5858,2017-05-29,49.64,49.63,49.64,49.61,3533,3302.0,746.0,746.0
5859,2017-05-30,49.57,49.5,49.57,49.37,27794,3303.0,747.0,747.0
5860,2017-05-31,49.6,49.39,49.79,49.39,7190,3304.0,748.0,748.0
5861,2017-06-01,49.6,49.82,49.82,49.6,9395,3305.0,749.0,749.0
5862,2017-06-02,49.99,50.03,50.27,49.99,3830,3306.0,750.0,750.0
5863,2017-06-05,50.03,49.79,50.03,49.77,7211,3307.0,751.0,751.0
5864,2017-06-06,49.77,49.58,49.77,49.52,2512,3308.0,752.0,752.0
5865,2017-06-07,49.49,49.59,49.93,49.43,7929,3309.0,753.0,753.0
5866,2017-06-08,49.69,49.68,49.84,49.62,1516,3310.0,754.0,754.0
5867,2017-06-09,49.79,49.98,50.05,49.73,8645,3311.0,755.0,755.0
5868,2017-06-12,49.86,49.47,49.86,49.47,1680,3312.0,756.0,756.0
5869,2017-06-13,49.59,49.72,49.79,49.59,1555,3313.0,757.0,757.0
5870,2017-06-14,49.93,49.64,50.1,49.64,7512,3314.0,758.0,758.0
5871,2017-06-15,49.57,49.35,49.57,49.12,7781,3315.0,759.0,759.0
5872,2017-06-16,49.71,49.55,49.71,49.5,14406,3316.0,760.0,760.0
5873,2017-06-19,50.12,50.12,50.2,50.04,3959,3317.0,761.0,761.0
5874,2017-06-20,50.34,49.81,50.34,49.81,37039,3318.0,762.0,762.0
5875,2017-06-21,49.49,49.74,49.74,49.34,3649,3319.0,763.0,763.0
5876,2017-06-22,49.53,49.69,49.72,49.47,693,3320.0,764.0,764.0
5877,2017-06-23,49.73,49.48,49.73,49.34,5941,3321.0,765.0,765.0
5878,2017-06-26,49.84,49.69,49.97,49.69,1265,3322.0,766.0,766.0
5879,2017-06-27,49.55,49.34,49.55,49.34,1196,3323.0,767.0,767.0
5880,2017-06-28,48.98,49.33,49.34,48.96,2057,3324.0,768.0,768.0
5881,2017-06-29,49.6,48.43,49.6,48.34,41107,3325.0,769.0,769.0
5882,2017-06-30,48.52,48.21,48.78,48.21,15078,3326.0,770.0,770.0
5883,2017-07-03,48.59,48.86,48.86,48.59,203,3327.0,771.0,771.0
5884,2017-07-04,48.81,48.7,48.89,48.7,1631,3328.0,772.0,772.0
5885,2017-07-05,48.67,48.75,48.85,48.67,20326,3329.0,773.0,773.0
5886,2017-07-06,48.82,48.53,48.82,48.38,22981,3330.0,774.0,774.0
5887,2017-07-07,48.54,48.54,48.54,48.38,742,3331.0,775.0,775.0
5888,2017-07-10,48.59,48.76,48.76,48.59,10163,3332.0,776.0,776.0
5889,2017-07-11,48.9,48.56,48.9,48.56,463,3333.0,777.0,777.0
5890,2017-07-12,47.63,48.06,48.15,47.49,4468,3334.0,778.0,778.0
5891,2017-07-13,48.15,48.24,48.32,48.07,78607,3335.0,779.0,779.0
5892,2017-07-14,48.24,48.26,48.31,48.23,5734,3336.0,780.0,780.0
5893,2017-07-17,48.34,48.2,48.34,48.14,6499,3337.0,781.0,781.0
5894,2017-07-18,48.13,47.71,48.17,47.63,12955,3338.0,782.0,782.0
5895,2017-07-19,47.89,47.98,47.98,47.7,983,3339.0,783.0,783.0
5896,2017-07-20,48.21,47.92,48.25,47.89,4127,3340.0,784.0,784.0
5897,2017-07-21,47.89,47.27,47.93,47.13,10738,3341.0,785.0,785.0
5898,2017-07-24,47.31,47.27,47.31,47.07,12090,3342.0,786.0,786.0
5899,2017-07-25,47.36,47.5,47.65,47.36,12849,3343.0,787.0,787.0
5900,2017-07-26,47.56,47.78,47.83,47.56,7835,3344.0,788.0,788.0
5901,2017-07-27,47.84,47.81,47.89,47.77,2010,3345.0,789.0,789.0
5902,2017-07-28,47.5,47.36,47.5,47.32,8519,3346.0,790.0,790.0
5903,2017-07-31,47.46,47.19,47.49,47.18,3523,3347.0,791.0,791.0
5904,2017-08-01,47.35,47.54,47.67,47.2,14883,3348.0,792.0,792.0
5905,2017-08-02,47.58,47.4,47.61,47.37,58337,3349.0,793.0,793.0
5906,2017-08-03,47.28,47.51,47.54,47.28,3,3350.0,794.0,794.0
5907,2017-08-04,47.52,48.06,48.06,47.52,477,3351.0,795.0,795.0
5908,2017-08-07,48.16,48.02,48.16,47.94,21955,3352.0,796.0,796.0
5909,2017-08-08,47.98,48.18,48.28,47.98,817,3353.0,797.0,797.0
5910,2017-08-09,47.84,47.61,47.9,47.45,11545,3354.0,798.0,798.0
5911,2017-08-10,47.51,47.18,47.51,47.09,16278,3355.0,799.0,799.0
5912,2017-08-11,46.88,46.77,46.9,46.68,25660,3356.0,800.0,800.0
5913,2017-08-14,47.05,47.38,47.43,47.05,14025,3357.0,801.0,801.0
5914,2017-08-15,47.62,47.51,47.64,47.51,19467,3358.0,802.0,802.0
5915,2017-08-16,47.77,47.84,47.94,47.77,82,3359.0,803.0,803.0
5916,2017-08-17,47.7,47.58,47.81,47.58,367,3360.0,804.0,804.0
5917,2017-08-18,47.16,47.27,47.27,47.06,22664,3361.0,805.0,805.0
5918,2017-08-21,47.17,47.04,47.19,46.98,10459,3362.0,806.0,806.0
5919,2017-08-22,47.34,47.5,47.5,47.25,26409,3363.0,807.0,807.0
5920,2017-08-23,47.47,47.22,47.55,47.18,20817,3364.0,808.0,808.0
5921,2017-08-24,47.31,47.22,47.44,47.22,5742,3365.0,809.0,809.0
5922,2017-08-25,47.35,47.19,47.36,47.19,15956,3366.0,810.0,810.0
5923,2017-08-28,47.0,46.99,47.15,46.91,10871,3367.0,811.0,811.0
5924,2017-08-29,46.57,46.47,46.57,46.21,14141,3368.0,812.0,812.0
5925,2017-08-30,46.76,46.74,46.81,46.74,3793,3369.0,813.0,813.0
5926,2017-08-31,47.0,47.02,47.16,47.0,3,3370.0,814.0,814.0
5927,2017-09-01,47.29,47.31,47.42,47.27,413,3371.0,815.0,815.0
5928,2017-09-04,47.06,47.11,47.18,47.06,31814,3372.0,816.0,816.0
5929,2017-09-05,47.18,47.03,47.38,47.03,200,3373.0,817.0,817.0
5930,2017-09-06,46.9,47.15,47.15,46.9,10020,3374.0,818.0,818.0
5931,2017-09-07,47.33,47.28,47.46,47.28,94,3375.0,819.0,819.0
5932,2017-09-08,47.12,47.32,47.32,47.12,100,3376.0,820.0,820.0
5933,2017-09-11,47.67,47.94,47.95,47.67,3151,3377.0,821.0,821.0
5934,2017-09-12,48.13,48.16,48.2,48.1,574,3378.0,822.0,822.0
5935,2017-09-13,48.14,48.24,48.24,48.14,7484,3379.0,823.0,823.0
5936,2017-09-14,48.17,48.26,48.28,48.15,3113,3380.0,824.0,824.0
5937,2017-09-15,48.19,48.08,48.24,48.08,24211,3381.0,825.0,825.0
5938,2017-09-18,48.35,48.32,48.36,48.29,25506,3382.0,826.0,826.0
5939,2017-09-19,48.27,48.41,48.41,48.26,6268,3383.0,827.0,827.0
5940,2017-09-20,48.31,48.24,48.37,48.24,15674,3384.0,828.0,828.0
5941,2017-09-21,48.45,48.42,48.49,48.42,2651,3385.0,829.0,829.0
5942,2017-09-22,48.39,48.46,48.46,48.39,6306,3386.0,830.0,830.0
5943,2017-09-25,48.37,48.39,48.5,48.34,3827,3387.0,831.0,831.0
5944,2017-09-26,48.31,48.41,48.47,48.31,2998,3388.0,832.0,832.0
5945,2017-09-27,48.54,48.65,48.73,48.54,3886,3389.0,833.0,833.0
5946,2017-09-28,48.73,48.73,48.81,48.73,2462,3390.0,834.0,834.0
5947,2017-09-29,48.83,49.1,49.1,48.77,16881,3391.0,835.0,835.0
5948,2017-10-02,49.09,49.25,49.25,49.06,579,3392.0,836.0,836.0
5949,2017-10-03,49.32,49.36,49.36,49.14,21477,3393.0,837.0,837.0
5950,2017-10-04,49.33,49.14,49.36,49.08,4566,3394.0,838.0,838.0
5951,2017-10-05,49.11,49.4,49.4,49.11,11858,3395.0,839.0,839.0
5952,2017-10-06,49.35,49.21,49.35,49.18,26655,3396.0,840.0,840.0
5953,2017-10-09,49.45,49.31,49.45,49.27,200,3397.0,841.0,841.0
5954,2017-10-10,49.21,49.21,49.25,49.17,14879,3398.0,842.0,842.0
5955,2017-10-11,49.19,49.35,49.35,49.19,1130,3399.0,843.0,843.0
5956,2017-10-12,49.36,49.37,49.37,49.26,49756,3400.0,844.0,844.0
5957,2017-10-13,49.25,49.38,49.49,49.25,6680,3401.0,845.0,845.0
5958,2017-10-16,49.4,49.4,49.45,49.39,1923,3402.0,846.0,846.0
5959,2017-10-17,49.41,49.4,49.52,49.39,67969,3403.0,847.0,847.0
5960,2017-10-18,49.45,49.6,49.62,49.45,112,3404.0,848.0,848.0
5961,2017-10-19,49.54,49.33,49.54,49.19,1219,3405.0,849.0,849.0
5962,2017-10-20,49.5,49.43,49.5,49.39,19058,3406.0,850.0,850.0
5963,2017-10-23,49.42,49.45,49.6,49.42,3837,3407.0,851.0,851.0
5964,2017-10-24,49.49,49.51,49.56,49.49,445,3408.0,852.0,852.0
5965,2017-10-25,49.49,49.26,49.56,49.26,627,3409.0,853.0,853.0
5966,2017-10-26,49.24,49.88,49.88,49.21,40246,3410.0,854.0,854.0
5967,2017-10-27,50.12,50.03,50.2,49.96,15346,3411.0,855.0,855.0
5968,2017-10-30,50.08,50.15,50.19,50.08,399,3412.0,856.0,856.0
5969,2017-10-31,50.2,50.39,50.39,50.2,5722,3413.0,857.0,857.0
5970,2017-11-01,50.59,50.63,50.73,50.59,3990,3414.0,858.0,858.0
5971,2017-11-02,50.64,50.55,50.64,50.48,934,3415.0,859.0,859.0
5972,2017-11-03,50.53,50.55,50.55,50.46,18525,3416.0,860.0,860.0
5973,2017-11-06,50.5,50.49,50.5,50.34,1068,3417.0,861.0,861.0
5974,2017-11-07,50.62,50.19,50.62,50.19,5317,3418.0,862.0,862.0
5975,2017-11-08,50.3,50.17,50.3,50.05,15958,3419.0,863.0,863.0
5976,2017-11-09,50.19,49.64,50.22,49.64,780,3420.0,864.0,864.0
5977,2017-11-10,49.71,49.44,49.71,49.44,3404,3421.0,865.0,865.0
5978,2017-11-13,49.49,49.17,49.49,48.86,21698,3422.0,866.0,866.0
5979,2017-11-14,49.26,48.97,49.26,48.97,15270,3423.0,867.0,867.0
5980,2017-11-15,48.68,48.77,48.77,48.43,17113,3424.0,868.0,868.0
5981,2017-11-16,48.99,49.08,49.14,48.99,3065,3425.0,869.0,869.0
5982,2017-11-17,49.09,48.85,49.09,48.85,361,3426.0,870.0,870.0
5983,2017-11-20,48.82,49.04,49.05,48.82,2333,3427.0,871.0,871.0
5984,2017-11-21,48.99,49.31,49.43,48.99,13201,3428.0,872.0,872.0
5985,2017-11-22,49.33,49.1,49.48,49.1,3066,3429.0,873.0,873.0
5986,2017-11-23,48.89,49.07,49.18,48.89,19405,3430.0,874.0,874.0
5987,2017-11-24,49.24,49.28,49.33,49.24,22060,3431.0,875.0,875.0
5988,2017-11-27,49.08,49.09,49.4,49.02,33143,3432.0,876.0,876.0
5989,2017-11-28,49.16,49.28,49.28,49.09,2600,3433.0,877.0,877.0
5990,2017-11-29,49.62,49.38,49.7,49.38,26824,3434.0,878.0,878.0
5991,2017-11-30,49.38,49.22,49.69,49.22,17995,3435.0,879.0,879.0
5992,2017-12-01,49.13,48.61,49.24,48.61,23771,3436.0,880.0,880.0
5993,2017-12-04,49.24,49.25,49.49,49.16,4122,3437.0,881.0,881.0
5994,2017-12-05,49.27,49.25,49.4,49.18,62033,3438.0,882.0,882.0
5995,2017-12-06,48.82,49.15,49.15,48.82,1624,3439.0,883.0,883.0
5996,2017-12-07,49.34,49.34,49.34,49.34,0,3440.0,884.0,884.0
5997,2017-12-11,49.69,49.51,49.74,49.48,14497,3441.0,885.0,885.0
5998,2017-12-12,49.58,49.77,49.77,49.48,2805,3442.0,886.0,886.0
5999,2017-12-13,49.53,49.32,49.57,49.32,1000,3443.0,887.0,887.0
6000,2017-12-14,49.28,49.03,49.28,49.03,38533,3444.0,888.0,888.0
6001,2017-12-15,48.9,49.02,49.04,48.9,17958,3445.0,889.0,889.0
6002,2017-12-18,49.38,49.65,49.69,49.38,118059,3446.0,890.0,890.0
6003,2017-12-19,49.68,49.44,49.68,49.44,621,3447.0,891.0,891.0
6004,2017-12-20,49.58,49.08,49.58,49.06,14375,3448.0,892.0,892.0
6005,2017-12-21,48.98,49.29,49.29,48.86,2187,3449.0,893.0,893.0
6006,2017-12-22,49.15,49.13,49.18,49.13,6179,3450.0,894.0,894.0
6007,2017-12-27,49.15,49.11,49.17,49.08,9244,3451.0,895.0,895.0
6008,2017-12-28,49.07,48.86,49.1,48.86,29718,3452.0,896.0,896.0
6009,2017-12-29,48.82,48.54,48.82,48.54,22532,3453.0,897.0,897.0
6010,2018-01-02,48.59,48.51,48.59,48.28,20533,3454.0,898.0,898.0
6011,2018-01-03,48.49,48.81,48.81,48.49,4673,3455.0,899.0,899.0
6012,2018-01-04,49.2,49.63,49.63,49.2,3326,3456.0,900.0,900.0
6013,2018-01-05,49.76,50.11,50.11,49.76,4686,3457.0,901.0,901.0
6014,2018-01-08,50.34,50.25,50.36,50.25,132,3458.0,902.0,902.0
6015,2018-01-09,50.37,50.48,50.55,50.37,20721,3459.0,903.0,903.0
6016,2018-01-10,50.32,50.26,50.44,50.17,11361,3460.0,904.0,904.0
6017,2018-01-11,50.3,50.12,50.3,50.1,473,3461.0,905.0,905.0
6018,2018-01-12,50.2,50.29,50.29,50.15,5130,3462.0,906.0,906.0
6019,2018-01-15,50.28,50.27,50.31,50.22,477,3463.0,907.0,907.0
6020,2018-01-16,50.36,50.41,50.56,50.3,13378,3464.0,908.0,908.0
6021,2018-01-17,50.26,50.31,50.47,50.26,22543,3465.0,909.0,909.0
6022,2018-01-18,50.47,50.44,50.47,50.34,1105,3466.0,910.0,910.0
6023,2018-01-19,50.5,50.82,50.82,50.5,6352,3467.0,911.0,911.0
6024,2018-01-22,50.81,51.0,51.0,50.79,624,3468.0,912.0,912.0
6025,2018-01-23,51.22,51.06,51.31,51.05,5497,3469.0,913.0,913.0
6026,2018-01-24,51.03,50.6,51.03,50.6,1955,3470.0,914.0,914.0
6027,2018-01-25,50.63,50.39,50.8,50.32,1540,3471.0,915.0,915.0
6028,2018-01-26,50.43,50.7,50.72,50.43,1757,3472.0,916.0,916.0
6029,2018-01-29,50.79,50.58,50.79,50.58,6415,3473.0,917.0,917.0
6030,2018-01-30,50.34,50.1,50.42,50.1,226,3474.0,918.0,918.0
6031,2018-01-31,50.27,50.17,50.27,50.14,182,3475.0,919.0,919.0
6032,2018-02-01,50.43,49.935,50.43,49.885,10326,3476.0,920.0,920.0
6033,2018-02-02,49.74,49.21,49.74,49.21,4051,3477.0,921.0,921.0
6034,2018-02-05,48.89,48.54,48.89,48.54,24592,3478.0,922.0,922.0
6035,2018-02-06,46.975,47.375,47.85,46.975,33869,3479.0,923.0,923.0
6036,2018-02-07,47.8,48.355,48.355,47.8,2504,3480.0,924.0,924.0
6037,2018-02-08,48.125,47.34,48.125,47.34,1045,3481.0,925.0,925.0
6038,2018-02-09,47.195,46.705,47.195,46.52,7782,3482.0,926.0,926.0
6039,2018-02-12,47.09,47.245,47.245,47.09,0,3483.0,927.0,927.0
6040,2018-02-13,47.31,46.9,47.31,46.9,18762,3484.0,928.0,928.0
6041,2018-02-14,47.22,47.35,47.35,47.22,4299,3485.0,929.0,929.0
6042,2018-02-15,47.76,47.68,47.855,47.63,3750,3486.0,930.0,930.0
6043,2018-02-16,48.01,48.195,48.195,47.955,23211,3487.0,931.0,931.0
6044,2018-02-19,48.265,47.9,48.265,47.9,2652,3488.0,932.0,932.0
6045,2018-02-20,48.04,48.215,48.215,48.02,756,3489.0,933.0,933.0
6046,2018-02-21,48.1,48.25,48.25,47.945,3112,3490.0,934.0,934.0
6047,2018-02-22,47.835,48.215,48.215,47.835,4250,3491.0,935.0,935.0
6048,2018-02-23,48.315,48.36,48.365,48.235,4877,3492.0,936.0,936.0
6049,2018-02-26,48.665,48.59,48.665,48.59,3,3493.0,937.0,937.0
6050,2018-02-27,48.73,48.53,48.73,48.495,2952,3494.0,938.0,938.0
6051,2018-02-28,48.385,48.3,48.395,48.3,2541,3495.0,939.0,939.0
6052,2018-03-01,48.24,47.73,48.24,47.73,200,3496.0,940.0,940.0
6053,2018-03-02,47.23,46.735,47.23,46.735,0,3497.0,941.0,941.0
6054,2018-03-05,46.55,47.125,47.125,46.55,16291,3498.0,942.0,942.0
6055,2018-03-06,47.54,47.28,47.54,47.28,0,3499.0,943.0,943.0
6056,2018-03-07,47.105,47.57,47.585,47.105,2602,3500.0,944.0,944.0
6057,2018-03-08,47.575,48.08,48.17,47.575,53,3501.0,945.0,945.0
6058,2018-03-09,48.065,48.2,48.2,48.02,7390,3502.0,946.0,946.0
6059,2018-03-12,48.445,48.32,48.48,48.32,5216,3503.0,947.0,947.0
6060,2018-03-13,48.355,47.905,48.4,47.905,519,3504.0,948.0,948.0
6061,2018-03-14,47.83,47.77,48.05,47.67,1426,3505.0,949.0,949.0
6062,2018-03-15,47.895,48.06,48.06,47.895,0,3506.0,950.0,950.0
6063,2018-03-16,48.04,48.21,48.23,48.04,683,3507.0,951.0,951.0
6064,2018-03-19,48.08,47.715,48.08,47.715,734,3508.0,952.0,952.0
6065,2018-03-20,47.825,47.975,48.01,47.6,5218,3509.0,953.0,953.0
6066,2018-03-21,48.03,47.89,48.03,47.88,441,3510.0,954.0,954.0
6067,2018-03-22,47.555,47.16,47.555,46.91,5360,3511.0,955.0,955.0
6068,2018-03-23,46.715,46.55,46.76,46.32,14721,3512.0,956.0,956.0
6069,2018-03-26,46.64,46.245,46.75,46.115,12289,3513.0,957.0,957.0
6070,2018-03-27,47.035,46.825,47.035,46.825,2804,3514.0,958.0,958.0
6071,2018-03-28,46.43,47.03,47.03,46.19,9216,3515.0,959.0,959.0
6072,2018-03-29,47.145,47.31,47.32,47.145,8,3516.0,960.0,960.0
6073,2018-04-03,47.005,47.115,47.215,46.985,45147,3517.0,961.0,961.0
6074,2018-04-04,47.12,46.935,47.12,46.595,758,3518.0,962.0,962.0
6075,2018-04-05,47.61,48.105,48.11,47.61,733,3519.0,963.0,963.0
6076,2018-04-06,47.93,47.94,47.94,47.91,6803,3520.0,964.0,964.0
6077,2018-04-09,48.01,48.0,48.085,47.87,1201,3521.0,965.0,965.0
6078,2018-04-10,48.245,48.36,48.36,48.185,6308,3522.0,966.0,966.0
6079,2018-04-11,48.215,48.03,48.215,48.005,4183,3523.0,967.0,967.0
6080,2018-04-12,48.06,48.355,48.355,48.06,0,3524.0,968.0,968.0
6081,2018-04-13,48.485,48.435,48.555,48.435,11387,3525.0,969.0,969.0
6082,2018-04-16,48.5,48.42,48.5,48.32,6,3526.0,970.0,970.0
6083,2018-04-17,48.48,48.865,48.87,48.48,115,3527.0,971.0,971.0
6084,2018-04-18,48.97,49.025,49.025,48.91,41,3528.0,972.0,972.0
6085,2018-04-19,49.105,48.985,49.105,48.95,21835,3529.0,973.0,973.0
6086,2018-04-20,49.005,49.03,49.125,48.93,5042,3530.0,974.0,974.0
6087,2018-04-23,49.21,49.21,49.21,49.21,3545,3531.0,975.0,975.0
6088,2018-04-24,49.19,49.16,49.325,48.985,3608,3532.0,976.0,976.0
6089,2018-04-25,48.87,48.81,48.975,48.58,10825,3533.0,977.0,977.0
6090,2018-04-26,48.78,49.205,49.205,48.78,15399,3534.0,978.0,978.0
6091,2018-04-27,49.34,49.465,49.465,49.265,209,3535.0,979.0,979.0
6092,2018-04-30,49.465,49.64,49.64,49.455,8,3536.0,980.0,980.0
6093,2018-05-02,49.56,49.935,49.995,49.56,1795,3537.0,981.0,981.0
6094,2018-05-03,49.925,49.65,49.925,49.65,54,3538.0,982.0,982.0
6095,2018-05-04,49.785,49.965,49.965,49.665,114,3539.0,983.0,983.0
6096,2018-05-07,50.04,50.29,50.29,50.04,40,3540.0,984.0,984.0
6097,2018-05-08,50.28,50.24,50.28,50.09,492,3541.0,985.0,985.0
6098,2018-05-09,50.3,50.38,50.38,50.22,23519,3542.0,986.0,986.0
6099,2018-05-10,50.39,50.46,50.47,50.35,6900,3543.0,987.0,987.0
6100,2018-05-11,50.51,50.51,50.51,50.38,685,3544.0,988.0,988.0
6101,2018-05-14,50.6,50.54,50.6,50.39,2978,3545.0,989.0,989.0
6102,2018-05-15,50.44,50.54,50.55,50.44,318,3546.0,990.0,990.0
6103,2018-05-16,50.52,50.48,50.52,50.39,211,3547.0,991.0,991.0
6104,2018-05-17,50.49,50.84,50.84,50.49,1247,3548.0,992.0,992.0
6105,2018-05-18,50.77,50.64,50.77,50.64,2200,3549.0,993.0,993.0
6106,2018-05-21,50.81,50.82,50.82,50.79,10,3550.0,994.0,994.0
6107,2018-05-22,50.91,51.03,51.09,50.91,10000,3551.0,995.0,995.0
6108,2018-05-23,50.94,50.41,50.94,50.41,4040,3552.0,996.0,996.0
6109,2018-05-24,50.53,50.16,50.53,50.0,6089,3553.0,997.0,997.0
6110,2018-05-25,50.31,50.11,50.5,50.11,169,3554.0,998.0,998.0
6111,2018-05-28,50.5,49.84,50.5,49.72,770,3555.0,999.0,999.0
6112,2018-05-29,49.495,49.105,49.495,48.75,16374,3556.0,1000.0,1000.0
6113,2018-05-30,49.215,49.38,49.38,49.215,0,3557.0,1001.0,1001.0
6114,2018-05-31,49.515,48.96,49.6,48.96,9338,3558.0,1002.0,1002.0
6115,2018-06-01,49.405,49.595,49.595,49.405,19,3559.0,1003.0,1003.0
6116,2018-06-04,49.92,49.74,49.965,49.74,1439,3560.0,1004.0,1004.0
6117,2018-06-05,49.695,49.645,50.0,49.645,8387,3561.0,1005.0,1005.0
6118,2018-06-06,49.765,49.79,49.79,49.7,1,3562.0,1006.0,1006.0
6119,2018-06-07,49.975,49.71,49.99,49.595,2468,3563.0,1007.0,1007.0
6120,2018-06-08,49.275,49.54,49.58,49.25,7980,3564.0,1008.0,1008.0
6121,2018-06-11,49.885,50.0,50.0,49.8,125,3565.0,1009.0,1009.0
6122,2018-06-12,50.23,49.95,50.23,49.95,683,3566.0,1010.0,1010.0
6123,2018-06-13,50.02,50.06,50.06,50.02,0,3567.0,1011.0,1011.0
6124,2018-06-14,49.8,50.64,50.64,49.695,32,3568.0,1012.0,1012.0
6125,2018-06-15,50.72,50.24,50.72,50.24,9974,3569.0,1013.0,1013.0
6126,2018-06-18,50.15,49.825,50.15,49.7,765,3570.0,1014.0,1014.0
6127,2018-06-19,49.16,49.385,49.45,49.12,4872,3571.0,1015.0,1015.0
6128,2018-06-20,49.66,49.38,49.66,49.38,10364,3572.0,1016.0,1016.0
6129,2018-06-21,49.475,48.88,49.575,48.88,503,3573.0,1017.0,1017.0
6130,2018-06-22,49.01,49.325,49.325,49.01,0,3574.0,1018.0,1018.0
6131,2018-06-25,49.04,48.275,49.175,48.275,158,3575.0,1019.0,1019.0
6132,2018-06-26,48.58,48.315,48.58,48.315,0,3576.0,1020.0,1020.0
6133,2018-06-27,48.38,48.695,48.695,48.18,2704,3577.0,1021.0,1021.0
6134,2018-06-28,48.575,48.205,48.71,48.195,1164,3578.0,1022.0,1022.0
6135,2018-06-29,48.795,48.575,48.805,48.575,1245,3579.0,1023.0,1023.0
6136,2018-07-02,48.05,48.24,48.24,48.05,0,3580.0,1024.0,1024.0
6137,2018-07-03,48.54,48.68,48.79,48.54,3405,3581.0,1025.0,1025.0
6138,2018-07-04,48.615,48.675,48.675,48.615,0,3582.0,1026.0,1026.0
6139,2018-07-05,48.785,49.09,49.09,48.785,490,3583.0,1027.0,1027.0
6140,2018-07-06,49.275,49.26,49.275,49.14,18,3584.0,1028.0,1028.0
6141,2018-07-09,49.59,49.475,49.59,49.4,2559,3585.0,1029.0,1029.0
6142,2018-07-10,49.54,49.675,49.675,49.54,2500,3586.0,1030.0,1030.0
6143,2018-07-11,48.005,47.725,48.005,47.725,40,3587.0,1031.0,1031.0
6144,2018-07-12,47.78,48.045,48.045,47.78,13,3588.0,1032.0,1032.0
6145,2018-07-13,48.24,48.16,48.24,48.14,2000,3589.0,1033.0,1033.0
6146,2018-07-16,48.145,48.12,48.145,48.12,0,3590.0,1034.0,1034.0
6147,2018-07-17,48.065,48.305,48.305,48.04,21,3591.0,1035.0,1035.0
6148,2018-07-18,48.505,48.615,48.615,48.505,275,3592.0,1036.0,1036.0
6149,2018-07-19,48.54,48.405,48.54,48.405,0,3593.0,1037.0,1037.0
6150,2018-07-20,48.355,48.255,48.5,48.1,138680,3594.0,1038.0,1038.0
6151,2018-07-23,48.015,48.12,48.12,48.015,10000,3595.0,1039.0,1039.0
6152,2018-07-24,48.44,48.575,48.575,48.35,688,3596.0,1040.0,1040.0
6153,2018-07-25,48.585,48.365,48.585,48.365,40000,3597.0,1041.0,1041.0
6154,2018-07-26,48.645,48.825,48.825,48.545,62753,3598.0,1042.0,1042.0
6155,2018-07-27,48.92,49.04,49.08,48.92,5040,3599.0,1043.0,1043.0
6156,2018-07-30,48.965,48.835,48.965,48.835,2530,3600.0,1044.0,1044.0
6157,2018-07-31,48.84,49.005,49.005,48.84,0,3601.0,1045.0,1045.0
6158,2018-08-01,49.025,48.76,49.025,48.76,12000,3602.0,1046.0,1046.0
6159,2018-08-02,48.455,48.345,48.455,48.295,815,3603.0,1047.0,1047.0
6160,2018-08-03,48.4,48.595,48.635,48.4,21799,3604.0,1048.0,1048.0
6161,2018-08-06,48.695,48.55,48.695,48.55,18951,3605.0,1049.0,1049.0
6162,2018-08-07,48.725,48.795,48.91,48.725,130,3606.0,1050.0,1050.0
6163,2018-08-08,48.745,48.685,48.745,48.685,10,3607.0,1051.0,1051.0
6164,2018-08-09,48.585,48.71,48.71,48.585,0,3608.0,1052.0,1052.0
6165,2018-08-10,48.32,47.9,48.32,47.88,821,3609.0,1053.0,1053.0
6166,2018-08-13,47.665,47.775,47.79,47.595,1262,3610.0,1054.0,1054.0
6167,2018-08-14,47.98,47.735,47.98,47.735,0,3611.0,1055.0,1055.0
6168,2018-08-15,47.78,46.975,47.78,46.975,6300,3612.0,1056.0,1056.0
6169,2018-08-16,47.14,47.32,47.32,47.14,138,3613.0,1057.0,1057.0
6170,2018-08-17,47.345,47.29,47.345,47.055,218,3614.0,1058.0,1058.0
6171,2018-08-20,47.335,47.62,47.64,47.335,21512,3615.0,1059.0,1059.0
6172,2018-08-21,47.645,47.82,47.895,47.645,4646,3616.0,1060.0,1060.0
6173,2018-08-22,47.83,47.865,47.9,47.83,166,3617.0,1061.0,1061.0
6174,2018-08-23,47.935,47.83,47.935,47.83,0,3618.0,1062.0,1062.0
6175,2018-08-24,47.93,47.95,47.955,47.93,3585,3619.0,1063.0,1063.0
6176,2018-08-27,48.08,48.345,48.345,48.08,6164,3620.0,1064.0,1064.0
6177,2018-08-28,48.51,48.36,48.51,48.36,20,3621.0,1065.0,1065.0
6178,2018-08-29,48.4,48.46,48.46,48.265,6221,3622.0,1066.0,1066.0
6179,2018-08-30,48.355,48.145,48.355,48.115,1639,3623.0,1067.0,1067.0
6180,2018-08-31,47.975,47.66,47.975,47.66,20,3624.0,1068.0,1068.0
6181,2018-09-03,47.645,47.675,47.675,47.58,1082,3625.0,1069.0,1069.0
6182,2018-09-04,47.87,47.265,47.87,47.265,10632,3626.0,1070.0,1070.0
6183,2018-09-05,47.1,46.685,47.1,46.685,3,3627.0,1071.0,1071.0
6184,2018-09-06,46.575,46.42,46.575,46.42,86,3628.0,1072.0,1072.0
6185,2018-09-07,46.405,46.435,46.495,46.35,5529,3629.0,1073.0,1073.0
6186,2018-09-10,46.365,46.675,46.675,46.365,773,3630.0,1074.0,1074.0
6187,2018-09-11,46.75,46.67,46.75,46.43,5066,3631.0,1075.0,1075.0
6188,2018-09-12,46.69,46.88,46.88,46.69,0,3632.0,1076.0,1076.0
6189,2018-09-13,46.835,46.89,47.065,46.835,3253,3633.0,1077.0,1077.0
6190,2018-09-14,47.08,47.075,47.08,47.0,307,3634.0,1078.0,1078.0
6191,2018-09-17,46.985,47.085,47.085,46.94,21284,3635.0,1079.0,1079.0
6192,2018-09-18,47.11,47.24,47.25,47.11,240,3636.0,1080.0,1080.0
6193,2018-09-19,47.335,47.415,47.45,47.335,2778,3637.0,1081.0,1081.0
6194,2018-09-20,47.45,47.79,47.79,47.45,5700,3638.0,1082.0,1082.0
6195,2018-09-21,48.04,48.07,48.18,47.985,3249,3639.0,1083.0,1083.0
6196,2018-09-24,47.965,47.78,47.965,47.78,0,3640.0,1084.0,1084.0
6197,2018-09-25,47.85,47.89,48.0,47.85,1964,3641.0,1085.0,1085.0
6198,2018-09-26,47.89,47.99,47.99,47.875,91,3642.0,1086.0,1086.0
6199,2018-09-27,47.825,48.145,48.145,47.585,460,3643.0,1087.0,1087.0
6200,2018-09-28,47.87,47.525,47.87,47.5,198,3644.0,1088.0,1088.0
6201,2018-10-01,47.645,47.68,47.73,47.645,251,3645.0,1089.0,1089.0
6202,2018-10-02,47.33,47.41,47.41,47.31,255,3646.0,1090.0,1090.0
6203,2018-10-03,47.44,47.67,47.67,47.44,1490,3647.0,1091.0,1091.0
6204,2018-10-04,47.52,47.14,47.52,47.14,107,3648.0,1092.0,1092.0
6205,2018-10-05,47.095,46.73,47.095,46.73,55,3649.0,1093.0,1093.0
6206,2018-10-08,46.605,46.175,46.605,46.175,27,3650.0,1094.0,1094.0
6207,2018-10-09,46.28,46.3,46.3,45.915,566,3651.0,1095.0,1095.0
6208,2018-10-10,46.265,45.39,46.265,45.35,9221,3652.0,1096.0,1096.0
6209,2018-10-11,45.115,44.605,45.115,44.605,22147,3653.0,1097.0,1097.0
6210,2018-10-12,45.035,44.475,45.06,44.475,451,3654.0,1098.0,1098.0
6211,2018-10-15,44.46,44.6,44.6,44.365,132,3655.0,1099.0,1099.0
6212,2018-10-16,44.605,45.365,45.365,44.605,750,3656.0,1100.0,1100.0
6213,2018-10-17,45.56,45.155,45.56,45.155,12537,3657.0,1101.0,1101.0
6214,2018-10-18,45.135,44.78,45.135,44.78,12537,3658.0,1102.0,1102.0
6215,2018-10-19,44.75,44.63,44.75,44.47,6000,3659.0,1103.0,1103.0
6216,2018-10-22,45.075,44.4,45.075,44.37,384,3660.0,1104.0,1104.0
6217,2018-10-23,43.825,43.615,43.825,43.55,14852,3661.0,1105.0,1105.0
6218,2018-10-24,43.815,43.365,44.15,43.365,85541,3662.0,1106.0,1106.0
6219,2018-10-25,43.145,43.915,43.915,43.145,647,3663.0,1107.0,1107.0
6220,2018-10-26,43.45,43.565,43.565,43.25,118,3664.0,1108.0,1108.0
6221,2018-10-29,43.51,43.855,44.055,43.51,9,3665.0,1109.0,1109.0
6222,2018-10-30,43.975,43.785,43.975,43.61,45901,3666.0,1110.0,1110.0
6223,2018-10-31,44.365,44.495,44.555,44.365,12504,3667.0,1111.0,1111.0
6224,2018-11-01,44.51,44.67,44.78,44.51,15545,3668.0,1112.0,1112.0
6225,2018-11-02,45.315,44.885,45.315,44.885,5000,3669.0,1113.0,1113.0
6226,2018-11-05,44.88,44.79,44.905,44.79,14,3670.0,1114.0,1114.0
6227,2018-11-06,44.875,44.67,44.875,44.67,0,3671.0,1115.0,1115.0
6228,2018-11-07,44.91,45.225,45.225,44.91,0,3672.0,1116.0,1116.0
6229,2018-11-08,45.345,45.1,45.42,45.1,3500,3673.0,1117.0,1117.0
6230,2018-11-09,44.88,44.92,44.92,44.76,5200,3674.0,1118.0,1118.0
6231,2018-11-12,45.185,44.435,45.185,44.425,411,3675.0,1119.0,1119.0
6232,2018-11-13,44.62,44.9,44.9,44.62,1140,3676.0,1120.0,1120.0
6233,2018-11-14,44.475,44.675,45.035,44.475,2013,3677.0,1121.0,1121.0
6234,2018-11-15,44.865,44.375,44.865,44.095,11513,3678.0,1122.0,1122.0
6235,2018-11-16,44.675,44.31,44.675,44.31,0,3679.0,1123.0,1123.0
6236,2018-11-19,44.485,43.95,44.485,43.95,110,3680.0,1124.0,1124.0
6237,2018-11-20,43.685,43.28,43.685,43.28,237,3681.0,1125.0,1125.0
6238,2018-11-21,43.515,43.79,43.79,43.515,78,3682.0,1126.0,1126.0
6239,2018-11-22,43.645,43.44,43.645,43.44,6856,3683.0,1127.0,1127.0
6240,2018-11-23,43.465,43.625,43.625,43.45,11250,3684.0,1128.0,1128.0
6241,2018-11-26,43.97,44.17,44.17,43.97,4180,3685.0,1129.0,1129.0
6242,2018-11-27,44.2,44.08,44.2,43.91,263,3686.0,1130.0,1130.0
6243,2018-11-28,44.255,44.055,44.255,44.055,16565,3687.0,1131.0,1131.0
6244,2018-11-29,44.425,44.17,44.425,44.13,4150,3688.0,1132.0,1132.0
6245,2018-11-30,44.18,44.05,44.18,43.92,12,3689.0,1133.0,1133.0
6246,2018-12-03,45.15,44.63,45.15,44.63,552,3690.0,1134.0,1134.0
6247,2018-12-04,44.59,44.195,44.59,44.195,51,3691.0,1135.0,1135.0
6248,2018-12-05,43.665,43.705,43.84,43.665,28,3692.0,1136.0,1136.0
6249,2018-12-06,43.29,42.25,43.29,42.25,9669,3693.0,1137.0,1137.0
6250,2018-12-07,42.645,42.495,42.645,42.495,0,3694.0,1138.0,1138.0
6251,2018-12-10,42.33,41.78,42.33,41.78,2288,3695.0,1139.0,1139.0
6252,2018-12-11,42.125,42.31,42.57,42.125,4297,3696.0,1140.0,1140.0
6253,2018-12-12,42.345,42.87,42.935,42.345,62869,3697.0,1141.0,1141.0
6254,2018-12-13,43.13,42.875,43.13,42.82,16405,3698.0,1142.0,1142.0
6255,2018-12-14,42.54,42.595,42.745,42.54,1837,3699.0,1143.0,1143.0
6256,2018-12-17,42.435,42.145,42.455,42.145,322,3700.0,1144.0,1144.0
6257,2018-12-18,41.92,41.875,42.185,41.875,14522,3701.0,1145.0,1145.0
6258,2018-12-19,41.96,42.075,42.135,41.96,3004,3702.0,1146.0,1146.0
6259,2018-12-20,41.415,41.335,41.545,41.335,12252,3703.0,1147.0,1147.0
6260,2018-12-21,41.13,41.33,41.33,40.87,94481,3704.0,1148.0,1148.0
6261,2018-12-24,40.885,40.6,40.885,40.6,2,3705.0,1149.0,1149.0
6262,2018-12-27,40.625,40.425,40.63,40.285,2552,3706.0,1150.0,1150.0
6263,2018-12-28,40.66,41.04,41.14,40.66,16434,3707.0,1151.0,1151.0
6264,2018-12-31,41.345,41.48,41.48,41.345,0,3708.0,1152.0,1152.0
6265,2019-01-02,40.88,41.22,41.22,40.765,391,3709.0,1153.0,1153.0
6266,2019-01-03,40.875,40.735,41.065,40.735,5344,3710.0,1154.0,1154.0
6267,2019-01-04,41.175,41.93,41.93,41.175,282,3711.0,1155.0,1155.0
6268,2019-01-07,42.045,41.905,42.045,41.76,96,3712.0,1156.0,1156.0
6269,2019-01-08,41.985,42.235,42.37,41.985,3499,3713.0,1157.0,1157.0
6270,2019-01-09,42.565,42.52,42.71,42.465,24204,3714.0,1158.0,1158.0
6271,2019-01-10,42.295,42.59,42.59,42.255,4023,3715.0,1159.0,1159.0
6272,2019-01-11,42.68,42.51,42.68,42.405,1613,3716.0,1160.0,1160.0
6273,2019-01-14,42.37,42.285,42.37,42.07,1513,3717.0,1161.0,1161.0
6274,2019-01-15,42.83,42.46,42.83,42.365,1029,3718.0,1162.0,1162.0
6275,2019-01-16,42.64,42.71,42.71,42.505,701,3719.0,1163.0,1163.0
6276,2019-01-17,42.43,42.68,42.68,42.43,1632,3720.0,1164.0,1164.0
6277,2019-01-18,42.925,43.465,43.465,42.925,24036,3721.0,1165.0,1165.0
6278,2019-01-21,43.395,43.38,43.42,43.345,949,3722.0,1166.0,1166.0
6279,2019-01-22,43.215,43.205,43.25,43.08,7036,3723.0,1167.0,1167.0
6280,2019-01-23,42.97,43.24,43.495,42.96,93,3724.0,1168.0,1168.0
6281,2019-01-24,43.25,43.465,43.5,43.25,15088,3725.0,1169.0,1169.0
6282,2019-01-25,43.75,43.935,43.97,43.75,10744,3726.0,1170.0,1170.0
6283,2019-01-28,43.79,43.585,43.815,43.585,149,3727.0,1171.0,1171.0
6284,2019-01-29,43.545,43.79,43.965,43.545,1242,3728.0,1172.0,1172.0
6285,2019-01-30,43.845,43.93,43.93,43.805,61,3729.0,1173.0,1173.0
6286,2019-01-31,44.125,43.89,44.125,43.585,5137,3730.0,1174.0,1174.0
6287,2019-02-01,43.935,43.955,44.01,43.79,4683,3731.0,1175.0,1175.0
6288,2019-02-04,44.03,43.925,44.03,43.71,966,3732.0,1176.0,1176.0
6289,2019-02-05,43.95,44.66,44.66,43.95,22816,3733.0,1177.0,1177.0
6290,2019-02-06,44.59,44.715,44.74,44.505,1756,3734.0,1178.0,1178.0
6291,2019-02-07,44.57,43.82,44.57,43.82,10672,3735.0,1179.0,1179.0
6292,2019-02-08,43.77,43.485,43.915,43.485,5911,3736.0,1180.0,1180.0
6293,2019-02-11,43.68,43.9,43.965,43.68,339,3737.0,1181.0,1181.0
6294,2019-02-12,44.235,44.235,44.235,44.235,0,3738.0,1182.0,1182.0
6295,2019-02-13,44.38,44.425,44.45,44.35,684,3739.0,1183.0,1183.0
6296,2019-02-14,44.73,44.235,44.73,44.235,5993,3740.0,1184.0,1184.0
6297,2019-02-15,44.22,44.975,44.975,44.22,1238,3741.0,1185.0,1185.0
6298,2019-02-18,45.0,45.11,45.11,45.0,23827,3742.0,1186.0,1186.0
6299,2019-02-19,45.075,45.01,45.075,44.86,2337,3743.0,1187.0,1187.0
6300,2019-02-20,45.23,45.305,45.305,45.055,938,3744.0,1188.0,1188.0
6301,2019-02-21,45.36,45.27,45.36,45.21,9200,3745.0,1189.0,1189.0
6302,2019-02-22,45.265,45.355,45.48,45.265,18149,3746.0,1190.0,1190.0
6303,2019-02-25,45.6,45.495,45.6,45.46,56,3747.0,1191.0,1191.0
6304,2019-02-26,45.29,45.555,45.615,45.29,272,3748.0,1192.0,1192.0
6305,2019-02-27,45.42,45.405,45.42,45.315,5126,3749.0,1193.0,1193.0
6306,2019-02-28,45.24,45.61,45.62,45.24,11955,3750.0,1194.0,1194.0
6307,2019-03-01,45.88,45.885,46.025,45.88,2689,3751.0,1195.0,1195.0
6308,2019-03-04,46.14,45.98,46.14,45.98,4200,3752.0,1196.0,1196.0
6309,2019-03-05,45.965,46.025,46.11,45.825,27417,3753.0,1197.0,1197.0
6310,2019-03-06,45.97,45.945,46.12,45.865,28077,3754.0,1198.0,1198.0
6311,2019-03-07,45.94,45.685,45.94,45.535,418,3755.0,1199.0,1199.0
6312,2019-03-08,45.445,45.335,45.455,45.18,19467,3756.0,1200.0,1200.0
6313,2019-03-11,45.55,45.655,45.68,45.38,15266,3757.0,1201.0,1201.0
6314,2019-03-12,45.88,45.655,45.88,45.655,7,3758.0,1202.0,1202.0
6315,2019-03-13,45.615,45.875,45.91,45.615,148,3759.0,1203.0,1203.0
6316,2019-03-14,45.965,46.17,46.19,45.965,797,3760.0,1204.0,1204.0
6317,2019-03-15,46.065,46.64,46.64,46.065,30196,3761.0,1205.0,1205.0
6318,2019-03-18,46.67,46.71,46.78,46.65,160,3762.0,1206.0,1206.0
6319,2019-03-19,46.835,47.06,47.125,46.835,1729,3763.0,1207.0,1207.0
6320,2019-03-20,46.915,46.555,46.915,46.555,905,3764.0,1208.0,1208.0
6321,2019-03-21,46.52,46.545,46.545,46.23,1724,3765.0,1209.0,1209.0
6322,2019-03-22,46.69,45.72,46.69,45.72,2368,3766.0,1210.0,1210.0
6323,2019-03-25,45.655,45.585,45.655,45.53,6609,3767.0,1211.0,1211.0
6324,2019-03-26,45.64,45.87,45.87,45.485,259,3768.0,1212.0,1212.0
6325,2019-03-27,45.99,45.935,46.105,45.775,4125,3769.0,1213.0,1213.0
6326,2019-03-28,45.965,45.84,46.09,45.82,6460,3770.0,1214.0,1214.0
6327,2019-03-29,46.135,46.225,46.225,45.95,1960,3771.0,1215.0,1215.0
6328,2019-04-01,46.595,46.77,46.77,46.575,461,3772.0,1216.0,1216.0
6329,2019-04-02,46.93,46.945,46.945,46.835,549,3773.0,1217.0,1217.0
6330,2019-04-03,47.335,47.505,47.525,47.31,6454,3774.0,1218.0,1218.0
6331,2019-04-04,47.485,47.545,47.6,47.44,20077,3775.0,1219.0,1219.0
6332,2019-04-05,47.61,47.63,47.63,47.57,6439,3776.0,1220.0,1220.0
6333,2019-04-08,47.57,47.49,47.58,47.455,845,3777.0,1221.0,1221.0
6334,2019-04-09,47.395,47.205,47.395,47.205,37,3778.0,1222.0,1222.0
6335,2019-04-10,47.255,47.32,47.42,47.255,13047,3779.0,1223.0,1223.0
6336,2019-04-11,47.425,47.52,47.52,47.425,10,3780.0,1224.0,1224.0
6337,2019-04-12,47.475,47.755,47.755,47.38,1305,3781.0,1225.0,1225.0
6338,2019-04-15,47.915,47.845,47.915,47.785,2664,3782.0,1226.0,1226.0
6339,2019-04-16,47.91,48.035,48.035,47.91,3066,3783.0,1227.0,1227.0
6340,2019-04-17,48.105,48.2,48.29,47.99,15715,3784.0,1228.0,1228.0
6341,2019-04-18,48.235,48.345,48.37,47.93,6931,3785.0,1229.0,1229.0
6342,2019-04-23,48.4,48.46,48.46,48.23,2326,3786.0,1230.0,1230.0
6343,2019-04-24,48.335,48.385,48.385,48.305,60,3787.0,1231.0,1231.0
6344,2019-04-25,48.445,48.26,48.445,48.215,565,3788.0,1232.0,1232.0
6345,2019-04-26,48.305,48.4,48.4,48.23,2469,3789.0,1233.0,1233.0
6346,2019-04-29,48.39,48.51,48.51,48.255,2199,3790.0,1234.0,1234.0
6347,2019-04-30,48.425,48.615,48.615,48.41,3,3791.0,1235.0,1235.0
6348,2019-05-02,48.495,48.395,48.58,48.395,2430,3792.0,1236.0,1236.0
6349,2019-05-03,48.405,48.49,48.57,48.405,1221,3793.0,1237.0,1237.0
6350,2019-05-06,47.49,47.99,47.99,47.49,101,3794.0,1238.0,1238.0
6351,2019-05-07,48.045,47.34,48.045,47.34,102,3795.0,1239.0,1239.0
6352,2019-05-08,47.41,47.5,47.5,47.255,297,3796.0,1240.0,1240.0
6353,2019-05-09,47.15,46.675,47.15,46.65,2612,3797.0,1241.0,1241.0
6354,2019-05-10,47.13,46.84,47.19,46.84,13282,3798.0,1242.0,1242.0
6355,2019-05-13,46.915,46.2,46.915,46.145,779,3799.0,1243.0,1243.0
6356,2019-05-14,46.425,46.78,46.78,46.425,5506,3800.0,1244.0,1244.0
6357,2019-05-15,46.985,47.05,47.05,46.585,530,3801.0,1245.0,1245.0
6358,2019-05-16,46.98,47.705,47.705,46.93,13836,3802.0,1246.0,1246.0
6359,2019-05-17,47.525,47.525,47.525,47.245,7125,3803.0,1247.0,1247.0
6360,2019-05-20,47.45,46.9,47.56,46.865,2925,3804.0,1248.0,1248.0
6361,2019-05-21,47.105,47.23,47.255,46.995,433,3805.0,1249.0,1249.0
6362,2019-05-22,47.165,47.205,47.38,46.92,8855,3806.0,1250.0,1250.0
6363,2019-05-23,46.885,46.505,46.885,46.4,498,3807.0,1251.0,1251.0
6364,2019-05-24,46.66,46.705,46.825,46.66,4724,3808.0,1252.0,1252.0
6365,2019-05-27,47.045,46.89,47.045,46.845,162,3809.0,1253.0,1253.0
6366,2019-05-28,46.965,46.745,46.965,46.62,5599,3810.0,1254.0,1254.0
6367,2019-05-29,46.15,46.05,46.185,46.0,991,3811.0,1255.0,1255.0
6368,2019-05-30,46.315,46.36,46.36,46.315,104,3812.0,1256.0,1256.0
6369,2019-05-31,45.96,45.89,45.96,45.6,105,3813.0,1257.0,1257.0
6370,2019-06-03,45.6,46.095,46.095,45.56,13792,3814.0,1258.0,1258.0
6371,2019-06-04,45.795,46.51,46.51,45.795,473,3815.0,1259.0,1259.0
6372,2019-06-05,46.52,46.62,46.73,46.485,15626,3816.0,1260.0,1260.0
6373,2019-06-06,46.655,46.535,47.01,46.535,10202,3817.0,1261.0,1261.0
6374,2019-06-07,46.73,47.05,47.09,46.73,575,3818.0,1262.0,1262.0
6375,2019-06-10,47.22,47.28,47.28,47.2,7,3819.0,1263.0,1263.0
6376,2019-06-11,47.32,47.515,47.68,47.32,2182,3820.0,1264.0,1264.0
6377,2019-06-12,47.325,47.31,47.38,47.21,173,3821.0,1265.0,1265.0
6378,2019-06-13,47.21,47.36,47.455,47.21,3947,3822.0,1266.0,1266.0
6379,2019-06-14,47.17,47.155,47.195,47.05,1332,3823.0,1267.0,1267.0
6380,2019-06-17,47.195,47.165,47.27,47.165,6496,3824.0,1268.0,1268.0
6381,2019-06-18,47.095,48.06,48.08,46.945,21728,3825.0,1269.0,1269.0
6382,2019-06-19,48.105,48.14,48.15,48.03,1419,3826.0,1270.0,1270.0
6383,2019-06-20,48.48,48.265,48.535,48.265,10244,3827.0,1271.0,1271.0
6384,2019-06-21,48.395,48.195,48.45,48.155,27365,3828.0,1272.0,1272.0
6385,2019-06-24,48.205,48.04,48.205,48.04,407,3829.0,1273.0,1273.0
6386,2019-06-25,47.86,47.9,47.945,47.855,1821,3830.0,1274.0,1274.0
6387,2019-06-26,47.86,47.85,48.05,47.85,360,3831.0,1275.0,1275.0
6388,2019-06-27,47.905,47.855,47.945,47.84,12611,3832.0,1276.0,1276.0
6389,2019-06-28,47.91,48.24,48.24,47.91,6099,3833.0,1277.0,1277.0
6390,2019-07-01,48.88,48.625,48.88,48.625,872,3834.0,1278.0,1278.0
6391,2019-07-02,48.665,48.685,48.71,48.555,16669,3835.0,1279.0,1279.0
6392,2019-07-03,48.81,49.2,49.2,48.81,11001,3836.0,1280.0,1280.0
6393,2019-07-04,49.33,49.305,49.33,49.225,9923,3837.0,1281.0,1281.0
6394,2019-07-05,49.28,49.015,49.28,48.89,17515,3838.0,1282.0,1282.0
6395,2019-07-08,48.95,48.905,49.05,48.81,6601,3839.0,1283.0,1283.0
6396,2019-07-09,48.635,48.655,48.655,48.445,5131,3840.0,1284.0,1284.0
6397,2019-07-10,47.32,47.175,47.32,47.0,11442,3841.0,1285.0,1285.0
6398,2019-07-11,47.33,47.12,47.33,47.12,6524,3842.0,1286.0,1286.0
6399,2019-07-12,47.145,47.185,47.185,47.12,3389,3843.0,1287.0,1287.0
6400,2019-07-15,47.315,47.315,47.35,47.125,1907,3844.0,1288.0,1288.0
6401,2019-07-16,47.335,47.545,47.55,47.315,768,3845.0,1289.0,1289.0
6402,2019-07-17,47.54,47.275,47.58,47.205,125843,3846.0,1290.0,1290.0
6403,2019-07-18,46.905,47.025,47.195,46.905,11676,3847.0,1291.0,1291.0
6404,2019-07-19,47.275,47.02,47.275,46.93,2327,3848.0,1292.0,1292.0
6405,2019-07-22,47.175,47.15,47.21,47.025,5738,3849.0,1293.0,1293.0
6406,2019-07-23,47.42,47.74,47.855,47.42,1062,3850.0,1294.0,1294.0
6407,2019-07-24,47.775,47.91,47.91,47.66,5876,3851.0,1295.0,1295.0
6408,2019-07-25,48.115,47.605,48.32,47.53,7419,3852.0,1296.0,1296.0
6409,2019-07-26,47.605,47.73,47.73,47.595,5919,3853.0,1297.0,1297.0
6410,2019-07-29,47.6,47.665,47.775,47.59,6643,3854.0,1298.0,1298.0
6411,2019-07-30,47.755,46.84,47.755,46.84,654,3855.0,1299.0,1299.0
6412,2019-07-31,46.82,46.97,47.065,46.79,105428,3856.0,1300.0,1300.0
6413,2019-08-01,46.8,47.27,47.27,46.8,4294,3857.0,1301.0,1301.0
6414,2019-08-02,46.31,45.935,46.365,45.935,4483,3858.0,1302.0,1302.0
6415,2019-08-05,45.56,44.935,45.56,44.845,68559,3859.0,1303.0,1303.0
6416,2019-08-06,45.02,44.745,45.295,44.745,33148,3860.0,1304.0,1304.0
6417,2019-08-07,44.92,44.96,45.31,44.92,9289,3861.0,1305.0,1305.0
6418,2019-08-08,45.58,45.785,45.785,45.38,19738,3862.0,1306.0,1306.0
6419,2019-08-09,45.635,45.245,45.635,45.245,1897,3863.0,1307.0,1307.0
6420,2019-08-12,45.77,45.075,45.77,45.055,154,3864.0,1308.0,1308.0
6421,2019-08-13,44.915,45.375,45.385,44.655,9508,3865.0,1309.0,1309.0
6422,2019-08-14,45.32,44.455,45.32,44.455,2472,3866.0,1310.0,1310.0
6423,2019-08-15,44.59,44.275,44.59,44.03,7113,3867.0,1311.0,1311.0
6424,2019-08-16,44.44,44.925,44.925,44.44,15085,3868.0,1312.0,1312.0
6425,2019-08-19,45.375,45.52,45.52,45.27,2691,3869.0,1313.0,1313.0
6426,2019-08-20,45.55,45.185,45.55,45.185,16283,3870.0,1314.0,1314.0
6427,2019-08-21,45.44,45.84,45.84,45.44,0,3871.0,1315.0,1315.0
6428,2019-08-22,45.675,45.585,46.0,45.585,22875,3872.0,1316.0,1316.0
6429,2019-08-23,45.82,45.09,45.82,45.09,14974,3873.0,1317.0,1317.0
6430,2019-08-26,44.965,45.26,45.26,44.935,4731,3874.0,1318.0,1318.0
6431,2019-08-27,45.155,45.565,45.59,45.15,40,3875.0,1319.0,1319.0
6432,2019-08-28,45.385,45.44,45.44,45.125,1220,3876.0,1320.0,1320.0
6433,2019-08-29,45.395,46.055,46.055,45.395,1255,3877.0,1321.0,1321.0
6434,2019-08-30,46.11,46.36,46.5,46.11,406,3878.0,1322.0,1322.0
6435,2019-09-02,46.465,46.435,46.465,46.435,0,3879.0,1323.0,1323.0
6436,2019-09-03,46.36,46.27,46.36,46.27,4782,3880.0,1324.0,1324.0
6437,2019-09-04,46.68,46.77,46.795,46.68,37,3881.0,1325.0,1325.0
6438,2019-09-05,47.165,47.24,47.285,47.085,286,3882.0,1326.0,1326.0
6439,2019-09-06,47.32,47.365,47.38,47.235,5789,3883.0,1327.0,1327.0
6440,2019-09-09,47.45,47.385,47.45,47.305,7685,3884.0,1328.0,1328.0
6441,2019-09-10,47.335,47.45,47.45,47.165,10213,3885.0,1329.0,1329.0
6442,2019-09-11,47.61,47.67,47.71,47.61,1377,3886.0,1330.0,1330.0
6443,2019-09-12,47.835,47.94,48.05,47.405,8157,3887.0,1331.0,1331.0
6444,2019-09-13,47.995,48.085,48.145,47.995,1149,3888.0,1332.0,1332.0
6445,2019-09-16,47.825,47.69,47.825,47.69,310,3889.0,1333.0,1333.0
6446,2019-09-17,47.7,47.63,47.7,47.61,30,3890.0,1334.0,1334.0
6447,2019-09-18,47.62,47.685,47.71,47.62,54,3891.0,1335.0,1335.0
6448,2019-09-19,47.675,48.0,48.0,47.675,146,3892.0,1336.0,1336.0
6449,2019-09-20,48.01,48.115,48.2,48.01,851,3893.0,1337.0,1337.0
6450,2019-09-23,48.115,47.655,48.115,47.575,1217,3894.0,1338.0,1338.0
6451,2019-09-24,47.79,47.625,47.79,47.625,1415,3895.0,1339.0,1339.0
6452,2019-09-25,47.405,47.345,47.405,46.925,10746,3896.0,1340.0,1340.0
6453,2019-09-26,47.34,47.645,47.645,47.34,216,3897.0,1341.0,1341.0
6454,2019-09-27,47.805,47.865,47.865,47.79,18,3898.0,1342.0,1342.0
6455,2019-09-30,47.81,48.1,48.1,47.81,429,3899.0,1343.0,1343.0
6456,2019-10-01,48.31,47.515,48.37,47.515,173,3900.0,1344.0,1344.0
6457,2019-10-02,47.44,46.22,47.44,46.22,12658,3901.0,1345.0,1345.0
6458,2019-10-03,46.255,46.29,46.505,46.255,2010,3902.0,1346.0,1346.0
6459,2019-10-04,46.365,46.685,46.685,46.365,371,3903.0,1347.0,1347.0
6460,2019-10-07,46.6,47.025,47.025,46.6,112,3904.0,1348.0,1348.0
6461,2019-10-08,46.99,46.465,46.99,46.465,7799,3905.0,1349.0,1349.0
6462,2019-10-09,46.365,46.795,46.845,46.365,5313,3906.0,1350.0,1350.0
6463,2019-10-10,46.835,47.18,47.18,46.695,157,3907.0,1351.0,1351.0
6464,2019-10-11,47.305,48.155,48.155,47.305,215,3908.0,1352.0,1352.0
6465,2019-10-14,47.915,48.005,48.03,47.82,3079,3909.0,1353.0,1353.0
6466,2019-10-15,48.365,48.54,48.54,48.215,50,3910.0,1354.0,1354.0
6467,2019-10-16,48.54,48.51,48.585,48.38,14308,3911.0,1355.0,1355.0
6468,2019-10-17,48.475,48.425,48.97,48.425,12967,3912.0,1356.0,1356.0
6469,2019-10-18,48.305,48.215,48.455,48.165,245,3913.0,1357.0,1357.0
6470,2019-10-21,48.345,48.54,48.645,48.345,27325,3914.0,1358.0,1358.0
6471,2019-10-22,48.565,48.585,48.605,48.425,2468,3915.0,1359.0,1359.0
6472,2019-10-23,48.315,48.53,48.585,48.315,4885,3916.0,1360.0,1360.0
6473,2019-10-24,48.685,48.76,48.795,48.685,1985,3917.0,1361.0,1361.0
6474,2019-10-25,48.86,48.8,48.905,48.8,339,3918.0,1362.0,1362.0
6475,2019-10-28,48.8,48.925,49.0,48.755,753,3919.0,1363.0,1363.0
6476,2019-10-29,48.845,48.855,48.855,48.715,8586,3920.0,1364.0,1364.0
6477,2019-10-30,48.87,48.86,48.875,48.6,9829,3921.0,1365.0,1365.0
6478,2019-10-31,48.875,48.66,48.875,48.64,8155,3922.0,1366.0,1366.0
6479,2019-11-01,48.82,49.01,49.025,48.82,278,3923.0,1367.0,1367.0
6480,2019-11-04,49.255,49.55,49.55,49.255,0,3924.0,1368.0,1368.0
6481,2019-11-05,49.56,49.71,49.71,49.56,893,3925.0,1369.0,1369.0
6482,2019-11-06,49.7,49.81,49.835,49.635,4503,3926.0,1370.0,1370.0
6483,2019-11-07,50.04,50.06,50.06,50.04,4503,3927.0,1371.0,1371.0
6484,2019-11-08,49.905,49.945,49.96,49.905,17068,3928.0,1372.0,1372.0
6485,2019-11-11,49.855,49.795,49.925,49.76,902,3929.0,1373.0,1373.0
6486,2019-11-12,50.05,50.12,50.13,50.02,321,3930.0,1374.0,1374.0
6487,2019-11-13,49.98,49.875,49.98,49.65,51,3931.0,1375.0,1375.0
6488,2019-11-14,49.86,49.72,49.88,49.72,436,3932.0,1376.0,1376.0
6489,2019-11-15,49.965,50.04,50.04,49.785,4337,3933.0,1377.0,1377.0
6490,2019-11-18,50.07,49.945,50.12,49.745,3856,3934.0,1378.0,1378.0
6491,2019-11-19,50.08,49.845,50.32,49.845,4740,3935.0,1379.0,1379.0
6492,2019-11-20,49.515,49.705,49.705,49.435,223,3936.0,1380.0,1380.0
6493,2019-11-21,49.35,49.56,49.6,49.195,6316,3937.0,1381.0,1381.0
6494,2019-11-22,49.68,49.695,49.845,49.67,579,3938.0,1382.0,1382.0
6495,2019-11-25,49.97,50.01,50.01,49.915,1667,3939.0,1383.0,1383.0
6496,2019-11-26,49.97,50.08,50.08,49.94,1061,3940.0,1384.0,1384.0
6497,2019-11-27,50.21,50.18,50.26,50.09,725,3941.0,1385.0,1385.0
6498,2019-11-28,49.995,50.02,50.02,49.975,425,3942.0,1386.0,1386.0
6499,2019-11-29,49.87,49.935,50.03,49.87,1448,3943.0,1387.0,1387.0
6500,2019-12-02,50.04,49.015,50.24,49.015,10611,3944.0,1388.0,1388.0
6501,2019-12-03,49.125,48.805,49.28,48.78,1973,3945.0,1389.0,1389.0
6502,2019-12-04,48.915,49.41,49.41,48.915,549,3946.0,1390.0,1390.0
6503,2019-12-05,49.505,49.305,49.555,49.305,59,3947.0,1391.0,1391.0
6504,2019-12-06,49.455,49.84,49.84,49.44,5831,3948.0,1392.0,1392.0
6505,2019-12-09,50.0,49.625,50.0,49.625,2877,3949.0,1393.0,1393.0
6506,2019-12-10,49.44,49.575,49.575,49.15,733,3950.0,1394.0,1394.0
6507,2019-12-11,49.425,49.54,49.54,49.425,452,3951.0,1395.0,1395.0
6508,2019-12-12,49.675,49.805,50.03,49.49,56370,3952.0,1396.0,1396.0
6509,2019-12-13,50.4,50.02,50.41,50.02,9695,3953.0,1397.0,1397.0
6510,2019-12-16,50.27,50.63,50.8,50.27,5189,3954.0,1398.0,1398.0
6511,2019-12-17,50.52,50.38,50.52,50.35,12502,3955.0,1399.0,1399.0
6512,2019-12-18,50.33,50.31,50.49,50.31,18982,3956.0,1400.0,1400.0
6513,2019-12-19,50.38,50.34,50.41,50.13,1890,3957.0,1401.0,1401.0
6514,2019-12-20,50.43,50.77,50.77,50.43,3662,3958.0,1402.0,1402.0
6515,2019-12-23,50.8,50.78,50.8,50.7,1948,3959.0,1403.0,1403.0
6516,2019-12-24,50.73,50.78,50.84,50.73,15,3960.0,1404.0,1404.0
6517,2019-12-27,50.91,50.84,50.91,50.81,1375,3961.0,1405.0,1405.0
6518,2019-12-30,50.77,50.28,50.77,50.28,9538,3962.0,1406.0,1406.0
6519,2019-12-31,50.28,50.18,50.28,50.18,0,3963.0,1407.0,1407.0
6520,2020-01-02,50.58,50.95,51.0,50.58,263,3964.0,1408.0,1408.0
6521,2020-01-03,50.72,50.72,50.75,50.49,2028,3965.0,1409.0,1409.0
6522,2020-01-06,50.35,50.47,50.52,50.0,577,3966.0,1410.0,1410.0
6523,2020-01-07,50.72,50.62,50.89,50.62,1125,3967.0,1411.0,1411.0
6524,2020-01-08,50.41,50.77,50.81,50.41,4241,3968.0,1412.0,1412.0
6525,2020-01-09,51.2,51.06,51.2,51.06,1329,3969.0,1413.0,1413.0
6526,2020-01-10,51.12,50.99,51.15,50.99,136,3970.0,1414.0,1414.0
6527,2020-01-13,51.05,50.92,51.12,50.86,11351,3971.0,1415.0,1415.0
6528,2020-01-14,50.93,50.95,50.99,50.57,1298,3972.0,1416.0,1416.0
6529,2020-01-15,51.17,50.88,51.17,50.88,405,3973.0,1417.0,1417.0
6530,2020-01-16,51.02,51.0,51.02,50.88,119,3974.0,1418.0,1418.0
6531,2020-01-17,51.29,51.42,51.45,51.29,2491,3975.0,1419.0,1419.0
6532,2020-01-20,51.37,51.4,51.46,51.35,370,3976.0,1420.0,1420.0
6533,2020-01-21,51.01,51.24,51.24,50.95,1004,3977.0,1421.0,1421.0
6534,2020-01-22,51.32,51.04,51.32,51.04,254,3978.0,1422.0,1422.0
6535,2020-01-23,50.88,50.67,50.9,50.59,2262,3979.0,1423.0,1423.0
6536,2020-01-24,51.13,51.18,51.38,51.13,140,3980.0,1424.0,1424.0
6537,2020-01-27,50.51,49.9,50.51,49.9,928,3981.0,1425.0,1425.0
6538,2020-01-28,50.15,50.47,50.47,49.915,932,3982.0,1426.0,1426.0
6539,2020-01-29,50.45,50.67,50.67,50.45,16,3983.0,1427.0,1427.0
6540,2020-01-30,50.11,50.09,50.37,49.99,251,3984.0,1428.0,1428.0
6541,2020-01-31,50.27,49.47,50.27,49.47,428,3985.0,1429.0,1429.0
6542,2020-02-03,49.585,49.735,49.75,49.585,45,3986.0,1430.0,1430.0
6543,2020-02-04,50.03,50.58,50.58,50.03,1118,3987.0,1431.0,1431.0
6544,2020-02-05,50.44,51.23,51.24,50.44,607,3988.0,1432.0,1432.0
6545,2020-02-06,51.58,51.58,51.58,51.46,1021,3989.0,1433.0,1433.0
6546,2020-02-07,51.46,51.45,51.48,51.39,2390,3990.0,1434.0,1434.0
6547,2020-02-10,51.34,51.38,51.38,51.31,49,3991.0,1435.0,1435.0
6548,2020-02-11,51.75,51.84,51.89,51.75,193,3992.0,1436.0,1436.0
6549,2020-02-12,51.97,52.28,52.28,51.97,28969,3993.0,1437.0,1437.0
6550,2020-02-13,51.86,52.2,52.2,51.78,1774,3994.0,1438.0,1438.0
6551,2020-02-14,52.21,52.17,52.32,52.17,186,3995.0,1439.0,1439.0
6552,2020-02-17,52.27,52.3,52.33,52.23,1349,3996.0,1440.0,1440.0
6553,2020-02-18,52.11,52.06,52.11,51.99,2192,3997.0,1441.0,1441.0
6554,2020-02-19,52.27,52.41,52.51,52.27,291,3998.0,1442.0,1442.0
6555,2020-02-20,52.57,52.02,52.57,52.02,46,3999.0,1443.0,1443.0
6556,2020-02-21,51.71,51.69,51.93,51.6,402,4000.0,1444.0,1444.0
6557,2020-02-24,50.47,49.665,50.47,49.425,2061,4001.0,1445.0,1445.0
6558,2020-02-25,49.76,48.72,49.85,48.72,1319,4002.0,1446.0,1446.0
6559,2020-02-26,48.52,48.815,49.02,47.87,3807,4003.0,1447.0,1447.0
6560,2020-02-27,48.02,47.17,48.02,46.87,1257,4004.0,1448.0,1448.0
6561,2020-02-28,46.04,45.505,46.04,45.0,1768,4005.0,1449.0,1449.0
6562,2020-03-02,46.17,45.61,46.38,45.03,4329,4006.0,1450.0,1450.0
6563,2020-03-03,46.255,46.085,46.935,46.085,1144,4007.0,1451.0,1451.0
6564,2020-03-04,46.125,46.66,46.875,46.125,951,4008.0,1452.0,1452.0
6565,2020-03-05,46.755,45.84,46.755,45.795,330,4009.0,1453.0,1453.0
6566,2020-03-06,45.01,44.19,45.09,43.985,2081,4010.0,1454.0,1454.0
6567,2020-03-09,41.35,40.655,41.72,40.655,1780,4011.0,1455.0,1455.0
6568,2020-03-10,41.08,39.97,42.175,39.895,5254,4012.0,1456.0,1456.0
6569,2020-03-11,40.545,39.78,40.82,39.755,380,4013.0,1457.0,1457.0
6570,2020-03-12,37.775,34.92,37.775,34.92,5941,4014.0,1458.0,1458.0
6571,2020-03-13,36.645,35.455,37.8,35.04,2126,4015.0,1459.0,1459.0
6572,2020-03-16,34.14,33.295,34.15,31.445,7009,4016.0,1460.0,1460.0
6573,2020-03-17,34.7,34.005,34.7,32.915,88403,4017.0,1461.0,1461.0
6574,2020-03-18,33.48,32.4,33.48,32.4,5039,4018.0,1462.0,1462.0
6575,2020-03-19,33.28,32.22,33.555,32.22,2126,4019.0,1463.0,1463.0
6576,2020-03-20,35.35,34.7,35.35,34.7,250,4020.0,1464.0,1464.0
6577,2020-03-23,33.6,33.72,34.425,33.6,726,4021.0,1465.0,1465.0
6578,2020-03-24,35.725,36.595,36.595,35.725,5000,4022.0,1466.0,1466.0
6579,2020-03-25,37.84,37.72,37.985,36.645,719,4023.0,1467.0,1467.0
6580,2020-03-26,37.04,38.4,38.4,36.96,940,4024.0,1468.0,1468.0
6581,2020-03-27,37.675,36.95,37.71,36.645,382,4025.0,1469.0,1469.0
6582,2020-03-30,37.06,37.25,37.25,36.32,190,4026.0,1470.0,1470.0
6583,2020-03-31,37.715,37.725,38.09,37.24,5837,4027.0,1471.0,1471.0
6584,2020-04-01,36.755,36.38,36.755,36.38,96,4028.0,1472.0,1472.0
6585,2020-04-02,36.89,36.535,36.89,36.005,679,4029.0,1473.0,1473.0
6586,2020-04-03,36.22,36.175,36.4,36.175,445,4030.0,1474.0,1474.0
6587,2020-04-06,37.39,37.81,37.815,37.37,207,4031.0,1475.0,1475.0
6588,2020-04-07,38.965,38.67,38.965,38.67,0,4032.0,1476.0,1476.0
6589,2020-04-08,38.47,38.675,38.675,38.1,157,4033.0,1477.0,1477.0
6590,2020-04-09,39.2,39.32,39.43,38.71,1219,4034.0,1478.0,1478.0
6591,2020-04-14,39.505,39.56,39.96,39.49,1343,4035.0,1479.0,1479.0
6592,2020-04-15,39.755,38.16,39.755,38.12,4486,4036.0,1480.0,1480.0
6593,2020-04-16,38.6,38.18,38.695,38.04,1299,4037.0,1481.0,1481.0
6594,2020-04-17,39.265,39.195,39.53,39.12,1204,4038.0,1482.0,1482.0
6595,2020-04-20,39.33,39.37,39.37,38.77,1170,4039.0,1483.0,1483.0
6596,2020-04-21,38.895,38.045,38.895,38.045,895,4040.0,1484.0,1484.0
6597,2020-04-22,38.25,38.66,38.66,38.25,1979,4041.0,1485.0,1485.0
6598,2020-04-23,38.835,38.985,38.985,38.57,11,4042.0,1486.0,1486.0
6599,2020-04-24,38.365,38.5,38.76,38.365,143,4043.0,1487.0,1487.0
6600,2020-04-27,39.3,39.415,39.415,39.2,2741,4044.0,1488.0,1488.0
6601,2020-04-28,39.475,40.03,40.24,39.47,706,4045.0,1489.0,1489.0
6602,2020-04-29,40.38,40.965,40.965,40.05,305,4046.0,1490.0,1490.0
6603,2020-04-30,41.03,40.18,41.03,40.18,928,4047.0,1491.0,1491.0
6604,2020-05-04,38.93,38.715,38.97,38.715,472,4048.0,1492.0,1492.0
6605,2020-05-05,39.33,39.565,39.565,39.33,119,4049.0,1493.0,1493.0
6606,2020-05-06,39.535,39.25,39.63,39.25,1024,4050.0,1494.0,1494.0
6607,2020-05-07,39.535,39.8,39.8,39.44,1676,4051.0,1495.0,1495.0
6608,2020-05-08,40.195,40.25,40.25,40.135,630,4052.0,1496.0,1496.0
6609,2020-05-11,40.475,39.96,40.515,39.755,1993,4053.0,1497.0,1497.0
6610,2020-05-12,39.91,39.99,40.015,39.895,5539,4054.0,1498.0,1498.0
6611,2020-05-13,39.52,39.065,39.52,39.065,22,4055.0,1499.0,1499.0
6612,2020-05-14,38.45,38.315,38.66,37.84,6166,4056.0,1500.0,1500.0
6613,2020-05-15,38.85,38.445,38.85,38.405,398,4057.0,1501.0,1501.0
6614,2020-05-18,39.31,40.285,40.335,39.31,13827,4058.0,1502.0,1502.0
6615,2020-05-19,40.55,40.01,40.55,39.96,3362,4059.0,1503.0,1503.0
6616,2020-05-20,39.825,40.545,40.545,39.735,1115,4060.0,1504.0,1504.0
6617,2020-05-21,39.97,40.1,40.1,39.97,1115,4061.0,1505.0,1505.0
6618,2020-05-22,39.6,40.235,40.37,39.6,20325,4062.0,1506.0,1506.0
6619,2020-05-25,40.52,41.095,41.095,40.52,585,4063.0,1507.0,1507.0
6620,2020-05-26,41.58,41.675,41.675,41.4,11859,4064.0,1508.0,1508.0
6621,2020-05-27,41.805,42.15,42.305,41.805,9509,4065.0,1509.0,1509.0
6622,2020-05-28,42.46,42.775,42.775,42.46,15008,4066.0,1510.0,1510.0
6623,2020-05-29,42.32,42.155,42.57,42.155,66,4067.0,1511.0,1511.0
6624,2020-06-01,42.835,42.83,42.92,42.425,927,4068.0,1512.0,1512.0
6625,2020-06-02,43.14,43.495,43.64,43.0,5220,4069.0,1513.0,1513.0
6626,2020-06-03,43.91,44.905,44.905,43.91,12739,4070.0,1514.0,1514.0
6627,2020-06-04,44.64,44.835,44.965,44.53,1380,4071.0,1515.0,1515.0
6628,2020-06-05,45.355,46.105,46.115,45.355,1836,4072.0,1516.0,1516.0
6629,2020-06-08,45.635,45.935,46.1,45.635,4623,4073.0,1517.0,1517.0
6630,2020-06-09,46.0,45.315,46.0,45.12,1006,4074.0,1518.0,1518.0
6631,2020-06-10,45.705,44.975,45.705,44.975,8,4075.0,1519.0,1519.0
6632,2020-06-11,43.96,42.995,44.09,42.995,625,4076.0,1520.0,1520.0
6633,2020-06-12,42.655,43.21,43.71,42.595,11194,4077.0,1521.0,1521.0
6634,2020-06-15,42.255,43.08,43.08,42.115,669,4078.0,1522.0,1522.0
6635,2020-06-16,44.04,44.41,44.855,43.99,663,4079.0,1523.0,1523.0
6636,2020-06-17,44.51,44.685,44.725,44.48,726,4080.0,1524.0,1524.0
6637,2020-06-18,44.575,44.42,44.84,44.155,1024,4081.0,1525.0,1525.0
6638,2020-06-19,44.865,44.61,44.865,44.61,2942,4082.0,1526.0,1526.0
6639,2020-06-22,44.105,44.545,44.62,44.105,1030,4083.0,1527.0,1527.0
6640,2020-06-23,44.565,45.0,45.175,44.565,5112,4084.0,1528.0,1528.0
6641,2020-06-24,44.765,43.62,44.765,43.62,11208,4085.0,1529.0,1529.0
6642,2020-06-25,43.48,43.98,43.98,43.48,4334,4086.0,1530.0,1530.0
6643,2020-06-26,44.395,44.49,44.49,44.085,606,4087.0,1531.0,1531.0
6644,2020-06-29,43.765,44.11,44.11,43.765,6011,4088.0,1532.0,1532.0
6645,2020-06-30,44.19,44.21,44.29,44.19,12186,4089.0,1533.0,1533.0
6646,2020-07-01,44.65,44.17,44.65,43.88,378,4090.0,1534.0,1534.0
6647,2020-07-02,44.57,45.265,45.265,44.57,1,4091.0,1535.0,1535.0
6648,2020-07-03,45.31,44.975,45.38,44.93,17370,4092.0,1536.0,1536.0
6649,2020-07-06,45.655,45.72,45.72,45.625,6426,4093.0,1537.0,1537.0
6650,2020-07-07,45.45,45.38,45.45,45.345,2,4094.0,1538.0,1538.0
6651,2020-07-08,44.47,44.24,44.525,44.24,897,4095.0,1539.0,1539.0
6652,2020-07-09,44.49,43.865,44.545,43.865,3441,4096.0,1540.0,1540.0
6653,2020-07-10,43.67,44.305,44.305,43.67,138,4097.0,1541.0,1541.0
6654,2020-07-13,44.795,44.93,44.93,44.715,2139,4098.0,1542.0,1542.0
6655,2020-07-14,44.355,44.565,44.565,44.17,45,4099.0,1543.0,1543.0
6656,2020-07-15,44.92,45.225,45.225,44.86,38,4100.0,1544.0,1544.0
6657,2020-07-16,44.965,45.105,45.14,44.965,5031,4101.0,1545.0,1545.0
6658,2020-07-17,45.255,45.07,45.255,44.955,5389,4102.0,1546.0,1546.0
6659,2020-07-20,44.91,45.465,45.465,44.91,0,4103.0,1547.0,1547.0
6660,2020-07-21,45.865,45.67,46.145,45.67,8289,4104.0,1548.0,1548.0
6661,2020-07-22,45.505,45.295,45.505,45.295,37,4105.0,1549.0,1549.0
6662,2020-07-23,45.54,45.33,45.54,45.3,50,4106.0,1550.0,1550.0
6663,2020-07-24,44.72,44.495,44.72,44.395,81,4107.0,1551.0,1551.0
6664,2020-07-27,44.465,44.38,44.495,44.38,303,4108.0,1552.0,1552.0
6665,2020-07-28,44.465,44.405,44.465,44.405,315,4109.0,1553.0,1553.0
6666,2020-07-29,44.445,44.4,44.445,44.395,5042,4110.0,1554.0,1554.0
6667,2020-07-30,44.325,43.23,44.325,43.0,5033,4111.0,1555.0,1555.0
6668,2020-07-31,43.345,42.85,43.345,42.85,7150,4112.0,1556.0,1556.0
6669,2020-08-03,43.02,43.74,43.87,42.995,9479,4113.0,1557.0,1557.0
6670,2020-08-04,44.075,43.775,44.075,43.65,111,4114.0,1558.0,1558.0
6671,2020-08-05,44.085,44.03,44.215,43.905,2037,4115.0,1559.0,1559.0
6672,2020-08-06,43.9,43.72,44.175,43.72,10,4116.0,1560.0,1560.0
6673,2020-08-07,43.7,43.885,43.94,43.61,491,4117.0,1561.0,1561.0
6674,2020-08-10,43.995,44.005,44.005,43.975,300,4118.0,1562.0,1562.0
6675,2020-08-11,44.435,44.9,44.935,44.435,2226,4119.0,1563.0,1563.0
6676,2020-08-12,44.785,45.345,45.345,44.785,2,4120.0,1564.0,1564.0
6677,2020-08-13,45.27,45.115,45.27,45.06,242,4121.0,1565.0,1565.0
6678,2020-08-14,44.89,44.575,44.89,44.575,119,4122.0,1566.0,1566.0
6679,2020-08-17,44.735,44.65,44.735,44.55,716,4123.0,1567.0,1567.0
6680,2020-08-18,44.38,44.42,44.805,44.38,248,4124.0,1568.0,1568.0
6681,2020-08-19,44.285,44.705,44.705,44.285,49,4125.0,1569.0,1569.0
6682,2020-08-20,44.115,44.16,44.33,44.0,14153,4126.0,1570.0,1570.0
6683,2020-08-21,44.315,44.04,44.315,43.925,332,4127.0,1571.0,1571.0
6684,2020-08-24,44.565,44.935,44.935,44.565,8340,4128.0,1572.0,1572.0
6685,2020-08-25,45.31,44.925,45.33,44.925,695,4129.0,1573.0,1573.0
6686,2020-08-26,44.765,45.33,45.33,44.765,21583,4130.0,1574.0,1574.0
6687,2020-08-27,45.325,44.965,45.335,44.965,1887,4131.0,1575.0,1575.0
6688,2020-08-28,45.035,44.825,45.035,44.635,220,4132.0,1576.0,1576.0
6689,2020-08-31,45.42,44.35,45.42,44.35,428,4133.0,1577.0,1577.0
6690,2020-09-01,44.605,44.38,44.605,44.38,865,4134.0,1578.0,1578.0
6691,2020-09-02,44.735,45.22,45.22,44.735,252,4135.0,1579.0,1579.0
6692,2020-09-03,45.59,44.56,45.59,44.56,16020,4136.0,1580.0,1580.0
6693,2020-09-04,44.17,44.045,44.92,44.045,5646,4137.0,1581.0,1581.0
6694,2020-09-07,44.335,44.775,44.775,44.335,180,4138.0,1582.0,1582.0
6695,2020-09-08,44.79,44.175,44.79,44.175,3,4139.0,1583.0,1583.0
6696,2020-09-09,44.32,44.945,44.945,44.32,0,4140.0,1584.0,1584.0
6697,2020-09-10,45.02,44.855,45.02,44.785,5965,4141.0,1585.0,1585.0
6698,2020-09-11,44.76,44.855,44.975,44.76,416,4142.0,1586.0,1586.0
6699,2020-09-14,45.145,44.905,45.155,44.79,12225,4143.0,1587.0,1587.0
6700,2020-09-15,45.0,45.1,45.21,44.925,2414,4144.0,1588.0,1588.0
6701,2020-09-16,45.195,45.24,45.33,44.91,8428,4145.0,1589.0,1589.0
6702,2020-09-17,44.475,44.98,45.05,44.475,3966,4146.0,1590.0,1590.0
6703,2020-09-18,44.98,44.59,44.99,44.59,2441,4147.0,1591.0,1591.0
6704,2020-09-21,44.185,42.98,44.185,42.965,322,4148.0,1592.0,1592.0
6705,2020-09-22,43.265,43.035,43.29,43.035,101,4149.0,1593.0,1593.0
6706,2020-09-23,43.445,43.245,43.445,43.245,101,4150.0,1594.0,1594.0
6707,2020-09-24,42.805,42.985,43.245,42.805,3077,4151.0,1595.0,1595.0
6708,2020-09-25,42.875,42.755,42.925,42.295,14982,4152.0,1596.0,1596.0
6709,2020-09-28,43.41,43.86,43.86,43.345,7537,4153.0,1597.0,1597.0
6710,2020-09-29,43.715,43.69,43.73,43.69,25,4154.0,1598.0,1598.0
6711,2020-09-30,43.485,43.515,43.68,43.365,848,4155.0,1599.0,1599.0
6712,2020-10-01,43.925,43.64,43.925,43.64,113,4156.0,1600.0,1600.0
6713,2020-10-02,43.145,43.635,43.635,43.145,52,4157.0,1601.0,1601.0
6714,2020-10-05,44.11,44.13,44.13,43.985,89,4158.0,1602.0,1602.0
6715,2020-10-06,44.25,44.31,44.31,44.215,6,4159.0,1603.0,1603.0
6716,2020-10-07,44.325,44.32,44.325,44.32,0,4160.0,1604.0,1604.0
6717,2020-10-08,44.645,44.67,44.715,44.645,737,4161.0,1605.0,1605.0
6718,2020-10-09,44.83,44.85,44.85,44.67,2594,4162.0,1606.0,1606.0
6719,2020-10-12,44.9,45.185,45.225,44.9,5515,4163.0,1607.0,1607.0
6720,2020-10-13,45.135,44.9,45.135,44.9,777,4164.0,1608.0,1608.0
6721,2020-10-14,44.91,44.94,44.94,44.91,29,4165.0,1609.0,1609.0
6722,2020-10-15,44.36,43.965,44.36,43.82,271,4166.0,1610.0,1610.0
6723,2020-10-16,44.315,44.59,44.685,44.26,3411,4167.0,1611.0,1611.0
6724,2020-10-19,44.995,44.64,44.995,44.51,209,4168.0,1612.0,1612.0
6725,2020-10-20,44.675,44.425,44.71,44.425,564,4169.0,1613.0,1613.0
6726,2020-10-21,44.425,43.735,44.425,43.735,3130,4170.0,1614.0,1614.0
6727,2020-10-22,43.33,43.685,43.685,43.33,408,4171.0,1615.0,1615.0
6728,2020-10-23,43.71,43.925,44.22,43.71,183,4172.0,1616.0,1616.0
6729,2020-10-26,43.255,43.0,43.58,43.0,714,4173.0,1617.0,1617.0
6730,2020-10-27,42.985,42.47,42.985,42.47,119,4174.0,1618.0,1618.0
6731,2020-10-28,41.49,41.085,41.63,41.0,1128,4175.0,1619.0,1619.0
6732,2020-10-29,41.385,41.045,41.385,40.905,665,4176.0,1620.0,1620.0
6733,2020-10-30,40.73,41.08,41.14,40.65,140,4177.0,1621.0,1621.0
6734,2020-11-02,41.135,41.73,41.835,41.1,8131,4178.0,1622.0,1622.0
6735,2020-11-03,42.21,42.805,42.805,42.095,170,4179.0,1623.0,1623.0
6736,2020-11-04,42.255,43.64,43.64,42.255,19968,4180.0,1624.0,1624.0
6737,2020-11-05,44.04,44.29,44.36,44.04,360,4181.0,1625.0,1625.0
6738,2020-11-06,44.235,44.195,44.235,44.195,22,4182.0,1626.0,1626.0
6739,2020-11-09,44.73,46.45,46.71,44.73,4707,4183.0,1627.0,1627.0
6740,2020-11-10,46.565,46.98,47.06,46.555,3696,4184.0,1628.0,1628.0
6741,2020-11-11,47.17,47.305,47.305,47.0,13888,4185.0,1629.0,1629.0
6742,2020-11-12,46.98,46.885,47.105,46.885,655,4186.0,1630.0,1630.0
6743,2020-11-13,46.755,47.0,47.145,46.755,1819,4187.0,1631.0,1631.0
6744,2020-11-16,47.39,47.57,47.84,47.39,311,4188.0,1632.0,1632.0
6745,2020-11-17,47.57,47.57,47.585,47.3,2530,4189.0,1633.0,1633.0
6746,2020-11-18,47.395,47.78,47.78,47.395,2371,4190.0,1634.0,1634.0
6747,2020-11-19,47.6,47.44,47.6,47.33,369,4191.0,1635.0,1635.0
6748,2020-11-20,47.49,47.67,47.67,47.49,0,4192.0,1636.0,1636.0
6749,2020-11-23,47.985,47.595,48.085,47.595,533,4193.0,1637.0,1637.0
6750,2020-11-24,48.095,48.195,48.195,47.965,12613,4194.0,1638.0,1638.0
6751,2020-11-25,48.38,48.27,48.38,48.1,12334,4195.0,1639.0,1639.0
6752,2020-11-26,48.345,48.245,48.345,48.245,845,4196.0,1640.0,1640.0
6753,2020-11-27,48.205,48.525,48.595,48.205,431,4197.0,1641.0,1641.0
6754,2020-11-30,48.23,48.07,48.61,48.07,2189,4198.0,1642.0,1642.0
6755,2020-12-01,48.355,48.465,48.495,48.355,120,4199.0,1643.0,1643.0
6756,2020-12-02,48.325,48.38,48.435,48.21,1688,4200.0,1644.0,1644.0
6757,2020-12-03,48.375,48.345,48.4,48.345,67,4201.0,1645.0,1645.0
6758,2020-12-04,48.42,48.68,48.68,48.42,3333,4202.0,1646.0,1646.0
6759,2020-12-07,48.57,48.515,48.57,48.21,3889,4203.0,1647.0,1647.0
6760,2020-12-08,48.44,48.52,48.535,48.295,1490,4204.0,1648.0,1648.0
6761,2020-12-09,48.52,48.36,48.52,48.36,1589,4205.0,1649.0,1649.0
6762,2020-12-10,48.44,48.265,48.455,47.92,20927,4206.0,1650.0,1650.0
6763,2020-12-11,48.115,47.84,48.115,47.43,2782,4207.0,1651.0,1651.0
6764,2020-12-14,48.26,48.08,48.405,48.08,22816,4208.0,1652.0,1652.0
6765,2020-12-15,48.075,48.32,48.35,48.075,7688,4209.0,1653.0,1653.0
6766,2020-12-16,48.49,48.62,48.805,48.49,6495,4210.0,1654.0,1654.0
6767,2020-12-17,48.965,48.785,48.965,48.75,5055,4211.0,1655.0,1655.0
6768,2020-12-18,48.695,48.655,48.895,48.655,3234,4212.0,1656.0,1656.0
6769,2020-12-21,47.625,47.465,47.68,46.81,8725,4213.0,1657.0,1657.0
6770,2020-12-22,47.74,48.115,48.115,47.74,816,4214.0,1658.0,1658.0
6771,2020-12-23,48.28,48.645,48.645,48.28,1566,4215.0,1659.0,1659.0
6772,2020-12-24,48.745,48.715,48.87,48.715,4015,4216.0,1660.0,1660.0
6773,2020-12-28,49.26,49.16,49.305,49.065,358,4217.0,1661.0,1661.0
6774,2020-12-29,49.36,49.255,49.465,49.255,4441,4218.0,1662.0,1662.0
6775,2020-12-30,49.32,49.13,49.34,49.13,15397,4219.0,1663.0,1663.0
6776,2020-12-31,48.9,48.675,48.9,48.675,60,4220.0,1664.0,1664.0
6777,2021-01-04,49.48,49.22,49.925,49.22,868,4221.0,1665.0,1665.0
6778,2021-01-05,49.11,49.04,49.11,48.905,514,4222.0,1666.0,1666.0
6779,2021-01-06,49.335,49.755,49.755,49.335,376,4223.0,1667.0,1667.0
6780,2021-01-07,49.94,49.96,50.07,49.75,284,4224.0,1668.0,1668.0
6781,2021-01-08,50.41,50.29,50.41,50.2,2212,4225.0,1669.0,1669.0
6782,2021-01-11,50.21,49.925,50.21,49.85,481,4226.0,1670.0,1670.0
6783,2021-01-12,50.07,49.875,50.13,49.875,2194,4227.0,1671.0,1671.0
6784,2021-01-13,49.845,49.995,50.07,49.83,2029,4228.0,1672.0,1672.0
6785,2021-01-14,50.12,50.27,50.27,50.1,1910,4229.0,1673.0,1673.0
6786,2021-01-15,50.01,49.675,50.08,49.6,2041,4230.0,1674.0,1674.0
6787,2021-01-18,49.575,49.78,49.78,49.535,2005,4231.0,1675.0,1675.0
6788,2021-01-19,50.04,49.675,50.12,49.675,689,4232.0,1676.0,1676.0
6789,2021-01-20,49.855,50.05,50.12,49.855,2298,4233.0,1677.0,1677.0
6790,2021-01-21,50.44,50.03,50.44,50.03,1215,4234.0,1678.0,1678.0
6791,2021-01-22,49.875,49.745,49.88,49.475,308,4235.0,1679.0,1679.0
6792,2021-01-25,50.01,49.105,50.01,49.105,10,4236.0,1680.0,1680.0
6793,2021-01-26,49.11,49.495,49.725,49.11,8116,4237.0,1681.0,1681.0
6794,2021-01-27,49.22,48.82,49.52,48.82,47,4238.0,1682.0,1682.0
6795,2021-01-28,48.61,49.08,49.13,48.61,470,4239.0,1683.0,1683.0
6796,2021-01-29,48.42,48.24,48.64,48.195,298,4240.0,1684.0,1684.0
6797,2021-02-01,48.615,48.86,48.925,48.615,3802,4241.0,1685.0,1685.0
6798,2021-02-02,49.23,49.605,49.605,49.23,564,4242.0,1686.0,1686.0
6799,2021-02-03,49.765,49.875,49.955,49.68,639,4243.0,1687.0,1687.0
6800,2021-02-04,49.965,50.29,50.33,49.965,2122,4244.0,1688.0,1688.0
6801,2021-02-05,50.38,50.47,50.64,50.13,445,4245.0,1689.0,1689.0
6802,2021-02-08,50.75,50.62,50.76,50.59,600,4246.0,1690.0,1690.0
6803,2021-02-09,50.6,50.5,50.6,50.39,856,4247.0,1691.0,1691.0
6804,2021-02-10,50.7,50.33,50.7,50.33,1227,4248.0,1692.0,1692.0
6805,2021-02-11,50.4,50.59,50.59,50.4,204,4249.0,1693.0,1693.0
6806,2021-02-12,50.48,50.84,50.84,50.25,740,4250.0,1694.0,1694.0
6807,2021-02-15,51.08,51.33,51.39,51.08,958,4251.0,1695.0,1695.0
6808,2021-02-16,51.35,51.26,51.4,51.26,3651,4252.0,1696.0,1696.0
6809,2021-02-17,50.99,50.85,51.14,50.84,703,4253.0,1697.0,1697.0
6810,2021-02-18,50.93,50.53,50.95,50.5,223,4254.0,1698.0,1698.0
6811,2021-02-19,50.69,50.94,50.94,50.69,532,4255.0,1699.0,1699.0
6812,2021-02-22,50.54,50.66,50.69,50.39,5633,4256.0,1700.0,1700.0
6813,2021-02-23,50.76,50.45,50.76,50.12,2151,4257.0,1701.0,1701.0
6814,2021-02-24,50.51,50.65,50.65,50.51,729,4258.0,1702.0,1702.0
6815,2021-02-25,50.95,50.57,50.95,50.57,309,4259.0,1703.0,1703.0
6816,2021-02-26,49.925,49.915,50.39,49.755,1716,4260.0,1704.0,1704.0
6817,2021-03-01,50.71,50.78,50.82,50.55,1487,4261.0,1705.0,1705.0
6818,2021-03-02,50.69,50.76,50.93,50.69,444,4262.0,1706.0,1706.0
6819,2021-03-03,51.07,50.82,51.09,50.68,303,4263.0,1707.0,1707.0
6820,2021-03-04,50.61,50.67,50.7,50.48,8003,4264.0,1708.0,1708.0
6821,2021-03-05,50.3,50.21,50.56,50.21,10228,4265.0,1709.0,1709.0
6822,2021-03-08,50.52,51.37,51.37,50.49,494,4266.0,1710.0,1710.0
6823,2021-03-09,51.3,51.67,51.67,51.3,1271,4267.0,1711.0,1711.0
6824,2021-03-10,51.61,52.0,52.06,51.61,1455,4268.0,1712.0,1712.0
6825,2021-03-11,52.29,52.35,52.35,52.13,1874,4269.0,1713.0,1713.0
6826,2021-03-12,52.13,52.23,52.23,52.07,730,4270.0,1714.0,1714.0
6827,2021-03-15,52.43,52.2,52.59,52.17,497,4271.0,1715.0,1715.0
6828,2021-03-16,52.45,52.48,52.52,52.42,834,4272.0,1716.0,1716.0
6829,2021-03-17,52.52,52.44,52.52,52.37,2338,4273.0,1717.0,1717.0
6830,2021-03-18,52.72,52.71,52.76,52.55,487,4274.0,1718.0,1718.0
6831,2021-03-19,52.58,52.27,52.58,52.05,906,4275.0,1719.0,1719.0
6832,2021-03-22,51.94,52.26,52.26,51.94,657,4276.0,1720.0,1720.0
6833,2021-03-23,52.04,52.17,52.32,52.04,911,4277.0,1721.0,1721.0
6834,2021-03-24,51.86,52.23,52.23,51.86,160,4278.0,1722.0,1722.0
6835,2021-03-25,51.92,52.16,52.16,51.72,2924,4279.0,1723.0,1723.0
6836,2021-03-26,52.57,52.66,52.66,52.45,44,4280.0,1724.0,1724.0
6837,2021-03-29,52.83,52.8,52.83,52.76,217,4281.0,1725.0,1725.0
6838,2021-03-30,53.12,53.3,53.3,52.99,542,4282.0,1726.0,1726.0
6839,2021-03-31,53.32,53.18,53.35,53.17,652,4283.0,1727.0,1727.0
6840,2021-04-01,53.37,53.61,53.61,53.37,1071,4284.0,1728.0,1728.0
6841,2021-04-06,53.74,53.89,54.01,53.74,407,4285.0,1729.0,1729.0
6842,2021-04-07,53.93,53.79,53.95,53.77,1714,4286.0,1730.0,1730.0
6843,2021-04-08,54.0,54.03,54.03,53.88,348,4287.0,1731.0,1731.0
6844,2021-04-09,54.04,54.07,54.13,54.04,366,4288.0,1732.0,1732.0
6845,2021-04-12,54.02,53.86,54.08,53.86,575,4289.0,1733.0,1733.0
6846,2021-04-13,54.01,53.99,54.12,53.9,1460,4290.0,1734.0,1734.0
6847,2021-04-14,54.13,54.09,54.2,54.09,689,4291.0,1735.0,1735.0
6848,2021-04-15,54.25,54.25,54.3,54.2,799,4292.0,1736.0,1736.0
6849,2021-04-16,54.36,54.78,54.78,54.36,2209,4293.0,1737.0,1737.0
6850,2021-04-19,54.87,54.7,54.91,54.7,4158,4294.0,1738.0,1738.0
6851,2021-04-20,54.7,53.7,54.74,53.7,613,4295.0,1739.0,1739.0
6852,2021-04-21,54.03,54.07,54.07,53.87,1237,4296.0,1740.0,1740.0
6853,2021-04-22,54.35,54.6,54.6,54.35,48,4297.0,1741.0,1741.0
6854,2021-04-23,54.51,54.58,54.64,54.29,390,4298.0,1742.0,1742.0
6855,2021-04-26,54.61,54.74,54.74,54.55,835,4299.0,1743.0,1743.0
6856,2021-04-27,54.76,54.68,54.76,54.65,26,4300.0,1744.0,1744.0
6857,2021-04-28,54.87,54.79,54.89,54.71,469,4301.0,1745.0,1745.0
6858,2021-04-29,54.96,54.61,55.0,54.61,383,4302.0,1746.0,1746.0
6859,2021-04-30,54.67,54.37,54.71,54.37,370,4303.0,1747.0,1747.0
6860,2021-05-03,54.49,54.72,54.78,54.43,929,4304.0,1748.0,1748.0
6861,2021-05-04,54.79,53.79,54.89,53.79,557,4305.0,1749.0,1749.0
6862,2021-05-05,54.28,54.84,54.84,54.19,2402,4306.0,1750.0,1750.0
6863,2021-05-06,55.01,54.83,55.01,54.58,6181,4307.0,1751.0,1751.0
6864,2021-05-07,55.23,55.36,55.36,55.04,4661,4308.0,1752.0,1752.0
6865,2021-05-10,55.48,55.29,55.48,55.18,3466,4309.0,1753.0,1753.0
6866,2021-05-11,54.76,54.29,54.76,53.96,1213,4310.0,1754.0,1754.0
6867,2021-05-12,54.36,54.31,54.36,54.22,1338,4311.0,1755.0,1755.0
6868,2021-05-13,53.7,54.39,54.39,53.3,3448,4312.0,1756.0,1756.0
6869,2021-05-14,54.83,55.19,55.19,54.66,362,4313.0,1757.0,1757.0
6870,2021-05-17,55.38,55.13,55.42,55.08,2075,4314.0,1758.0,1758.0
6871,2021-05-18,55.51,55.2,55.54,55.2,190,4315.0,1759.0,1759.0
6872,2021-05-19,54.63,54.36,54.63,54.36,3,4316.0,1760.0,1760.0
6873,2021-05-20,54.7,55.12,55.12,54.54,5304,4317.0,1761.0,1761.0
6874,2021-05-21,55.29,55.46,55.48,55.22,3496,4318.0,1762.0,1762.0
6875,2021-05-24,55.55,55.73,55.73,55.52,138,4319.0,1763.0,1763.0
6876,2021-05-25,55.76,55.72,55.87,55.72,693,4320.0,1764.0,1764.0
6877,2021-05-26,55.94,55.68,55.94,55.68,11760,4321.0,1765.0,1765.0
6878,2021-05-27,55.65,55.76,55.96,55.56,8450,4322.0,1766.0,1766.0
6879,2021-05-28,55.95,56.19,56.19,55.95,4,4323.0,1767.0,1767.0
6880,2021-05-31,56.16,55.84,56.21,55.84,3052,4324.0,1768.0,1768.0
6881,2021-06-01,56.19,56.28,56.64,56.19,555,4325.0,1769.0,1769.0
6882,2021-06-02,56.39,56.45,56.45,56.31,65,4326.0,1770.0,1770.0
6883,2021-06-03,56.42,56.38,56.44,56.18,243,4327.0,1771.0,1771.0
6884,2021-06-04,56.44,56.54,56.54,56.37,682,4328.0,1772.0,1772.0
6885,2021-06-07,56.7,56.78,56.79,56.55,5265,4329.0,1773.0,1773.0
6886,2021-06-08,56.82,56.75,56.94,56.75,672,4330.0,1774.0,1774.0
6887,2021-06-09,56.82,56.76,56.82,56.76,368,4331.0,1775.0,1775.0
6888,2021-06-10,56.81,56.7,56.85,56.65,833,4332.0,1776.0,1776.0
6889,2021-06-11,56.73,57.12,57.12,56.73,244,4333.0,1777.0,1777.0
6890,2021-06-14,57.46,57.23,57.47,57.23,5352,4334.0,1778.0,1778.0
6891,2021-06-15,57.48,57.31,57.48,57.31,69,4335.0,1779.0,1779.0
6892,2021-06-16,57.43,57.39,57.48,57.32,1161,4336.0,1780.0,1780.0
6893,2021-06-17,57.17,57.43,57.46,57.17,257,4337.0,1781.0,1781.0
6894,2021-06-18,57.43,56.49,57.43,56.49,548,4338.0,1782.0,1782.0
6895,2021-06-21,56.41,56.82,56.82,56.08,1473,4339.0,1783.0,1783.0
6896,2021-06-22,56.88,56.96,56.96,56.66,1099,4340.0,1784.0,1784.0
6897,2021-06-23,57.11,56.42,57.11,56.42,990,4341.0,1785.0,1785.0
6898,2021-06-24,56.71,57.14,57.14,56.71,1135,4342.0,1786.0,1786.0
6899,2021-06-25,57.26,57.21,57.26,57.13,2618,4343.0,1787.0,1787.0
6900,2021-06-28,57.11,56.76,57.13,56.76,646,4344.0,1788.0,1788.0
6901,2021-06-29,56.91,57.02,57.2,56.91,508,4345.0,1789.0,1789.0
6902,2021-06-30,57.02,56.47,57.02,56.27,2552,4346.0,1790.0,1790.0
6903,2021-07-01,56.96,56.8,56.96,56.42,9128,4347.0,1791.0,1791.0
6904,2021-07-02,56.91,56.86,56.95,56.81,467,4348.0,1792.0,1792.0
6905,2021-07-05,56.84,56.95,57.0,56.81,391,4349.0,1793.0,1793.0
6906,2021-07-06,56.84,56.57,56.87,56.53,2895,4350.0,1794.0,1794.0
6907,2021-07-07,55.78,55.95,55.96,55.78,515,4351.0,1795.0,1795.0
6908,2021-07-08,55.48,54.89,55.48,54.69,249,4352.0,1796.0,1796.0
6909,2021-07-09,55.25,55.79,55.79,55.25,422,4353.0,1797.0,1797.0
6910,2021-07-12,55.92,56.13,56.13,55.58,2632,4354.0,1798.0,1798.0
6911,2021-07-13,56.13,56.18,56.2,56.1,482,4355.0,1799.0,1799.0
6912,2021-07-14,56.08,56.21,56.21,56.08,204,4356.0,1800.0,1800.0
6913,2021-07-15,55.97,55.57,55.97,55.46,15292,4357.0,1801.0,1801.0
6914,2021-07-16,55.65,55.39,55.77,55.2,64,4358.0,1802.0,1802.0
6915,2021-07-19,54.89,54.03,54.89,54.0,505,4359.0,1803.0,1803.0
6916,2021-07-20,54.46,54.37,54.63,54.31,361,4360.0,1804.0,1804.0
6917,2021-07-21,54.76,55.32,55.32,54.76,161,4361.0,1805.0,1805.0
6918,2021-07-22,55.66,55.75,55.83,55.65,780,4362.0,1806.0,1806.0
6919,2021-07-23,56.03,56.41,56.41,55.89,125,4363.0,1807.0,1807.0
6920,2021-07-26,56.15,56.36,56.38,56.15,30,4364.0,1808.0,1808.0
6921,2021-07-27,56.15,55.9,56.15,55.9,1647,4365.0,1809.0,1809.0
6922,2021-07-28,55.98,56.37,56.37,55.98,77,4366.0,1810.0,1810.0
6923,2021-07-29,56.62,56.63,56.71,56.62,204,4367.0,1811.0,1811.0
6924,2021-07-30,56.3,56.27,56.5,56.22,3596,4368.0,1812.0,1812.0
6925,2021-08-02,56.76,56.64,56.76,56.64,436,4369.0,1813.0,1813.0
6926,2021-08-03,56.67,56.73,56.85,56.53,790,4370.0,1814.0,1814.0
6927,2021-08-04,56.98,57.09,57.09,56.98,101,4371.0,1815.0,1815.0
6928,2021-08-05,57.13,57.35,57.35,57.13,3416,4372.0,1816.0,1816.0
6929,2021-08-06,57.37,57.51,57.51,57.3,22,4373.0,1817.0,1817.0
6930,2021-08-09,57.61,57.57,57.63,57.57,20,4374.0,1818.0,1818.0
6931,2021-08-10,57.67,57.75,57.87,57.67,270,4375.0,1819.0,1819.0
6932,2021-08-11,57.88,57.96,57.98,57.88,1,4376.0,1820.0,1820.0
6933,2021-08-12,57.98,58.2,58.2,57.98,1130,4377.0,1821.0,1821.0
6934,2021-08-13,58.18,58.26,58.27,58.16,489,4378.0,1822.0,1822.0
6935,2021-08-16,57.81,57.9,58.06,57.8,1777,4379.0,1823.0,1823.0
6936,2021-08-17,57.62,57.78,57.78,57.62,207,4380.0,1824.0,1824.0
6937,2021-08-18,57.83,57.84,57.84,57.69,43,4381.0,1825.0,1825.0
6938,2021-08-19,57.0,56.96,57.03,56.57,1481,4382.0,1826.0,1826.0
6939,2021-08-20,56.99,57.16,57.16,56.75,758,4383.0,1827.0,1827.0
6940,2021-08-23,57.64,57.54,57.64,57.5,149,4384.0,1828.0,1828.0
6941,2021-08-24,57.8,57.61,57.84,57.56,1366,4385.0,1829.0,1829.0
6942,2021-08-25,57.66,57.64,57.8,57.64,6079,4386.0,1830.0,1830.0
6943,2021-08-26,57.32,57.42,57.42,57.32,156,4387.0,1831.0,1831.0
6944,2021-08-27,57.31,57.67,57.69,57.31,2008,4388.0,1832.0,1832.0
6945,2021-08-30,57.69,57.74,57.77,57.69,137,4389.0,1833.0,1833.0
6946,2021-08-31,57.86,57.65,58.08,57.57,3150,4390.0,1834.0,1834.0
6947,2021-09-01,58.09,58.08,58.27,57.94,3414,4391.0,1835.0,1835.0
6948,2021-09-02,58.09,58.19,58.19,58.09,0,4392.0,1836.0,1836.0
6949,2021-09-03,58.11,57.79,58.11,57.67,75,4393.0,1837.0,1837.0
6950,2021-09-06,57.94,58.21,58.27,57.94,13898,4394.0,1838.0,1838.0
6951,2021-09-07,58.19,58.04,58.19,58.04,3151,4395.0,1839.0,1839.0
6952,2021-09-08,57.61,57.49,57.8,57.37,8827,4396.0,1840.0,1840.0
6953,2021-09-09,57.11,57.46,57.57,57.0,5982,4397.0,1841.0,1841.0
6954,2021-09-10,57.64,57.28,57.69,57.23,679,4398.0,1842.0,1842.0
6955,2021-09-13,57.55,57.45,57.77,57.45,2137,4399.0,1843.0,1843.0
6956,2021-09-14,57.42,57.51,57.62,57.36,1115,4400.0,1844.0,1844.0
6957,2021-09-15,57.54,56.93,57.54,56.91,695,4401.0,1845.0,1845.0
6958,2021-09-16,57.2,57.19,57.34,57.15,1022,4402.0,1846.0,1846.0
6959,2021-09-17,57.66,56.75,57.67,56.75,343,4403.0,1847.0,1847.0
6960,2021-09-20,55.84,55.67,55.84,55.53,10232,4404.0,1848.0,1848.0
6961,2021-09-21,56.03,56.32,56.41,55.81,915,4405.0,1849.0,1849.0
6962,2021-09-22,56.83,56.94,56.94,56.83,3712,4406.0,1850.0,1850.0
6963,2021-09-23,57.39,57.49,57.61,57.35,4536,4407.0,1851.0,1851.0
6964,2021-09-24,57.25,56.99,57.25,56.99,2263,4408.0,1852.0,1852.0
6965,2021-09-27,57.47,57.01,57.47,57.0,1713,4409.0,1853.0,1853.0
6966,2021-09-28,56.89,55.72,56.89,55.72,145,4410.0,1854.0,1854.0
6967,2021-09-29,55.95,55.99,56.13,55.95,187,4411.0,1855.0,1855.0
6968,2021-09-30,56.37,55.61,56.37,55.61,5398,4412.0,1856.0,1856.0
6969,2021-10-01,54.87,55.45,55.45,54.81,1272,4413.0,1857.0,1857.0
6970,2021-10-04,55.21,55.06,55.4,55.06,234,4414.0,1858.0,1858.0
6971,2021-10-05,55.24,55.82,55.82,55.24,39,4415.0,1859.0,1859.0
6972,2021-10-06,55.24,55.15,55.24,54.6,360,4416.0,1860.0,1860.0
6973,2021-10-07,55.88,56.12,56.12,55.83,556,4417.0,1861.0,1861.0
6974,2021-10-08,56.14,55.86,56.14,55.86,530,4418.0,1862.0,1862.0
6975,2021-10-11,55.79,55.82,55.82,55.62,101,4419.0,1863.0,1863.0
6976,2021-10-12,55.16,55.71,55.71,55.16,0,4420.0,1864.0,1864.0
6977,2021-10-13,55.64,56.03,56.03,55.64,2660,4421.0,1865.0,1865.0
6978,2021-10-14,56.4,56.8,56.8,56.4,564,4422.0,1866.0,1866.0
6979,2021-10-15,57.01,57.21,57.21,57.01,81,4423.0,1867.0,1867.0
6980,2021-10-18,56.95,56.87,56.95,56.72,104,4424.0,1868.0,1868.0
6981,2021-10-19,56.99,57.09,57.1,56.99,737,4425.0,1869.0,1869.0
6982,2021-10-20,56.91,57.22,57.22,56.91,240,4426.0,1870.0,1870.0
6983,2021-10-21,56.9,57.13,57.2,56.9,443,4427.0,1871.0,1871.0
6984,2021-10-22,57.28,57.45,57.69,57.28,1954,4428.0,1872.0,1872.0
6985,2021-10-25,57.5,57.43,57.5,57.43,208,4429.0,1873.0,1873.0
6986,2021-10-26,57.63,57.85,57.88,57.55,559,4430.0,1874.0,1874.0
6987,2021-10-27,57.89,57.73,57.89,57.72,162,4431.0,1875.0,1875.0
6988,2021-10-28,57.73,57.95,57.95,57.73,69,4432.0,1876.0,1876.0
6989,2021-10-29,57.63,58.0,58.0,57.61,283,4433.0,1877.0,1877.0
6990,2021-11-01,58.24,58.47,58.52,58.24,14,4434.0,1878.0,1878.0
6991,2021-11-02,58.39,58.68,58.68,58.39,5513,4435.0,1879.0,1879.0
6992,2021-11-03,58.67,58.91,58.91,58.67,1502,4436.0,1880.0,1880.0
6993,2021-11-04,59.17,59.18,59.18,59.11,1277,4437.0,1881.0,1881.0
6994,2021-11-05,59.21,59.47,59.61,59.21,3011,4438.0,1882.0,1882.0
6995,2021-11-08,59.52,59.4,59.52,59.39,11788,4439.0,1883.0,1883.0
6996,2021-11-09,59.22,59.29,59.52,59.22,4875,4440.0,1884.0,1884.0
6997,2021-11-10,59.36,59.33,59.36,59.12,2276,4441.0,1885.0,1885.0
6998,2021-11-11,59.21,59.45,59.45,59.21,3289,4442.0,1886.0,1886.0
6999,2021-11-12,59.49,59.63,59.63,59.49,1,4443.0,1887.0,1887.0
7000,2021-11-15,59.65,59.85,59.85,59.51,7816,4444.0,1888.0,1888.0
7001,2021-11-16,60.0,59.97,60.0,59.88,548,4445.0,1889.0,1889.0
7002,2021-11-17,59.97,60.02,60.07,59.97,4662,4446.0,1890.0,1890.0
7003,2021-11-18,60.01,59.85,60.09,59.85,1408,4447.0,1891.0,1891.0
7004,2021-11-19,60.02,59.46,60.02,59.28,3524,4448.0,1892.0,1892.0
7005,2021-11-22,59.71,59.34,59.71,59.33,27871,4449.0,1893.0,1893.0
7006,2021-11-23,58.78,58.57,58.8,58.45,1676,4450.0,1894.0,1894.0
7007,2021-11-24,58.72,58.53,58.82,58.53,1399,4451.0,1895.0,1895.0
7008,2021-11-25,58.77,58.76,58.79,58.65,7065,4452.0,1896.0,1896.0
7009,2021-11-26,56.58,56.38,57.2,56.38,2865,4453.0,1897.0,1897.0
7010,2021-11-29,57.04,56.64,57.08,56.61,3446,4454.0,1898.0,1898.0
7011,2021-11-30,56.16,56.06,56.16,56.06,909,4455.0,1899.0,1899.0
7012,2021-12-01,56.71,57.39,57.39,56.71,108,4456.0,1900.0,1900.0
7013,2021-12-02,56.7,56.47,56.7,56.38,14118,4457.0,1901.0,1901.0
7014,2021-12-03,56.94,56.12,56.94,56.12,6708,4458.0,1902.0,1902.0
7015,2021-12-06,56.59,56.86,56.98,56.37,87,4459.0,1903.0,1903.0
7016,2021-12-07,57.56,58.49,58.49,57.56,2,4460.0,1904.0,1904.0
7017,2021-12-08,58.14,57.7,58.14,57.7,869,4461.0,1905.0,1905.0
7018,2021-12-09,57.85,57.5,57.85,57.45,320,4462.0,1906.0,1906.0
7019,2021-12-10,57.23,57.33,57.4,57.18,2030,4463.0,1907.0,1907.0
7020,2021-12-13,57.41,57.02,57.75,56.97,34011,4464.0,1908.0,1908.0
7021,2021-12-14,57.31,56.57,57.31,56.57,4,4465.0,1909.0,1909.0
7022,2021-12-15,56.8,56.73,56.86,56.63,20109,4466.0,1910.0,1910.0
7023,2021-12-16,57.6,57.22,57.68,57.22,10057,4467.0,1911.0,1911.0
7024,2021-12-17,56.99,56.74,56.99,56.74,1153,4468.0,1912.0,1912.0
7025,2021-12-20,55.65,56.07,56.11,55.41,1044,4469.0,1913.0,1913.0
7026,2021-12-21,56.67,56.97,56.97,56.67,32,4470.0,1914.0,1914.0
7027,2021-12-22,57.09,57.55,57.55,57.05,152,4471.0,1915.0,1915.0
7028,2021-12-23,57.83,58.17,58.25,57.72,4715,4472.0,1916.0,1916.0
7029,2021-12-24,58.14,58.21,58.21,58.14,0,4473.0,1917.0,1917.0
7030,2021-12-27,57.9,58.47,58.53,57.67,7434,4474.0,1918.0,1918.0
7031,2021-12-28,58.53,58.84,58.84,58.53,677,4475.0,1919.0,1919.0
7032,2021-12-29,58.83,58.6,58.92,58.4,13685,4476.0,1920.0,1920.0
7033,2021-12-30,58.71,58.79,58.91,58.71,80,4477.0,1921.0,1921.0
7034,2021-12-31,58.63,58.55,58.82,58.55,2003,4478.0,1922.0,1922.0
7035,2022-01-03,59.06,59.22,59.38,59.06,14789,4479.0,1923.0,1923.0
7036,2022-01-04,59.5,59.59,59.77,59.45,629,4480.0,1924.0,1924.0
7037,2022-01-05,59.67,59.76,59.85,59.67,5701,4481.0,1925.0,1925.0
7038,2022-01-06,59.12,58.89,59.13,58.8,210,4482.0,1926.0,1926.0
7039,2022-01-07,58.88,58.75,58.91,58.57,9800,4483.0,1927.0,1927.0
7040,2022-01-10,58.92,57.88,58.92,57.86,1745,4484.0,1928.0,1928.0
7041,2022-01-11,58.49,58.46,58.49,58.36,2566,4485.0,1929.0,1929.0
7042,2022-01-12,58.83,58.82,58.83,58.71,1323,4486.0,1930.0,1930.0
7043,2022-01-13,58.72,58.84,58.9,58.72,326,4487.0,1931.0,1931.0
7044,2022-01-14,58.26,58.28,58.28,58.26,0,4488.0,1932.0,1932.0
7045,2022-01-17,58.45,58.65,58.71,58.45,20,4489.0,1933.0,1933.0
7046,2022-01-18,58.35,58.04,58.35,57.96,72,4490.0,1934.0,1934.0
7047,2022-01-19,57.76,58.06,58.12,57.76,18,4491.0,1935.0,1935.0
7048,2022-01-20,58.24,58.44,58.44,57.95,2749,4492.0,1936.0,1936.0
7049,2022-01-21,57.67,57.39,57.74,57.33,13391,4493.0,1937.0,1937.0
7050,2022-01-24,57.11,55.05,57.11,54.95,10800,4494.0,1938.0,1938.0
7051,2022-01-25,55.59,55.35,55.59,55.32,5469,4495.0,1939.0,1939.0
7052,2022-01-26,55.96,56.42,56.7,55.96,125,4496.0,1940.0,1940.0
7053,2022-01-27,55.65,56.66,56.71,55.65,38,4497.0,1941.0,1941.0
7054,2022-01-28,56.56,56.09,56.56,55.67,2784,4498.0,1942.0,1942.0
7055,2022-01-31,56.71,56.64,56.75,56.34,134,4499.0,1943.0,1943.0
7056,2022-02-01,57.17,57.32,57.32,57.17,945,4500.0,1944.0,1944.0
7057,2022-02-02,57.59,57.43,57.69,57.43,1953,4501.0,1945.0,1945.0
7058,2022-02-03,57.33,56.48,57.33,56.48,2661,4502.0,1946.0,1946.0
7059,2022-02-04,56.78,55.85,56.78,55.7,8824,4503.0,1947.0,1947.0
7060,2022-02-07,56.24,56.17,56.24,56.17,0,4504.0,1948.0,1948.0
7061,2022-02-08,56.22,56.31,56.62,56.1,129,4505.0,1949.0,1949.0
7062,2022-02-09,56.89,57.29,57.29,56.89,102,4506.0,1950.0,1950.0
7063,2022-02-10,57.58,57.14,57.58,57.02,576,4507.0,1951.0,1951.0
7064,2022-02-11,56.65,56.62,56.8,56.6,282,4508.0,1952.0,1952.0
7065,2022-02-14,55.32,55.44,55.49,54.73,10225,4509.0,1953.0,1953.0
7066,2022-02-15,55.47,56.45,56.45,55.47,69,4510.0,1954.0,1954.0
7067,2022-02-16,56.62,56.41,56.77,56.41,15,4511.0,1955.0,1955.0
7068,2022-02-17,56.64,56.09,56.64,56.09,956,4512.0,1956.0,1956.0
7069,2022-02-18,56.15,55.57,56.15,55.47,19,4513.0,1957.0,1957.0
7070,2022-02-21,55.92,54.45,56.13,54.29,435,4514.0,1958.0,1958.0
7071,2022-02-22,53.38,54.43,54.43,53.38,1265,4515.0,1959.0,1959.0
7072,2022-02-23,54.7,54.28,55.09,54.19,18133,4516.0,1960.0,1960.0
7073,2022-02-24,51.84,52.25,52.7,51.43,12147,4517.0,1961.0,1961.0
7074,2022-02-25,52.97,54.06,54.06,52.62,1391,4518.0,1962.0,1962.0
7075,2022-02-28,53.01,53.47,53.47,52.5,510,4519.0,1963.0,1963.0
7076,2022-03-01,53.5,51.55,53.61,51.55,134,4520.0,1964.0,1964.0
7077,2022-03-02,51.18,52.04,52.04,51.0,48,4521.0,1965.0,1965.0
7078,2022-03-03,52.23,50.92,52.24,50.92,615,4522.0,1966.0,1966.0
7079,2022-03-04,50.27,48.505,50.27,48.505,21682,4523.0,1967.0,1967.0
7080,2022-03-07,47.245,47.795,48.75,46.325,8072,4524.0,1968.0,1968.0
7081,2022-03-08,47.54,47.6,48.97,47.54,12054,4525.0,1969.0,1969.0
7082,2022-03-09,49.045,50.96,50.96,49.045,7956,4526.0,1970.0,1970.0
7083,2022-03-10,50.69,49.655,50.69,49.655,3651,4527.0,1971.0,1971.0
7084,2022-03-11,49.81,50.17,50.82,49.71,4984,4528.0,1972.0,1972.0
7085,2022-03-14,50.6,50.96,51.31,50.6,905,4529.0,1973.0,1973.0
7086,2022-03-15,50.35,50.88,51.13,50.35,787,4530.0,1974.0,1974.0
7087,2022-03-16,52.13,52.83,53.24,52.13,940,4531.0,1975.0,1975.0
7088,2022-03-17,53.23,52.87,53.23,52.71,1106,4532.0,1976.0,1976.0
7089,2022-03-18,52.8,53.13,53.13,52.46,762,4533.0,1977.0,1977.0
7090,2022-03-21,53.13,52.94,53.18,52.94,109,4534.0,1978.0,1978.0
7091,2022-03-22,53.07,53.57,53.57,53.07,28425,4535.0,1979.0,1979.0
7092,2022-03-23,53.6,52.81,53.6,52.81,235,4536.0,1980.0,1980.0
7093,2022-03-24,52.94,52.63,52.94,52.63,0,4537.0,1981.0,1981.0
7094,2022-03-25,52.72,52.65,52.86,52.65,568,4538.0,1982.0,1982.0
7095,2022-03-28,52.99,52.9,53.45,52.9,1515,4539.0,1983.0,1983.0
7096,2022-03-29,53.58,54.45,54.45,53.58,5805,4540.0,1984.0,1984.0
7097,2022-03-30,54.13,53.91,54.13,53.76,286,4541.0,1985.0,1985.0
7098,2022-03-31,54.1,53.23,54.1,53.23,359,4542.0,1986.0,1986.0
7099,2022-04-01,53.23,53.41,53.48,53.23,50,4543.0,1987.0,1987.0
7100,2022-04-04,53.64,53.82,53.9,53.57,7665,4544.0,1988.0,1988.0
7101,2022-04-05,53.85,53.44,53.85,53.23,129,4545.0,1989.0,1989.0
7102,2022-04-06,53.23,52.3,53.23,52.15,30,4546.0,1990.0,1990.0
7103,2022-04-07,52.51,52.05,52.82,52.05,188,4547.0,1991.0,1991.0
7104,2022-04-08,52.7,52.78,52.96,52.61,1558,4548.0,1992.0,1992.0
7105,2022-04-11,52.63,52.51,52.63,52.51,705,4549.0,1993.0,1993.0
7106,2022-04-12,51.63,52.37,52.43,51.63,216,4550.0,1994.0,1994.0
7107,2022-04-13,52.18,52.41,52.41,51.89,15706,4551.0,1995.0,1995.0
7108,2022-04-14,52.57,52.69,52.75,52.57,18,4552.0,1996.0,1996.0
7109,2022-04-19,52.4,52.54,52.59,52.13,6982,4553.0,1997.0,1997.0
7110,2022-04-20,52.61,53.32,53.32,52.61,0,4554.0,1998.0,1998.0
7111,2022-04-21,53.42,53.72,54.05,53.42,301,4555.0,1999.0,1999.0
7112,2022-04-22,53.09,52.64,53.29,52.64,419,4556.0,2000.0,2000.0
7113,2022-04-25,51.69,51.7,52.05,51.5,397,4557.0,2001.0,2001.0
7114,2022-04-26,52.35,51.23,52.35,51.23,3606,4558.0,2002.0,2002.0
7115,2022-04-27,51.22,51.42,51.42,50.81,103,4559.0,2003.0,2003.0
7116,2022-04-28,51.99,51.95,52.34,51.95,7424,4560.0,2004.0,2004.0
7117,2022-04-29,52.34,52.23,52.5,52.23,470,4561.0,2005.0,2005.0
7118,2022-05-02,51.78,51.44,51.78,50.55,19608,4562.0,2006.0,2006.0
7119,2022-05-03,51.61,51.94,51.94,51.57,152,4563.0,2007.0,2007.0
7120,2022-05-04,52.08,51.45,52.08,51.45,21,4564.0,2008.0,2008.0
7121,2022-05-05,52.63,51.12,52.63,51.12,0,4565.0,2009.0,2009.0
7122,2022-05-06,50.86,50.31,50.86,50.0,104,4566.0,2010.0,2010.0
7123,2022-05-09,50.06,48.925,50.06,48.925,235,4567.0,2011.0,2011.0
7124,2022-05-10,49.38,49.3,49.51,49.3,20,4568.0,2012.0,2012.0
7125,2022-05-11,49.735,50.45,50.45,49.575,2060,4569.0,2013.0,2013.0
7126,2022-05-12,49.4,49.97,50.03,49.2,761,4570.0,2014.0,2014.0
7127,2022-05-13,50.35,51.13,51.13,50.35,3862,4571.0,2015.0,2015.0
7128,2022-05-16,51.1,51.03,51.1,51.03,35,4572.0,2016.0,2016.0
7129,2022-05-17,51.53,51.8,51.8,51.53,179,4573.0,2017.0,2017.0
7130,2022-05-18,51.89,51.17,51.89,51.17,62,4574.0,2018.0,2018.0
7131,2022-05-19,50.59,50.58,50.59,50.06,739,4575.0,2019.0,2019.0
7132,2022-05-20,50.82,50.82,50.82,50.76,101,4576.0,2020.0,2020.0
7133,2022-05-23,51.41,51.6,51.6,51.41,0,4577.0,2021.0,2021.0
7134,2022-05-24,51.09,50.88,51.27,50.88,99,4578.0,2022.0,2022.0
7135,2022-05-25,51.2,51.3,51.3,50.91,4,4579.0,2023.0,2023.0
7136,2022-05-26,51.36,52.11,52.11,51.36,51,4580.0,2024.0,2024.0
7137,2022-05-27,52.37,52.83,52.83,52.37,960,4581.0,2025.0,2025.0
7138,2022-05-30,53.35,53.34,53.35,53.28,3176,4582.0,2026.0,2026.0
7139,2022-05-31,53.11,52.62,53.11,52.58,271,4583.0,2027.0,2027.0
7140,2022-06-01,52.93,52.17,52.93,52.17,723,4584.0,2028.0,2028.0
7141,2022-06-02,52.46,52.63,52.63,52.46,0,4585.0,2029.0,2029.0
7142,2022-06-03,52.97,52.47,52.97,52.47,0,4586.0,2030.0,2030.0
7143,2022-06-06,52.95,53.13,53.13,52.94,375,4587.0,2031.0,2031.0
7144,2022-06-07,52.88,52.8,52.88,52.78,27002,4588.0,2032.0,2032.0
7145,2022-06-08,52.9,52.57,52.9,52.5,199,4589.0,2033.0,2033.0
7146,2022-06-09,52.28,51.74,52.35,51.74,591,4590.0,2034.0,2034.0
7147,2022-06-10,51.31,50.16,51.31,50.16,4749,4591.0,2035.0,2035.0
7148,2022-06-13,49.5,48.815,49.5,48.815,114,4592.0,2036.0,2036.0
7149,2022-06-14,49.255,48.32,49.255,48.32,6226,4593.0,2037.0,2037.0
7150,2022-06-15,48.97,49.12,49.12,48.89,2,4594.0,2038.0,2038.0
7151,2022-06-16,48.92,47.685,48.92,47.645,207,4595.0,2039.0,2039.0
7152,2022-06-17,47.8,47.88,48.43,47.8,343,4596.0,2040.0,2040.0
7153,2022-06-20,48.01,48.325,48.325,47.95,24,4597.0,2041.0,2041.0
7154,2022-06-21,48.605,48.54,48.605,48.54,0,4598.0,2042.0,2042.0
7155,2022-06-22,47.71,48.105,48.265,47.5,228,4599.0,2043.0,2043.0
7156,2022-06-23,47.885,47.585,48.135,47.585,10,4600.0,2044.0,2044.0
7157,2022-06-24,47.715,48.88,48.88,47.715,77,4601.0,2045.0,2045.0
7158,2022-06-27,49.245,49.03,49.245,49.01,3,4602.0,2046.0,2046.0
7159,2022-06-28,49.405,49.19,49.465,49.19,3,4603.0,2047.0,2047.0
7160,2022-06-29,48.79,48.62,48.79,48.35,3513,4604.0,2048.0,2048.0
7161,2022-06-30,47.765,47.845,47.845,47.41,14777,4605.0,2049.0,2049.0
7162,2022-07-01,47.26,47.87,47.87,47.26,0,4606.0,2050.0,2050.0
7163,2022-07-04,48.12,47.91,48.12,47.91,271,4607.0,2051.0,2051.0
7164,2022-07-05,48.155,46.67,48.155,46.67,5035,4608.0,2052.0,2052.0
7165,2022-07-06,45.915,46.165,46.165,45.915,553,4609.0,2053.0,2053.0
7166,2022-07-07,46.8,47.165,47.165,46.675,68003,4610.0,2054.0,2054.0
7167,2022-07-08,47.09,47.565,47.58,46.955,2034,4611.0,2055.0,2055.0
7168,2022-07-11,46.835,47.08,47.225,46.835,12665,4612.0,2056.0,2056.0
7169,2022-07-12,46.845,47.19,47.245,46.845,6087,4613.0,2057.0,2057.0
7170,2022-07-13,47.045,46.79,47.045,46.79,8,4614.0,2058.0,2058.0
7171,2022-07-14,46.62,46.045,46.62,45.825,37,4615.0,2059.0,2059.0
7172,2022-07-15,46.155,47.045,47.045,46.155,29,4616.0,2060.0,2060.0
7173,2022-07-18,47.475,47.505,47.67,47.475,971,4617.0,2061.0,2061.0
7174,2022-07-19,47.135,48.465,48.465,47.135,119,4618.0,2062.0,2062.0
7175,2022-07-20,48.5,48.4,48.55,48.4,790,4619.0,2063.0,2063.0
7176,2022-07-21,48.275,48.555,48.555,48.145,8335,4620.0,2064.0,2064.0
7177,2022-07-22,48.44,48.605,48.71,48.44,354,4621.0,2065.0,2065.0
7178,2022-07-25,48.43,48.695,48.805,48.43,173,4622.0,2066.0,2066.0
7179,2022-07-26,48.56,48.325,48.61,48.325,778,4623.0,2067.0,2067.0
7180,2022-07-27,48.51,48.745,48.745,48.51,2000,4624.0,2068.0,2068.0
7181,2022-07-28,49.04,49.265,49.265,48.865,652,4625.0,2069.0,2069.0
7182,2022-07-29,49.67,50.04,50.04,49.67,105,4626.0,2070.0,2070.0
7183,2022-08-01,50.06,50.02,50.27,50.0,256,4627.0,2071.0,2071.0
7184,2022-08-02,50.03,49.76,50.03,49.76,1,4628.0,2072.0,2072.0
7185,2022-08-03,49.695,50.31,50.31,49.695,0,4629.0,2073.0,2073.0
7186,2022-08-04,50.46,50.56,50.78,50.46,83,4630.0,2074.0,2074.0
7187,2022-08-05,50.57,50.19,50.57,50.17,4021,4631.0,2075.0,2075.0
7188,2022-08-08,50.63,50.61,50.63,50.55,3,4632.0,2076.0,2076.0
7189,2022-08-09,50.53,50.15,50.56,50.15,264,4633.0,2077.0,2077.0
7190,2022-08-10,49.985,50.59,50.59,49.985,2,4634.0,2078.0,2078.0
7191,2022-08-11,50.86,50.74,50.86,50.6,85,4635.0,2079.0,2079.0
7192,2022-08-12,50.84,50.91,50.94,50.84,224,4636.0,2080.0,2080.0
7193,2022-08-15,51.15,51.05,51.15,50.86,312,4637.0,2081.0,2081.0
7194,2022-08-16,51.23,51.25,51.25,51.08,1,4638.0,2082.0,2082.0
7195,2022-08-17,51.34,50.57,51.38,50.57,8,4639.0,2083.0,2083.0
7196,2022-08-18,50.54,50.8,50.8,50.54,342,4640.0,2084.0,2084.0
7197,2022-08-19,50.58,50.23,50.58,50.23,2,4641.0,2085.0,2085.0
7198,2022-08-22,50.01,49.295,50.01,49.25,7218,4642.0,2086.0,2086.0
7199,2022-08-23,49.09,49.205,49.27,49.09,403,4643.0,2087.0,2087.0
7200,2022-08-24,49.185,49.37,49.37,48.875,100,4644.0,2088.0,2088.0
7201,2022-08-25,49.71,49.455,49.71,49.435,1000,4645.0,2089.0,2089.0
7202,2022-08-26,49.67,48.52,49.67,48.52,53,4646.0,2090.0,2090.0
7203,2022-08-29,48.0,48.095,48.095,47.935,23,4647.0,2091.0,2091.0
7204,2022-08-30,48.33,48.02,48.75,48.02,105,4648.0,2092.0,2092.0
7205,2022-08-31,48.26,47.51,48.26,47.51,0,4649.0,2093.0,2093.0
7206,2022-09-01,47.14,46.71,47.14,46.67,53,4650.0,2094.0,2094.0
7207,2022-09-02,47.075,47.885,47.885,47.075,252,4651.0,2095.0,2095.0
7208,2022-09-05,46.875,47.195,47.195,46.875,9,4652.0,2096.0,2096.0
7209,2022-09-06,47.345,47.4,47.4,47.345,21905,4653.0,2097.0,2097.0
7210,2022-09-07,46.96,47.35,47.35,46.96,0,4654.0,2098.0,2098.0
7211,2022-09-08,47.665,47.535,47.665,47.535,2,4655.0,2099.0,2099.0
7212,2022-09-09,47.705,48.3,48.3,47.705,0,4656.0,2100.0,2100.0
7213,2022-09-12,48.595,49.255,49.35,48.595,2830,4657.0,2101.0,2101.0
7214,2022-09-13,49.475,48.435,49.475,48.435,0,4658.0,2102.0,2102.0
7215,2022-09-14,48.31,48.13,48.31,48.025,75,4659.0,2103.0,2103.0
7216,2022-09-15,48.19,47.8,48.19,47.8,2,4660.0,2104.0,2104.0
7217,2022-09-16,47.28,47.16,47.28,47.05,5,4661.0,2105.0,2105.0
7218,2022-09-19,46.785,47.17,47.37,46.66,57,4662.0,2106.0,2106.0
7219,2022-09-20,47.365,46.575,47.365,46.575,193,4663.0,2107.0,2107.0
7220,2022-09-21,46.175,46.895,46.895,46.175,10,4664.0,2108.0,2108.0
7221,2022-09-22,46.115,46.035,46.72,46.035,548,4665.0,2109.0,2109.0
7222,2022-09-23,45.945,44.965,45.945,44.76,1503,4666.0,2110.0,2110.0
7223,2022-09-26,44.845,44.865,44.875,44.67,244,4667.0,2111.0,2111.0
7224,2022-09-27,45.23,44.675,45.23,44.675,0,4668.0,2112.0,2112.0
7225,2022-09-28,44.42,44.7,44.7,43.735,30059,4669.0,2113.0,2113.0
7226,2022-09-29,44.32,43.895,44.32,43.54,650,4670.0,2114.0,2114.0
7227,2022-09-30,44.195,44.485,44.485,44.175,202,4671.0,2115.0,2115.0
7228,2022-10-03,44.06,44.89,44.925,43.925,22941,4672.0,2116.0,2116.0
7229,2022-10-04,45.475,46.67,46.67,45.475,7388,4673.0,2117.0,2117.0
7230,2022-10-05,46.565,46.115,46.565,46.115,7,4674.0,2118.0,2118.0
7231,2022-10-06,46.42,45.885,46.42,45.805,270,4675.0,2119.0,2119.0
7232,2022-10-07,45.75,45.105,45.75,45.105,602,4676.0,2120.0,2120.0
7233,2022-10-10,44.84,44.9,45.1,44.775,44,4677.0,2121.0,2121.0
7234,2022-10-11,44.565,44.65,44.65,44.31,23,4678.0,2122.0,2122.0
7235,2022-10-12,44.625,44.415,44.625,44.395,5511,4679.0,2123.0,2123.0
7236,2022-10-13,44.1,44.875,44.875,43.54,12,4680.0,2124.0,2124.0
7237,2022-10-14,45.575,45.14,45.575,45.14,54,4681.0,2125.0,2125.0
7238,2022-10-17,45.365,46.03,46.03,45.365,0,4682.0,2126.0,2126.0
7239,2022-10-18,46.47,46.37,46.72,46.37,2,4683.0,2127.0,2127.0
7240,2022-10-19,46.53,46.235,46.53,46.235,0,4684.0,2128.0,2128.0
7241,2022-10-20,46.15,46.52,46.555,46.15,2304,4685.0,2129.0,2129.0
7242,2022-10-21,46.09,46.25,46.25,46.09,10,4686.0,2130.0,2130.0
7243,2022-10-24,46.755,46.945,47.09,46.7,495,4687.0,2131.0,2131.0
7244,2022-10-25,47.235,47.825,47.825,47.235,12433,4688.0,2132.0,2132.0
7245,2022-10-26,47.62,48.06,48.06,47.62,0,4689.0,2133.0,2133.0
7246,2022-10-27,47.895,48.005,48.005,47.71,61,4690.0,2134.0,2134.0
7247,2022-10-28,47.585,47.985,47.985,47.5,31,4691.0,2135.0,2135.0
7248,2022-10-31,48.02,48.055,48.125,47.98,625,4692.0,2136.0,2136.0
7249,2022-11-01,48.695,48.435,48.81,48.435,424,4693.0,2137.0,2137.0
7250,2022-11-02,48.57,48.075,48.57,48.075,22050,4694.0,2138.0,2138.0
7251,2022-11-03,47.58,47.615,47.615,47.33,5177,4695.0,2139.0,2139.0
7252,2022-11-04,47.935,48.775,48.825,47.935,1568,4696.0,2140.0,2140.0
7253,2022-11-07,48.575,49.03,49.065,48.575,1072,4697.0,2141.0,2141.0
7254,2022-11-08,48.82,49.455,49.455,48.82,3051,4698.0,2142.0,2142.0
7255,2022-11-09,49.415,49.34,49.415,49.18,226,4699.0,2143.0,2143.0
7256,2022-11-10,49.025,50.79,50.79,49.025,1092,4700.0,2144.0,2144.0
7257,2022-11-11,51.14,51.11,51.18,51.11,11,4701.0,2145.0,2145.0
7258,2022-11-14,51.32,51.33,51.35,51.18,39,4702.0,2146.0,2146.0
7259,2022-11-15,51.54,51.62,51.62,51.54,0,4703.0,2147.0,2147.0
7260,2022-11-16,51.6,51.1,51.6,51.1,11,4704.0,2148.0,2148.0
7261,2022-11-17,51.34,50.98,51.34,50.7,41,4705.0,2149.0,2149.0
7262,2022-11-18,51.17,51.51,51.51,51.17,6,4706.0,2150.0,2150.0
7263,2022-11-21,51.36,51.41,51.41,51.34,2559,4707.0,2151.0,2151.0
7264,2022-11-22,51.45,51.63,51.63,51.45,9644,4708.0,2152.0,2152.0
7265,2022-11-23,51.71,51.79,51.8,51.62,5344,4709.0,2153.0,2153.0
7266,2022-11-24,51.89,52.09,52.15,51.89,44,4710.0,2154.0,2154.0
7267,2022-11-25,52.08,52.12,52.12,52.08,0,4711.0,2155.0,2155.0
7268,2022-11-28,51.8,51.85,51.85,51.79,402,4712.0,2156.0,2156.0
7269,2022-11-29,51.82,51.76,51.82,51.65,693,4713.0,2157.0,2157.0
7270,2022-11-30,51.94,52.05,52.08,51.94,6,4714.0,2158.0,2158.0
7271,2022-12-01,52.59,52.59,52.59,52.59,0,4715.0,2159.0,2159.0
7272,2022-12-02,52.23,52.12,52.23,52.1,39,4716.0,2160.0,2160.0
7273,2022-12-05,52.24,52.17,52.24,52.17,68,4717.0,2161.0,2161.0
7274,2022-12-06,52.05,51.9,52.05,51.9,1304,4718.0,2162.0,2162.0
7275,2022-12-07,51.5,51.5,51.5,51.5,9,4719.0,2163.0,2163.0
7276,2022-12-08,51.19,51.0,51.19,51.0,117,4720.0,2164.0,2164.0
7277,2022-12-09,51.25,51.11,51.25,51.11,19,4721.0,2165.0,2165.0
7278,2022-12-12,51.23,51.23,51.23,51.23,20,4722.0,2166.0,2166.0
7279,2022-12-13,51.38,52.51,52.51,51.38,22,4723.0,2167.0,2167.0
7280,2022-12-14,51.79,51.76,51.79,51.76,5000,4724.0,2168.0,2168.0
7281,2022-12-15,51.38,50.28,51.38,50.28,1805,4725.0,2169.0,2169.0
7282,2022-12-16,50.25,49.69,50.25,49.69,2565,4726.0,2170.0,2170.0
7283,2022-12-19,49.94,49.98,50.05,49.94,98,4727.0,2171.0,2171.0
7284,2022-12-20,49.39,49.66,49.66,49.39,52,4728.0,2172.0,2172.0
7285,2022-12-21,49.96,50.2,50.2,49.96,1690,4729.0,2173.0,2173.0
7286,2022-12-22,50.68,50.04,50.68,50.0,147,4730.0,2174.0,2174.0
7287,2022-12-23,50.08,49.925,50.08,49.925,28,4731.0,2175.0,2175.0
7288,2022-12-27,50.42,50.24,50.42,50.24,41,4732.0,2176.0,2176.0
7289,2022-12-28,50.25,49.95,50.25,49.95,71,4733.0,2177.0,2177.0
7290,2022-12-29,49.75,50.03,50.05,49.75,15,4734.0,2178.0,2178.0
7291,2022-12-30,50.16,50.2,50.2,50.16,2,4735.0,2179.0,2179.0
7292,2023-01-02,50.14,50.27,50.27,50.14,4,4736.0,2180.0,2180.0
7293,2023-01-03,50.64,51.0,51.0,50.64,9,4737.0,2181.0,2181.0
7294,2023-01-04,51.29,51.77,51.77,51.29,10,4738.0,2182.0,2182.0
7295,2023-01-05,51.9,51.92,51.92,51.9,2,4739.0,2183.0,2183.0
7296,2023-01-06,52.08,52.35,52.35,52.03,134,4740.0,2184.0,2184.0
7297,2023-01-09,52.81,52.95,52.95,52.81,32,4741.0,2185.0,2185.0
7298,2023-01-10,52.93,52.87,52.93,52.87,2,4742.0,2186.0,2186.0
7299,2023-01-11,53.19,53.4,53.4,53.19,328,4743.0,2187.0,2187.0
7300,2023-01-12,53.69,53.84,53.91,53.69,109,4744.0,2188.0,2188.0
7301,2023-01-13,54.06,54.13,54.24,54.06,243,4745.0,2189.0,2189.0
7302,2023-01-16,54.27,54.14,54.27,54.14,1600,4746.0,2190.0,2190.0
7303,2023-01-17,54.31,54.56,54.56,54.14,818,4747.0,2191.0,2191.0
7304,2023-01-18,54.55,54.66,54.69,54.55,62,4748.0,2192.0,2192.0
7305,2023-01-19,54.24,54.24,54.24,54.24,6000,4749.0,2193.0,2193.0
7306,2023-01-20,53.97,53.75,53.97,53.75,11002,4750.0,2194.0,2194.0
7307,2023-01-23,54.15,54.01,54.15,54.01,6335,4751.0,2195.0,2195.0
7308,2023-01-24,54.49,54.49,54.49,54.49,35,4752.0,2196.0,2196.0
7309,2023-01-25,54.32,54.32,54.32,54.32,1500,4753.0,2197.0,2197.0
7310,2023-01-26,54.53,54.5,54.67,54.47,1815,4754.0,2198.0,2198.0
7311,2023-01-27,54.51,54.42,54.51,54.42,240,4755.0,2199.0,2199.0
7312,2023-01-30,54.45,54.33,54.45,54.14,109,4756.0,2200.0,2200.0
7313,2023-01-31,54.47,54.47,54.47,54.47,0,4757.0,2201.0,2201.0
7314,2023-02-01,54.6,54.7,54.7,54.6,137,4758.0,2202.0,2202.0
7315,2023-02-02,55.01,55.56,55.56,55.01,256,4759.0,2203.0,2203.0
7316,2023-02-03,55.43,55.43,55.43,55.43,91,4760.0,2204.0,2204.0
7317,2023-02-06,55.48,55.21,55.48,55.07,165,4761.0,2205.0,2205.0
7318,2023-02-07,55.23,55.23,55.23,55.23,7,4762.0,2206.0,2206.0
7319,2023-02-08,55.62,55.62,55.62,55.62,16,4763.0,2207.0,2207.0
7320,2023-02-09,55.72,55.75,55.89,55.68,98024,4764.0,2208.0,2208.0
7321,2023-02-10,55.34,55.34,55.34,55.34,0,4765.0,2209.0,2209.0
7322,2023-02-13,55.15,55.37,55.4,55.15,224,4766.0,2210.0,2210.0
7323,2023-02-14,55.65,55.64,55.65,55.64,40,4767.0,2211.0,2211.0
7324,2023-02-15,55.53,55.87,56.0,55.53,12535,4768.0,2212.0,2212.0
7325,2023-02-16,56.4,56.39,56.46,56.38,12723,4769.0,2213.0,2213.0
7326,2023-02-17,55.85,56.06,56.06,55.85,105,4770.0,2214.0,2214.0
7327,2023-02-20,56.23,56.08,56.23,56.08,17890,4771.0,2215.0,2215.0
7328,2023-02-21,55.96,55.72,55.96,55.72,2,4772.0,2216.0,2216.0
7329,2023-02-22,55.49,55.42,55.49,55.42,5,4773.0,2217.0,2217.0
7330,2023-02-23,55.75,55.75,55.76,55.75,141,4774.0,2218.0,2218.0
7331,2023-02-24,56.0,55.0,56.0,55.0,5035,4775.0,2219.0,2219.0
7332,2023-02-27,55.39,55.52,55.52,55.39,18000,4776.0,2220.0,2220.0
7333,2023-02-28,55.35,55.57,55.58,55.35,386,4777.0,2221.0,2221.0
7334,2023-03-01,55.73,55.71,55.73,55.7,136,4778.0,2222.0,2222.0
7335,2023-03-02,54.97,55.05,55.05,54.84,116,4779.0,2223.0,2223.0
7336,2023-03-03,55.9,55.96,55.96,55.9,5,4780.0,2224.0,2224.0
7337,2023-03-06,56.34,56.34,56.34,56.34,0,4781.0,2225.0,2225.0
7338,2023-03-07,56.15,56.39,56.46,56.15,835,4782.0,2226.0,2226.0
7339,2023-03-08,55.75,55.86,55.86,55.75,20,4783.0,2227.0,2227.0
7340,2023-03-09,55.91,55.91,55.91,55.91,0,4784.0,2228.0,2228.0
7341,2023-03-10,54.78,54.78,54.78,54.78,0,4785.0,2229.0,2229.0
7342,2023-03-13,54.82,53.97,54.82,53.21,862,4786.0,2230.0,2230.0
7343,2023-03-14,53.57,54.46,54.46,53.57,204,4787.0,2231.0,2231.0
7344,2023-03-15,54.28,52.96,54.28,52.76,807,4788.0,2232.0,2232.0
7345,2023-03-16,53.54,53.72,53.72,53.1,2501,4789.0,2233.0,2233.0
7346,2023-03-17,54.04,53.0,54.04,53.0,1151,4790.0,2234.0,2234.0
7347,2023-03-20,52.61,53.5,53.5,52.61,119,4791.0,2235.0,2235.0
7348,2023-03-21,54.07,54.07,54.07,54.07,0,4792.0,2236.0,2236.0
7349,2023-03-22,54.25,54.48,54.54,54.25,17842,4793.0,2237.0,2237.0
7350,2023-03-23,54.32,54.32,54.32,54.32,0,4794.0,2238.0,2238.0
7351,2023-03-24,54.18,53.52,54.18,53.21,71575,4795.0,2239.0,2239.0
7352,2023-03-27,54.39,54.27,54.39,53.9,16226,4796.0,2240.0,2240.0
7353,2023-03-28,54.53,54.12,54.53,54.0,7051,4797.0,2241.0,2241.0
7354,2023-03-29,54.43,54.43,54.43,54.43,3,4798.0,2242.0,2242.0
7355,2023-03-30,55.23,55.44,55.54,55.23,751,4799.0,2243.0,2243.0
7356,2023-03-31,55.68,55.68,55.68,55.68,2,4800.0,2244.0,2244.0
7357,2023-04-03,55.92,55.96,55.98,55.92,46,4801.0,2245.0,2245.0
7358,2023-04-04,56.05,56.05,56.05,56.05,0,4802.0,2246.0,2246.0
7359,2023-04-05,55.82,55.82,55.82,55.82,0,4803.0,2247.0,2247.0
7360,2023-04-06,55.64,55.77,55.77,55.64,209,4804.0,2248.0,2248.0
7361,2023-04-11,56.27,56.27,56.27,56.27,0,4805.0,2249.0,2249.0
7362,2023-04-12,56.16,56.56,56.56,56.16,16351,4806.0,2250.0,2250.0
7363,2023-04-13,56.41,56.41,56.41,56.41,0,4807.0,2251.0,2251.0
7364,2023-04-14,56.61,56.74,56.76,56.61,62,4808.0,2252.0,2252.0
7365,2023-04-17,56.77,56.84,57.0,56.77,611,4809.0,2253.0,2253.0
7366,2023-04-18,56.76,57.05,57.05,56.76,979,4810.0,2254.0,2254.0
7367,2023-04-19,56.74,56.72,56.74,56.72,6,4811.0,2255.0,2255.0
7368,2023-04-20,56.92,56.79,56.92,56.65,9,4812.0,2256.0,2256.0
7369,2023-04-21,56.8,56.8,56.8,56.8,18,4813.0,2257.0,2257.0
7370,2023-04-24,56.87,57.1,57.1,56.87,153,4814.0,2258.0,2258.0
7371,2023-04-25,56.69,56.73,56.73,56.69,11,4815.0,2259.0,2259.0
7372,2023-04-26,56.39,56.34,56.39,56.22,487,4816.0,2260.0,2260.0
7373,2023-04-27,56.27,56.57,56.6,56.27,10,4817.0,2261.0,2261.0
7374,2023-04-28,56.78,56.47,56.78,56.47,109,4818.0,2262.0,2262.0
7375,2023-05-02,56.89,56.52,56.89,56.52,91,4819.0,2263.0,2263.0
7376,2023-05-03,56.22,56.24,56.35,56.22,16,4820.0,2264.0,2264.0
7377,2023-05-04,56.05,55.89,56.05,55.67,1687,4821.0,2265.0,2265.0
7378,2023-05-05,56.18,56.63,56.63,56.18,16,4822.0,2266.0,2266.0
7379,2023-05-08,56.72,56.83,56.83,56.72,142,4823.0,2267.0,2267.0
7380,2023-05-09,56.74,56.54,56.74,56.54,62,4824.0,2268.0,2268.0
7381,2023-05-10,56.71,56.71,56.71,56.71,2,4825.0,2269.0,2269.0
7382,2023-05-11,56.75,56.75,56.75,56.75,2,4826.0,2270.0,2270.0
7383,2023-05-12,56.78,56.59,56.78,56.58,10007,4827.0,2271.0,2271.0
7384,2023-05-15,56.8,56.61,56.8,56.61,3540,4828.0,2272.0,2272.0
7385,2023-05-16,56.59,56.5,56.69,56.5,2162,4829.0,2273.0,2273.0
7386,2023-05-17,56.44,56.66,56.66,56.44,1417,4830.0,2274.0,2274.0
7387,2023-05-18,56.89,57.22,57.22,56.89,290,4831.0,2275.0,2275.0
7388,2023-05-19,57.25,57.56,57.56,57.25,1231,4832.0,2276.0,2276.0
7389,2023-05-22,57.39,57.39,57.47,57.39,21244,4833.0,2277.0,2277.0
7390,2023-05-23,57.33,57.11,57.41,57.11,24685,4834.0,2278.0,2278.0
7391,2023-05-24,56.51,56.0,56.51,56.0,2680,4835.0,2279.0,2279.0
7392,2023-05-25,56.12,56.07,56.17,56.07,1852,4836.0,2280.0,2280.0
7393,2023-05-26,56.2,56.86,56.86,55.91,359,4837.0,2281.0,2281.0
7394,2023-05-29,57.08,56.64,57.08,56.64,901,4838.0,2282.0,2282.0
7395,2023-05-30,56.53,56.3,56.79,56.3,2492,4839.0,2283.0,2283.0
7396,2023-05-31,55.79,55.5,56.1,55.5,127,4840.0,2284.0,2284.0
7397,2023-06-01,56.04,55.93,56.05,55.93,0,4841.0,2285.0,2285.0
7398,2023-06-02,56.3,56.66,56.71,56.3,19130,4842.0,2286.0,2286.0
7399,2023-06-05,56.86,56.44,56.88,56.44,1090,4843.0,2287.0,2287.0
7400,2023-06-06,56.47,56.35,56.47,56.35,7472,4844.0,2288.0,2288.0
7401,2023-06-07,56.62,56.62,56.62,56.62,9,4845.0,2289.0,2289.0
7402,2023-06-08,56.43,56.62,56.62,56.43,5,4846.0,2290.0,2290.0
7403,2023-06-09,56.68,56.54,56.68,56.47,192,4847.0,2291.0,2291.0
7404,2023-06-12,56.79,56.91,56.91,56.79,8,4848.0,2292.0,2292.0
7405,2023-06-13,57.14,57.18,57.18,56.93,50,4849.0,2293.0,2293.0
7406,2023-06-14,57.21,57.29,57.29,57.21,20,4850.0,2294.0,2294.0
7407,2023-06-15,57.44,57.16,57.44,57.1,77479,4851.0,2295.0,2295.0
7408,2023-06-16,57.39,57.55,57.55,57.39,14,4852.0,2296.0,2296.0
7409,2023-06-19,57.37,57.29,57.37,57.29,3944,4853.0,2297.0,2297.0
7410,2023-06-20,56.92,57.07,57.07,56.8,6318,4854.0,2298.0,2298.0
7411,2023-06-21,56.72,56.72,56.72,56.72,0,4855.0,2299.0,2299.0
7412,2023-06-22,56.08,56.04,56.08,56.04,10,4856.0,2300.0,2300.0
7413,2023-06-23,56.03,56.03,56.03,56.03,0,4857.0,2301.0,2301.0
7414,2023-06-26,56.03,55.89,56.03,55.89,16,4858.0,2302.0,2302.0
7415,2023-06-27,56.28,55.99,56.28,55.99,8,4859.0,2303.0,2303.0
7416,2023-06-28,56.58,56.68,56.73,56.58,12,4860.0,2304.0,2304.0
7417,2023-06-29,56.86,56.92,56.92,56.86,6,4861.0,2305.0,2305.0
7418,2023-06-30,57.04,57.57,57.57,57.04,939,4862.0,2306.0,2306.0
7419,2023-07-03,57.68,57.6,57.68,57.6,2334,4863.0,2307.0,2307.0
7420,2023-07-04,57.58,57.58,57.58,57.58,0,4864.0,2308.0,2308.0
7421,2023-07-05,57.07,57.0,57.11,57.0,20,4865.0,2309.0,2309.0
7422,2023-07-06,56.44,55.46,56.44,55.45,130,4866.0,2310.0,2310.0
7423,2023-07-07,55.48,55.8,55.8,55.48,56900,4867.0,2311.0,2311.0
7424,2023-07-10,55.57,56.06,56.06,55.57,8,4868.0,2312.0,2312.0
7425,2023-07-11,56.15,56.47,56.59,56.08,48215,4869.0,2313.0,2313.0
7426,2023-07-12,56.61,56.61,56.61,56.61,0,4870.0,2314.0,2314.0
7427,2023-07-13,57.39,57.8,57.8,57.39,2696,4871.0,2315.0,2315.0
7428,2023-07-14,57.71,57.79,57.79,57.71,75,4872.0,2316.0,2316.0
7429,2023-07-17,57.4,57.39,57.6,57.21,1274,4873.0,2317.0,2317.0
7430,2023-07-18,57.29,57.29,57.29,57.29,0,4874.0,2318.0,2318.0
7431,2023-07-19,57.85,57.69,57.9,57.67,1696,4875.0,2319.0,2319.0
7432,2023-07-20,57.44,57.76,57.76,57.44,14665,4876.0,2320.0,2320.0
7433,2023-07-21,57.62,57.62,57.62,57.62,0,4877.0,2321.0,2321.0
7434,2023-07-24,57.71,57.94,57.94,57.71,13811,4878.0,2322.0,2322.0
7435,2023-07-25,57.94,57.94,57.98,57.82,14295,4879.0,2323.0,2323.0
7436,2023-07-26,57.75,57.46,57.75,57.13,12652,4880.0,2324.0,2324.0
7437,2023-07-27,57.9,58.61,58.61,57.9,188,4881.0,2325.0,2325.0
7438,2023-07-28,58.47,58.68,58.72,58.32,462,4882.0,2326.0,2326.0
7439,2023-07-31,58.61,58.78,58.78,58.61,61,4883.0,2327.0,2327.0
7440,2023-08-01,58.52,58.0,58.55,58.0,20,4884.0,2328.0,2328.0
7441,2023-08-02,57.21,57.29,57.56,57.0,460,4885.0,2329.0,2329.0
7442,2023-08-03,56.88,56.52,56.93,56.52,583,4886.0,2330.0,2330.0
7443,2023-08-04,56.92,56.98,56.99,56.92,944,4887.0,2331.0,2331.0
7444,2023-08-07,56.98,57.03,57.03,56.84,104,4888.0,2332.0,2332.0
7445,2023-08-08,56.78,56.49,56.91,56.39,3146,4889.0,2333.0,2333.0
7446,2023-08-09,57.16,57.13,57.16,57.13,13,4890.0,2334.0,2334.0
7447,2023-08-10,57.2,57.27,57.46,57.2,74,4891.0,2335.0,2335.0
7448,2023-08-11,57.27,56.95,57.27,56.89,7011,4892.0,2336.0,2336.0
7449,2023-08-14,56.87,56.98,57.08,56.87,1551,4893.0,2337.0,2337.0
7450,2023-08-15,57.08,56.47,57.08,56.47,483,4894.0,2338.0,2338.0
7451,2023-08-16,56.43,56.43,56.43,56.43,590,4895.0,2339.0,2339.0
7452,2023-08-17,56.23,55.83,56.41,55.83,6248,4896.0,2340.0,2340.0
7453,2023-08-18,55.59,55.38,55.6,55.34,333,4897.0,2341.0,2341.0
7454,2023-08-21,55.75,55.75,55.95,55.74,100,4898.0,2342.0,2342.0
7455,2023-08-22,56.08,56.08,56.08,56.08,0,4899.0,2343.0,2343.0
7456,2023-08-23,56.36,56.32,56.36,56.32,9,4900.0,2344.0,2344.0
7457,2023-08-24,56.87,55.98,56.87,55.98,265,4901.0,2345.0,2345.0
7458,2023-08-25,55.85,55.85,55.85,55.85,0,4902.0,2346.0,2346.0
7459,2023-08-28,56.45,56.73,56.73,56.41,22,4903.0,2347.0,2347.0
7460,2023-08-29,56.87,56.87,56.92,56.85,9899,4904.0,2348.0,2348.0
7461,2023-08-30,57.22,57.12,57.26,56.97,21,4905.0,2349.0,2349.0
7462,2023-08-31,57.05,57.13,57.25,57.05,10,4906.0,2350.0,2350.0
7463,2023-09-01,56.82,56.98,56.98,56.82,300,4907.0,2351.0,2351.0
7464,2023-09-04,57.0,56.82,57.05,56.82,646,4908.0,2352.0,2352.0
7465,2023-09-05,56.26,56.51,56.55,56.23,35409,4909.0,2353.0,2353.0
7466,2023-09-06,56.06,56.02,56.1,55.99,41,4910.0,2354.0,2354.0
7467,2023-09-07,55.81,55.81,55.81,55.81,2,4911.0,2355.0,2355.0
7468,2023-09-08,55.93,55.65,55.93,55.49,1643,4912.0,2356.0,2356.0
7469,2023-09-11,56.18,56.13,56.25,56.13,111,4913.0,2357.0,2357.0
7470,2023-09-12,56.23,56.23,56.23,56.23,0,4914.0,2358.0,2358.0
7471,2023-09-13,55.72,55.5,55.78,55.5,30,4915.0,2359.0,2359.0
7472,2023-09-14,55.74,56.23,56.23,55.71,1059,4916.0,2360.0,2360.0
7473,2023-09-15,56.9,56.84,56.94,56.83,253,4917.0,2361.0,2361.0
7474,2023-09-18,56.51,55.93,56.51,55.93,29,4918.0,2362.0,2362.0
7475,2023-09-19,55.89,55.91,55.91,55.89,102,4919.0,2363.0,2363.0
7476,2023-09-20,56.08,56.08,56.08,56.08,0,4920.0,2364.0,2364.0
7477,2023-09-21,56.02,55.74,56.02,55.74,1705,4921.0,2365.0,2365.0
7478,2023-09-22,55.22,55.42,55.46,55.22,18,4922.0,2366.0,2366.0
7479,2023-09-25,55.29,54.91,55.29,54.77,96,4923.0,2367.0,2367.0
7480,2023-09-26,54.61,54.6,54.61,54.6,2,4924.0,2368.0,2368.0
7481,2023-09-27,54.49,54.49,54.49,54.49,2,4925.0,2369.0,2369.0
7482,2023-09-28,54.41,54.41,54.41,54.41,0,4926.0,2370.0,2370.0
7483,2023-09-29,55.01,55.43,55.43,55.0,124,4927.0,2371.0,2371.0
7484,2023-10-02,55.14,54.43,55.15,54.27,35,4928.0,2372.0,2372.0
7485,2023-10-03,54.21,53.89,54.23,53.89,15,4929.0,2373.0,2373.0
7486,2023-10-04,53.47,53.65,53.95,53.47,292,4930.0,2374.0,2374.0
7487,2023-10-05,53.93,54.0,54.0,53.93,452,4931.0,2375.0,2375.0
7488,2023-10-06,53.95,54.12,54.12,53.95,23,4932.0,2376.0,2376.0
7489,2023-10-09,54.09,54.07,54.09,54.07,9,4933.0,2377.0,2377.0
7490,2023-10-10,54.55,55.1,55.1,54.55,506,4934.0,2378.0,2378.0
7491,2023-10-11,54.83,54.96,54.96,54.83,567,4935.0,2379.0,2379.0
7492,2023-10-12,55.29,55.33,55.33,55.29,2064,4936.0,2380.0,2380.0
7493,2023-10-13,54.87,54.49,54.87,54.49,39,4937.0,2381.0,2381.0
7494,2023-10-16,54.42,54.32,54.48,54.26,149,4938.0,2382.0,2382.0
7495,2023-10-17,54.27,54.1,54.27,54.1,40,4939.0,2383.0,2383.0
7496,2023-10-18,54.17,54.17,54.17,54.17,2,4940.0,2384.0,2384.0
7497,2023-10-19,53.57,53.43,53.59,53.29,4450,4941.0,2385.0,2385.0
7498,2023-10-20,52.85,52.7,52.89,52.7,25,4942.0,2386.0,2386.0
7499,2023-10-23,52.71,52.65,52.71,52.18,751,4943.0,2387.0,2387.0
7500,2023-10-24,52.88,53.0,53.0,52.64,3,4944.0,2388.0,2388.0
7501,2023-10-25,53.0,52.9,53.0,52.9,19,4945.0,2389.0,2389.0
7502,2023-10-26,52.57,52.9,52.9,52.57,1,4946.0,2390.0,2390.0
7503,2023-10-27,52.71,52.84,52.84,52.71,4,4947.0,2391.0,2391.0
7504,2023-10-30,52.72,52.87,52.93,52.72,215,4948.0,2392.0,2392.0
7505,2023-10-31,52.77,53.22,53.22,52.77,2000,4949.0,2393.0,2393.0
7506,2023-11-01,53.31,53.31,53.31,53.31,292,4950.0,2394.0,2394.0
7507,2023-11-02,53.97,54.68,54.68,53.97,178,4951.0,2395.0,2395.0
7508,2023-11-03,54.7,54.85,54.89,54.7,295,4952.0,2396.0,2396.0
7509,2023-11-06,54.89,54.64,54.89,54.64,110,4953.0,2397.0,2397.0
7510,2023-11-07,54.36,54.36,54.36,54.36,0,4954.0,2398.0,2398.0
7511,2023-11-08,54.2,54.2,54.2,54.2,0,4955.0,2399.0,2399.0
7512,2023-11-09,54.77,55.08,55.08,54.77,1000,4956.0,2400.0,2400.0
7513,2023-11-10,55.0,54.69,55.0,54.69,27,4957.0,2401.0,2401.0
7514,2023-11-13,55.08,55.08,55.08,55.08,0,4958.0,2402.0,2402.0
7515,2023-11-14,55.33,55.48,55.52,55.33,788,4959.0,2403.0,2403.0
7516,2023-11-15,56.32,56.46,56.53,56.32,268,4960.0,2404.0,2404.0
7517,2023-11-16,56.43,56.42,56.43,56.42,6,4961.0,2405.0,2405.0
7518,2023-11-17,56.43,56.61,56.61,56.43,64,4962.0,2406.0,2406.0
7519,2023-11-20,56.82,56.82,56.82,56.82,1,4963.0,2407.0,2407.0
7520,2023-11-21,56.81,56.63,56.81,56.63,246,4964.0,2408.0,2408.0
7521,2023-11-22,56.75,56.79,56.79,56.75,8,4965.0,2409.0,2409.0
7522,2023-11-23,56.89,56.93,56.93,56.89,125,4966.0,2410.0,2410.0
7523,2023-11-24,56.97,57.12,57.12,56.97,2149,4967.0,2411.0,2411.0
7524,2023-11-27,57.16,57.21,57.21,57.16,1128,4968.0,2412.0,2412.0
7525,2023-11-28,56.81,56.84,56.84,56.57,61,4969.0,2413.0,2413.0
7526,2023-11-29,56.92,57.23,57.23,56.92,274,4970.0,2414.0,2414.0
7527,2023-11-30,57.27,57.42,57.47,57.27,12564,4971.0,2415.0,2415.0
7528,2023-12-01,57.65,57.75,57.75,57.65,47,4972.0,2416.0,2416.0
7529,2023-12-04,57.79,57.81,57.87,57.79,444,4973.0,2417.0,2417.0
7530,2023-12-05,57.78,58.16,58.16,57.78,29,4974.0,2418.0,2418.0
7531,2023-12-06,58.33,58.69,58.69,58.33,50,4975.0,2419.0,2419.0
7532,2023-12-07,58.49,58.49,58.49,58.49,0,4976.0,2420.0,2420.0
7533,2023-12-08,58.49,58.71,58.71,58.49,789,4977.0,2421.0,2421.0
7534,2023-12-11,59.24,59.17,59.24,58.97,15946,4978.0,2422.0,2422.0
7535,2023-12-12,57.81,57.63,57.81,57.62,2969,4979.0,2423.0,2423.0
7536,2023-12-13,57.68,57.56,57.78,57.56,1799,4980.0,2424.0,2424.0
7537,2023-12-14,58.31,58.26,58.31,58.22,79,4981.0,2425.0,2425.0
7538,2023-12-15,58.17,58.08,58.17,57.98,2243,4982.0,2426.0,2426.0
7539,2023-12-18,57.85,57.91,57.91,57.79,105,4983.0,2427.0,2427.0
7540,2023-12-19,57.78,57.92,57.92,57.78,9,4984.0,2428.0,2428.0
7541,2023-12-20,58.01,57.72,58.01,57.72,3,4985.0,2429.0,2429.0
7542,2023-12-21,57.65,57.69,57.69,57.56,4,4986.0,2430.0,2430.0
7543,2023-12-22,57.64,57.75,57.76,57.64,2613,4987.0,2431.0,2431.0
7544,2023-12-27,58.0,57.96,58.0,57.96,15081,4988.0,2432.0,2432.0
7545,2023-12-28,58.04,57.76,58.04,57.76,670,4989.0,2433.0,2433.0
7546,2023-12-29,57.85,57.92,57.92,57.85,5,4990.0,2434.0,2434.0
7547,2024-01-02,58.14,57.77,58.14,57.46,503,4991.0,2435.0,2435.0
7548,2024-01-03,57.75,56.89,57.75,56.89,5039,4992.0,2436.0,2436.0
7549,2024-01-04,57.14,57.28,57.28,56.98,492,4993.0,2437.0,2437.0
7550,2024-01-05,56.87,56.74,56.87,56.66,124,4994.0,2438.0,2438.0
7551,2024-01-08,57.18,57.41,57.41,57.16,16,4995.0,2439.0,2439.0
7552,2024-01-09,57.5,57.25,57.5,57.25,136,4996.0,2440.0,2440.0
7553,2024-01-10,57.23,57.26,57.37,57.12,3511,4997.0,2441.0,2441.0
7554,2024-01-11,57.55,56.94,57.55,56.94,86808,4998.0,2442.0,2442.0
7555,2024-01-12,57.28,57.49,57.59,57.25,23519,4999.0,2443.0,2443.0
7556,2024-01-15,57.49,57.19,57.49,57.19,1739,5000.0,2444.0,2444.0
7557,2024-01-16,56.71,57.02,57.02,56.71,12670,5001.0,2445.0,2445.0
7558,2024-01-17,56.42,56.3,56.43,56.3,681,5002.0,2446.0,2446.0
7559,2024-01-18,56.64,57.05,57.05,56.58,2690,5003.0,2447.0,2447.0
7560,2024-01-19,57.34,56.98,57.34,56.87,12697,5004.0,2448.0,2448.0
7561,2024-01-22,57.52,57.45,57.52,57.32,6122,5005.0,2449.0,2449.0
7562,2024-01-23,57.6,57.37,57.6,57.3,11921,5006.0,2450.0,2450.0
7563,2024-01-24,58.04,58.3,58.3,57.84,27793,5007.0,2451.0,2451.0
7564,2024-01-25,58.21,58.45,58.47,58.17,12420,5008.0,2452.0,2452.0
7565,2024-01-26,58.66,59.04,59.1,58.59,32226,5009.0,2453.0,2453.0
7566,2024-01-29,58.99,59.0,59.0,58.82,26885,5010.0,2454.0,2454.0
7567,2024-01-30,59.14,59.24,59.26,59.14,1722,5011.0,2455.0,2455.0
7568,2024-01-31,59.25,59.18,59.37,59.18,4905,5012.0,2456.0,2456.0
7569,2024-02-01,58.82,58.78,59.13,58.78,2671,5013.0,2457.0,2457.0
7570,2024-02-02,59.23,58.98,59.27,58.98,7327,5014.0,2458.0,2458.0
7571,2024-02-05,59.04,58.88,59.04,58.86,726,5015.0,2459.0,2459.0
7572,2024-02-06,59.24,59.33,59.33,59.02,798,5016.0,2460.0,2460.0
7573,2024-02-07,59.32,59.27,59.32,59.16,6189,5017.0,2461.0,2461.0
7574,2024-02-08,59.3,59.45,59.6,59.3,12133,5018.0,2462.0,2462.0
7575,2024-02-09,59.42,59.51,59.51,59.42,58,5019.0,2463.0,2463.0
7576,2024-02-12,59.61,59.75,59.75,59.61,99,5020.0,2464.0,2464.0
7577,2024-02-13,59.64,59.15,59.64,59.14,2086,5021.0,2465.0,2465.0
7578,2024-02-14,59.21,59.39,59.39,59.21,1357,5022.0,2466.0,2466.0
7579,2024-02-15,59.74,59.88,59.95,59.74,64638,5023.0,2467.0,2467.0
7580,2024-02-16,60.15,60.08,60.24,59.97,5986,5024.0,2468.0,2468.0
7581,2024-02-19,60.0,60.1,60.1,59.93,5393,5025.0,2469.0,2469.0
7582,2024-02-20,59.96,59.97,59.97,59.93,685,5026.0,2470.0,2470.0
7583,2024-02-21,60.06,60.14,60.15,60.06,9160,5027.0,2471.0,2471.0
7584,2024-02-22,60.87,60.95,61.07,60.8,3313,5028.0,2472.0,2472.0
7585,2024-02-23,60.98,61.18,61.18,60.9,15487,5029.0,2473.0,2473.0
7586,2024-02-26,61.08,61.02,61.08,61.0,6756,5030.0,2474.0,2474.0
7587,2024-02-27,60.99,61.28,61.28,60.96,4403,5031.0,2475.0,2475.0
7588,2024-02-28,61.2,61.06,61.2,61.06,7574,5032.0,2476.0,2476.0
7589,2024-02-29,61.22,61.22,61.22,61.22,0,5033.0,2477.0,2477.0
7590,2024-03-01,61.39,61.39,61.39,61.37,3855,5034.0,2478.0,2478.0
7591,2024-03-04,61.41,61.46,61.47,61.41,8,5035.0,2479.0,2479.0
7592,2024-03-05,61.37,61.31,61.48,61.31,181,5036.0,2480.0,2480.0
7593,2024-03-06,61.33,61.56,61.64,61.33,8193,5037.0,2481.0,2481.0
7594,2024-03-07,61.35,62.23,62.23,61.35,3812,5038.0,2482.0,2482.0
7595,2024-03-08,62.22,62.09,62.22,62.09,198,5039.0,2483.0,2483.0
7596,2024-03-11,61.63,61.8,61.8,61.63,205,5040.0,2484.0,2484.0
7597,2024-03-12,62.03,62.03,62.03,62.03,0,5041.0,2485.0,2485.0
7598,2024-03-13,62.44,62.57,62.57,62.44,1,5042.0,2486.0,2486.0
7599,2024-03-14,62.75,62.3,62.8,62.23,141578,5043.0,2487.0,2487.0
7600,2024-03-15,62.32,62.35,62.62,62.32,41807,5044.0,2488.0,2488.0
7601,2024-03-18,62.37,62.3,62.37,62.3,19,5045.0,2489.0,2489.0
7602,2024-03-19,62.14,62.43,62.43,62.13,16002,5046.0,2490.0,2490.0
7603,2024-03-20,62.26,62.42,62.53,62.25,2404,5047.0,2491.0,2491.0
7604,2024-03-21,63.09,62.89,63.09,62.75,789,5048.0,2492.0,2492.0
7605,2024-03-22,62.87,62.98,63.02,62.73,82484,5049.0,2493.0,2493.0
7606,2024-03-25,63.0,62.9,63.0,62.9,1179,5050.0,2494.0,2494.0
7607,2024-03-26,63.19,63.05,63.19,63.05,8,5051.0,2495.0,2495.0
7608,2024-03-27,63.43,63.56,63.56,63.43,164,5052.0,2496.0,2496.0
7609,2024-03-28,63.72,63.6,63.75,63.6,37,5053.0,2497.0,2497.0
7610,2024-04-02,64.15,63.15,64.15,63.09,431,5054.0,2498.0,2498.0
7611,2024-04-03,63.18,63.16,63.18,63.16,111,5055.0,2499.0,2499.0
7612,2024-04-04,63.4,63.47,63.51,63.4,2465,5056.0,2500.0,2500.0
7613,2024-04-05,62.74,62.79,62.79,62.41,166123,5057.0,2501.0,2501.0
7614,2024-04-08,62.77,63.22,63.23,62.77,9434,5058.0,2502.0,2502.0
7615,2024-04-09,62.97,62.69,63.11,62.69,17203,5059.0,2503.0,2503.0
7616,2024-04-10,63.07,62.72,63.2,62.29,5714,5060.0,2504.0,2504.0
7617,2024-04-11,62.77,62.43,62.78,62.43,1021,5061.0,2505.0,2505.0
7618,2024-04-12,63.02,63.02,63.02,63.02,0,5062.0,2506.0,2506.0
7619,2024-04-15,62.68,62.92,62.92,62.68,6,5063.0,2507.0,2507.0
7620,2024-04-16,61.75,61.68,61.78,61.68,7851,5064.0,2508.0,2508.0
7621,2024-04-17,61.74,61.75,62.14,61.62,5219,5065.0,2509.0,2509.0
7622,2024-04-18,61.92,61.99,61.99,61.79,7405,5066.0,2510.0,2510.0
7623,2024-04-19,61.45,61.75,61.79,61.45,2318,5067.0,2511.0,2511.0
7624,2024-04-22,62.28,62.12,62.28,61.87,2720,5068.0,2512.0,2512.0
7625,2024-04-23,62.65,62.99,62.99,62.56,4681,5069.0,2513.0,2513.0
7626,2024-04-24,63.22,62.96,63.24,62.96,1140,5070.0,2514.0,2514.0
7627,2024-04-25,62.75,62.49,62.75,62.44,2179,5071.0,2515.0,2515.0
7628,2024-04-26,62.79,63.16,63.19,62.77,5091,5072.0,2516.0,2516.0
7629,2024-04-29,63.48,63.1,63.48,63.1,14,5073.0,2517.0,2517.0
7630,2024-04-30,63.18,62.49,63.18,62.49,132,5074.0,2518.0,2518.0
7631,2024-05-02,62.2,62.36,62.51,62.2,2699,5075.0,2519.0,2519.0
7632,2024-05-03,62.67,62.68,62.98,62.5,23776,5076.0,2520.0,2520.0
7633,2024-05-06,62.81,63.15,63.15,62.76,33,5077.0,2521.0,2521.0
7634,2024-05-07,63.51,63.81,63.84,63.27,7238,5078.0,2522.0,2522.0
7635,2024-05-08,64.01,64.1,64.1,64.01,990,5079.0,2523.0,2523.0
7636,2024-05-09,64.14,64.14,64.14,64.14,0,5080.0,2524.0,2524.0
7637,2024-05-10,64.77,64.86,64.86,64.77,20,5081.0,2525.0,2525.0
7638,2024-05-13,64.99,64.84,64.99,64.7,3176,5082.0,2526.0,2526.0
7639,2024-05-14,64.84,64.91,64.92,64.79,553,5083.0,2527.0,2527.0
7640,2024-05-15,65.09,65.34,65.34,65.02,148,5084.0,2528.0,2528.0
7641,2024-05-16,65.38,65.08,65.38,65.08,598,5085.0,2529.0,2529.0
7642,2024-05-17,65.07,65.04,65.07,64.79,1074,5086.0,2530.0,2530.0
7643,2024-05-20,65.2,65.23,65.28,65.14,15,5087.0,2531.0,2531.0
7644,2024-05-21,65.07,64.96,65.07,64.85,5548,5088.0,2532.0,2532.0
7645,2024-05-22,64.86,64.74,64.89,64.7,81159,5089.0,2533.0,2533.0
7646,2024-05-23,64.96,64.81,65.08,64.81,1294,5090.0,2534.0,2534.0
7647,2024-05-24,64.33,64.74,64.74,64.33,14407,5091.0,2535.0,2535.0
7648,2024-05-27,64.87,64.99,64.99,64.87,239,5092.0,2536.0,2536.0
7649,2024-05-28,65.32,64.74,65.32,64.74,397,5093.0,2537.0,2537.0
7650,2024-05-29,64.71,64.03,64.71,64.03,880,5094.0,2538.0,2538.0
7651,2024-05-30,63.93,64.01,64.01,63.87,1569,5095.0,2539.0,2539.0
7652,2024-05-31,64.27,64.2,64.41,64.04,121197,5096.0,2540.0,2540.0
7653,2024-06-03,64.88,64.83,64.88,64.58,98,5097.0,2541.0,2541.0
7654,2024-06-04,64.4,64.4,64.4,64.4,45,5098.0,2542.0,2542.0
7655,2024-06-05,64.37,64.89,64.89,64.37,3014,5099.0,2543.0,2543.0
7656,2024-06-06,65.21,65.28,65.33,65.08,178450,5100.0,2544.0,2544.0
7657,2024-06-07,65.28,65.04,65.28,64.63,73386,5101.0,2545.0,2545.0
7658,2024-06-10,64.3,64.54,64.54,64.17,5663,5102.0,2546.0,2546.0
7659,2024-06-11,64.74,63.85,64.74,63.59,54657,5103.0,2547.0,2547.0
7660,2024-06-12,64.03,64.19,64.19,64.03,574,5104.0,2548.0,2548.0
7661,2024-06-13,64.54,63.45,64.54,63.45,968,5105.0,2549.0,2549.0
7662,2024-06-14,63.51,62.32,63.51,62.32,5740,5106.0,2550.0,2550.0
7663,2024-06-17,62.65,62.59,62.65,62.49,29,5107.0,2551.0,2551.0
7664,2024-06-18,63.17,63.09,63.17,62.97,3102,5108.0,2552.0,2552.0
7665,2024-06-19,63.11,62.93,63.11,62.93,20,5109.0,2553.0,2553.0
7666,2024-06-20,62.97,63.61,63.61,62.97,189,5110.0,2554.0,2554.0
7667,2024-06-21,63.37,63.07,63.4,63.07,155,5111.0,2555.0,2555.0
